-0.059498
-0.024789
-0.065602
-0.087760
-0.020171
-0.042914
-0.019964
-0.046911
-0.097211
-0.136211
-0.037455
-0.074099
-0.032422
-0.074700
-0.074141
-0.052292
-0.016640
-0.030735
-0.047230
-0.027040
-0.074721
-0.068783
-0.031873
-0.103550
-0.034215
-0.076550
-0.067886
-0.084125
-0.028270
-0.040933
-0.068861
-0.035812
-0.079743
-0.058443
-0.067936
-0.063787
-0.040500
-0.048997
-0.071944
-0.103974
-0.027417
-0.047036
-0.107704
-0.063463
-0.086813
-0.011927
-0.029606
-0.049721
-0.044200
-0.091786
-0.051682
-0.064985
-0.058090
-0.016941
-0.044941
-0.034511
-0.072691
-0.085815
-0.060458
-0.088741
-0.107157
-0.058708
-0.079900
-0.069465
-0.038281
-0.034574
-0.134724
-0.086545
-0.119017
-0.078548
-0.086506
-0.088594
-0.077566
-0.004456
-0.067006
-0.010108
-0.039261
-0.077669
-0.004866
-0.056836
-0.032344
-0.048128
-0.071239
-0.082594
-0.017721
-0.044948
-0.086745
-0.070691
-0.059584
-0.038998
-0.044988
-0.093683
-0.100329
-0.080276
-0.083759
-0.069642
-0.103912
-0.027365
-0.019711
-0.048043
-0.033312
-0.058231
-0.064455
-0.019264
-0.073682
-0.018553
-0.027359
-0.083537
-0.069582
-0.018894
-0.023311
-0.087849
-0.080128
-0.078115
-0.114369
-0.044573
-0.028318
-0.047416
-0.079498
-0.073317
-0.070015
-0.066400
-0.060013
-0.105422
-0.039047
-0.048999
-0.036305
-0.069053
-0.082761
-0.039967
-0.085849
-0.042005
-0.047877
-0.052770
-0.036679
-0.035937
-0.016696
-0.080451
-0.043375
-0.081027
-0.012915
-0.054862
-0.061090
-0.081787
-0.091435
-0.076785
-0.071176
-0.033976
-0.094588
-0.051714
-0.021318
-0.061204
-0.048015
-0.072085
-0.003212
-0.095521
-0.080837
-0.074570
-0.046028
-0.041386
-0.108265
-0.095536
-0.072518
-0.032613
-0.065432
-0.094078
-0.053848
-0.086369
-0.087168
-0.098472
-0.001424
-0.038209
-0.058792
-0.045360
-0.055935
-0.101796
-0.082532
-0.063961
-0.078427
-0.080529
-0.041222
-0.072169
-0.079502
-0.022126
-0.044562
-0.078480
-0.045655
-0.036806
-0.099690
-0.064280
-0.056662
-0.090610
-0.030426
-0.033217
-0.033151
-0.032198
-0.124169
-0.067641
-0.038131
-0.083089
-0.034448
-0.067860
-0.075545
-0.093030
-0.070122
-0.036401
-0.058605
-0.066730
-0.083123
-0.055715
-0.043321
-0.050945
-0.037805
-0.121165
-0.097352
-0.047156
-0.099868
-0.029682
-0.071088
-0.004488
-0.088037
-0.016989
-0.055351
-0.051113
-0.068080
-0.088761
-0.089963
-0.047865
-0.050068
-0.105701
-0.077968
-0.098132
0.020106
-0.042425
-0.117691
-0.060648
-0.062072
-0.060125
-0.070762
-0.021613
-0.091662
-0.059661
-0.061280
-0.057155
-0.081748
-0.117256
-0.118019
0.008498
-0.069170
-0.027254
-0.040348
-0.143615
-0.062531
-0.072930
-0.042204
-0.040227
