-0.116470
-0.067494
-0.056524
-0.024437
-0.016796
-0.090281
-0.066540
-0.132409
-0.026140
-0.175210
-0.129704
-0.098336
-0.149580
-0.101458
-0.119897
-0.126498
-0.070775
-0.134574
-0.069276
-0.063743
-0.112773
-0.132748
-0.112698
-0.130109
-0.143918
-0.115550
-0.008950
-0.107321
0.020380
-0.151872
-0.104373
-0.110431
-0.130830
0.074365
-0.038310
-0.153618
0.011672
-0.120945
-0.127984
-0.077064
-0.117006
-0.030484
-0.145571
-0.116090
-0.081478
-0.127106
-0.106421
-0.027707
-0.159748
-0.077326
-0.068147
-0.132337
-0.133548
-0.004533
-0.037962
-0.097768
-0.111502
-0.133146
-0.077411
-0.126002
-0.056217
-0.120732
-0.119915
-0.023484
-0.110494
-0.083336
-0.109423
-0.023836
-0.047215
-0.108219
-0.095425
-0.041656
-0.056854
-0.134327
-0.117236
-0.080231
0.032353
-0.065176
-0.119782
-0.099311
-0.140255
-0.074526
-0.100102
-0.128968
0.017423
-0.119901
-0.135246
-0.096933
-0.092220
-0.125773
-0.036880
-0.069256
-0.134033
-0.109670
-0.083673
-0.121651
-0.030866
-0.100330
-0.075673
-0.135230
-0.108203
0.011871
-0.072804
-0.116220
-0.114096
-0.040434
-0.127979
-0.057117
-0.159459
-0.129441
-0.093737
-0.149063
-0.154041
-0.115275
-0.147206
-0.122003
-0.079263
-0.081414
-0.129262
-0.135534
-0.023196
-0.114515
-0.078364
-0.111491
-0.071153
-0.004165
-0.092286
-0.104815
-0.013667
-0.042605
-0.119644
-0.100804
-0.020705
-0.184467
-0.023252
-0.106524
-0.113029
-0.158542
-0.078933
-0.169672
-0.081813
-0.111250
-0.012719
-0.028467
-0.143817
-0.052488
-0.137108
-0.097488
-0.088968
-0.058866
-0.081592
-0.079900
-0.114858
-0.066885
-0.088801
0.002915
-0.052693
-0.145587
-0.088297
0.004247
-0.028176
-0.104545
-0.024806
-0.066412
-0.110207
-0.044680
-0.133059
-0.119622
-0.117791
-0.136179
-0.015386
-0.141165
-0.140284
-0.081607
-0.097387
-0.169391
-0.117341
-0.138484
-0.009378
-0.143086
-0.103784
-0.002059
-0.096525
-0.124731
0.002132
-0.132672
-0.067951
-0.085440
-0.072442
-0.149311
-0.028196
-0.049540
-0.015532
-0.060233
-0.118660
-0.114776
-0.129779
-0.143590
-0.126216
-0.100998
-0.095192
0.009323
-0.098858
-0.144788
-0.026898
-0.070623
-0.099612
-0.129877
-0.130850
-0.108728
-0.115469
0.038763
-0.118389
0.006238
-0.111050
-0.193358
-0.135156
0.010289
-0.005185
-0.118564
-0.118902
-0.098170
-0.011165
-0.078220
-0.062389
-0.122595
-0.080484
-0.060287
-0.056961
-0.094931
-0.112846
-0.003750
-0.016258
-0.124043
-0.060715
-0.045661
-0.164970
-0.123871
-0.037916
-0.103597
-0.135779
-0.112395
0.006130
-0.048982
-0.021849
-0.067512
-0.123229
-0.103330
-0.136092
-0.144013
-0.094620
-0.010078
-0.076750
-0.063791
-0.120994
-0.142633
