0.018673
-0.034437
0.009874
-0.003209
-0.044012
-0.035242
-0.047994
-0.018313
-0.064194
-0.028909
-0.061240
-0.023910
-0.011638
-0.022153
0.008717
-0.018954
-0.042273
-0.040380
-0.007982
-0.026862
-0.017773
-0.008862
-0.026369
-0.025484
-0.037309
-0.034325
-0.020534
-0.013429
-0.033240
-0.034295
-0.026365
-0.019831
-0.022753
-0.024425
-0.038672
-0.029488
-0.064100
-0.053681
-0.050703
-0.014683
-0.031312
-0.034565
-0.039448
-0.003777
-0.041608
-0.020675
-0.029237
-0.057475
-0.024944
-0.023840
-0.045455
-0.006141
-0.028856
-0.045297
-0.052310
-0.019917
-0.041541
-0.017172
-0.025715
-0.017164
-0.026397
-0.055535
-0.055243
-0.044886
-0.010858
-0.042585
-0.003611
-0.047431
-0.026454
-0.035142
-0.046439
-0.068287
-0.021287
-0.057058
-0.021453
-0.056992
-0.015423
-0.031888
-0.030377
-0.053547
-0.056592
-0.032041
-0.029337
-0.061402
-0.019005
-0.030194
-0.021399
-0.054970
-0.020110
-0.036780
-0.049129
-0.003524
-0.055873
-0.018032
-0.045736
-0.025098
-0.031804
-0.034539
-0.022718
-0.048201
-0.014438
0.031884
-0.042650
0.032021
-0.064274
-0.036977
-0.026338
-0.033841
-0.012976
0.045387
-0.002728
0.022154
-0.027341
-0.067282
-0.027380
-0.013712
-0.065854
0.009280
-0.039688
-0.015786
-0.030075
-0.032216
-0.061257
-0.029303
-0.012511
-0.013629
-0.013187
-0.046585
-0.014889
-0.052665
-0.041084
-0.027591
-0.041921
-0.041292
-0.041706
-0.072700
-0.026779
-0.037238
-0.052345
-0.026984
-0.051973
-0.016573
-0.033833
-0.055658
-0.009120
-0.023579
-0.026926
-0.062182
-0.044334
-0.001362
-0.062590
-0.008639
-0.015278
-0.034954
-0.027822
-0.026958
-0.026300
-0.011964
-0.008084
-0.034328
-0.015974
-0.005633
-0.043013
-0.027090
-0.012803
-0.009169
-0.038715
-0.055296
-0.001783
-0.040744
0.021269
-0.036728
-0.033421
-0.018873
-0.045423
-0.022581
-0.033278
-0.032127
-0.054971
-0.049583
-0.022118
-0.005622
-0.052462
-0.014826
-0.049888
-0.028575
-0.022123
0.026877
-0.062580
-0.017628
-0.027154
-0.008008
0.022586
-0.034793
-0.028629
-0.018123
-0.027763
-0.009306
-0.008461
-0.010904
-0.018013
-0.031631
-0.033538
-0.005973
-0.042329
-0.014028
-0.030122
-0.029777
-0.024007
-0.027374
-0.023862
-0.029195
-0.047085
-0.045726
0.001987
-0.008910
-0.010262
-0.004075
-0.049718
-0.025935
-0.052672
-0.022553
-0.016717
-0.040403
-0.040097
-0.017792
-0.045484
-0.034257
-0.004278
-0.046172
-0.013813
-0.041644
-0.016672
-0.024395
-0.027520
-0.011008
-0.030901
-0.041546
-0.012515
-0.039404
0.033963
-0.057899
-0.023704
-0.051142
-0.087475
-0.042319
-0.025122
-0.035943
-0.010277
-0.034186
0.010499
-0.045054
-0.051619
-0.032655
-0.021728
-0.069742
