-0.008485
-0.034183
-0.008879
-0.052752
-0.068264
-0.035838
-0.071961
-0.021929
-0.084280
0.016218
-0.008932
-0.013743
-0.082028
-0.029842
-0.083820
-0.039669
-0.065434
-0.031620
0.025092
-0.036923
0.012962
-0.076733
-0.051710
-0.019545
-0.044843
-0.019526
-0.028594
-0.015922
0.013145
-0.035375
-0.017838
-0.053958
-0.027195
-0.008046
-0.074252
-0.079355
-0.047758
-0.122418
-0.022711
-0.064502
-0.027262
-0.024785
-0.051555
-0.037817
-0.052190
-0.088138
-0.059784
-0.032415
-0.030683
-0.008014
-0.055808
-0.035561
-0.059074
-0.026095
-0.006648
-0.042225
0.001463
-0.094838
-0.035830
-0.028305
-0.069415
-0.001560
-0.045224
0.001149
-0.040968
-0.013453
-0.053807
-0.058870
-0.031203
-0.117451
-0.054584
-0.061509
-0.002586
-0.047686
-0.009863
-0.007755
-0.059237
-0.083538
-0.067271
-0.045500
-0.019485
-0.050702
-0.033326
-0.049495
0.006355
-0.060237
-0.045717
-0.071949
-0.066433
-0.011665
-0.063206
-0.023269
-0.025419
-0.022516
0.024966
-0.076537
0.002667
0.010488
-0.035379
-0.045405
-0.049619
-0.069686
-0.016571
-0.009835
-0.056122
-0.057701
-0.071968
-0.046426
-0.105289
-0.019626
-0.050183
-0.040821
-0.009581
-0.028026
-0.067189
-0.032194
-0.044926
-0.030100
-0.105044
-0.019457
-0.050130
-0.057957
-0.040653
-0.057688
-0.074535
-0.036190
-0.026596
-0.002342
-0.059224
-0.022481
-0.019108
-0.088074
-0.015652
-0.049698
-0.086347
-0.061344
0.002496
-0.082123
-0.111436
-0.070917
-0.030655
-0.024136
-0.067897
-0.035293
-0.023524
-0.006418
-0.076941
-0.039124
-0.034046
-0.094922
0.011864
-0.043505
-0.022848
-0.044871
-0.068995
-0.002347
-0.046650
-0.076265
-0.122131
-0.018397
-0.051558
-0.028274
-0.029568
-0.050610
-0.049625
-0.032843
-0.031789
-0.061328
-0.043437
-0.066851
-0.011143
-0.063027
-0.053729
-0.010887
-0.096782
-0.042898
-0.062025
-0.018346
-0.045091
-0.012304
-0.096412
-0.044435
-0.089300
-0.045680
-0.055030
-0.101123
-0.034227
-0.011276
-0.010363
-0.083014
-0.042263
-0.088893
-0.087721
-0.041823
-0.009345
-0.036752
-0.065100
-0.036151
-0.046100
-0.030531
-0.006178
-0.057031
-0.064103
-0.051660
-0.102073
-0.040183
-0.016057
-0.087968
-0.025593
0.012191
-0.052702
-0.061510
-0.066270
0.041339
-0.076022
-0.066192
-0.004074
-0.024574
-0.026591
-0.031782
-0.065586
-0.042378
-0.086292
-0.033654
-0.081207
-0.048592
-0.005856
-0.033963
-0.030089
-0.010451
-0.004582
-0.061440
-0.108321
-0.019976
-0.001187
-0.065175
-0.019308
-0.034758
-0.036103
-0.098366
-0.046557
-0.091457
-0.046207
-0.000207
-0.102481
-0.041658
-0.013050
-0.028598
-0.090947
0.025234
-0.043983
-0.025603
-0.090360
-0.061503
-0.020558
-0.000545
