-0.076653
-0.104933
-0.120628
-0.121085
-0.156867
-0.133022
-0.111823
-0.005212
-0.075418
-0.097142
-0.086193
-0.013967
-0.111149
-0.057569
-0.078989
-0.050957
-0.013687
0.010309
-0.028670
-0.034341
-0.098322
-0.092881
-0.130688
-0.057857
-0.042273
-0.070266
0.031221
-0.071980
-0.039777
-0.109705
-0.133963
-0.103459
-0.123449
-0.128333
-0.079985
-0.060931
-0.157858
-0.086686
-0.115517
-0.160074
-0.151684
-0.058874
-0.000221
0.020835
-0.080952
-0.055889
-0.128549
-0.107746
-0.194666
-0.125591
-0.124550
-0.074912
-0.084999
-0.028313
-0.096497
-0.020884
-0.034607
-0.081487
-0.021873
-0.089484
-0.105233
-0.099759
-0.008756
-0.091377
-0.082986
0.024225
-0.046400
-0.154855
-0.116861
-0.129157
-0.068036
-0.060165
-0.046545
-0.082268
-0.097653
0.017576
-0.096869
-0.080115
-0.051089
-0.032126
-0.020894
-0.081243
-0.035152
-0.117149
-0.096408
0.000097
-0.085665
-0.060982
-0.085596
-0.097994
-0.091691
-0.118170
-0.123560
-0.094996
-0.093234
-0.098145
-0.093506
-0.091980
-0.030935
-0.122066
-0.012891
-0.057476
-0.016267
-0.091162
-0.028979
-0.121668
-0.111845
-0.040917
-0.130377
-0.142917
-0.057704
-0.056887
-0.098984
-0.014384
-0.054583
-0.009152
-0.137859
-0.107612
-0.032144
-0.106729
-0.110978
0.006162
-0.151773
-0.085875
-0.157820
-0.126535
-0.143465
-0.097774
-0.080764
-0.118925
-0.059088
-0.021950
-0.060123
-0.188204
-0.091970
-0.053302
0.002527
-0.101392
-0.133679
-0.123833
-0.076218
-0.074223
-0.154412
-0.135498
-0.150991
-0.101997
-0.075336
-0.088433
0.043308
-0.041594
-0.010912
-0.038605
-0.195142
-0.081016
-0.125157
0.002054
-0.116998
-0.016887
-0.111559
-0.143269
-0.115105
-0.132210
-0.138985
-0.044302
-0.128652
-0.113187
-0.139357
-0.069725
-0.093960
-0.080824
0.033302
-0.141276
-0.006566
-0.148735
-0.069154
-0.087791
-0.049328
-0.137106
-0.059712
-0.124344
0.037673
-0.072079
-0.044218
-0.028501
-0.087804
-0.045373
-0.095553
-0.088364
-0.056001
-0.103151
0.019634
-0.101241
-0.133654
-0.172041
-0.085154
-0.088059
0.016430
-0.110336
-0.041514
-0.145982
-0.118587
-0.028344
-0.098058
-0.057595
-0.093139
-0.041380
-0.122740
-0.088321
-0.135779
-0.150338
-0.143297
-0.115148
-0.059059
-0.056729
-0.129769
-0.003787
-0.150239
-0.083667
-0.058774
0.023718
-0.108047
-0.078190
-0.110208
-0.093902
-0.084541
-0.103607
-0.087324
-0.027982
-0.101935
-0.096235
-0.070380
-0.090396
-0.119577
-0.074561
-0.075271
-0.059779
-0.101603
0.013008
-0.093043
-0.117964
-0.110130
-0.037347
-0.094038
-0.063665
-0.002269
-0.073940
-0.079130
-0.128912
-0.090627
-0.102638
-0.061896
-0.089259
-0.075546
-0.118444
-0.066310
-0.078959
