-0.008121
-0.019312
-0.014987
-0.054903
-0.014365
-0.022280
-0.036741
0.008553
-0.019659
-0.076324
-0.092180
-0.055827
0.014918
-0.117361
-0.078406
-0.032320
-0.048410
0.010956
0.023673
-0.001401
0.025771
0.034117
0.018806
-0.045576
-0.119317
-0.010111
-0.027307
-0.006573
-0.028351
-0.051314
-0.034364
-0.076890
-0.029898
-0.044760
-0.017328
-0.024272
-0.082494
0.045186
-0.033993
-0.048869
0.033044
-0.035965
-0.035543
-0.041351
0.009337
-0.024304
-0.047603
0.018314
-0.058425
-0.042891
-0.100348
-0.015541
-0.039362
-0.034446
-0.018461
-0.035687
-0.058905
0.053953
-0.042249
-0.012869
-0.029319
-0.072784
0.035321
-0.050903
-0.058723
-0.039034
-0.050127
-0.108833
-0.033199
-0.032960
0.019236
-0.038588
-0.050536
-0.044084
-0.048330
-0.050839
-0.004152
-0.022327
-0.015598
-0.030252
-0.027246
-0.015989
-0.096239
-0.022974
-0.032504
-0.066070
-0.023095
-0.031129
0.007607
-0.011552
-0.040304
0.036969
-0.030192
-0.033702
-0.010157
-0.103504
-0.018307
0.012499
-0.031359
-0.045976
-0.067407
-0.026906
-0.021945
-0.021006
-0.035168
-0.026152
-0.052863
-0.037792
-0.014991
-0.029965
-0.079601
-0.068415
0.042039
-0.034282
-0.016899
-0.068290
-0.069627
-0.031938
0.002550
-0.082866
-0.031146
-0.014624
-0.008694
-0.029360
-0.089494
0.013685
0.049595
-0.049258
-0.025152
-0.031504
-0.064807
-0.009117
0.006483
-0.013660
-0.040507
-0.048434
0.057936
-0.026060
-0.036866
0.021754
-0.046553
-0.044191
-0.041766
-0.029157
-0.037696
-0.041899
-0.091303
0.028227
-0.042523
0.038276
-0.026973
-0.017921
0.041251
0.059581
0.016002
-0.023164
-0.033342
-0.077965
-0.016350
-0.063290
-0.030633
-0.056590
-0.058528
-0.019479
-0.020124
-0.046092
-0.012987
-0.042137
-0.038751
0.072853
0.026094
-0.071019
-0.036585
-0.050951
-0.055232
-0.028705
-0.027235
-0.001812
-0.070516
-0.067721
-0.020705
-0.010369
-0.031202
-0.065797
0.034494
0.028590
-0.080656
0.048121
0.008157
-0.010897
-0.040638
0.018530
-0.081055
0.016272
-0.038381
-0.018717
-0.050554
-0.038924
-0.069665
-0.044654
-0.072989
-0.041227
-0.029486
-0.011425
-0.116352
-0.039137
0.013152
-0.070906
-0.111856
-0.016400
-0.064173
0.008347
0.006546
-0.067143
-0.013191
0.034570
-0.009213
-0.056833
-0.047879
0.045559
-0.042534
-0.026834
-0.030628
-0.050858
0.044287
-0.046763
-0.034040
-0.041867
-0.001887
0.028767
-0.046861
-0.012053
-0.051757
-0.040161
-0.034146
-0.033895
-0.065603
0.010061
-0.029413
-0.061879
0.042677
-0.036985
-0.014744
-0.033201
-0.024124
-0.015764
-0.063871
0.008583
0.007244
-0.012218
-0.039508
-0.069370
-0.030590
-0.013926
-0.043463
-0.108419
-0.093773
-0.020312
-0.033333
-0.044170
-0.041547
-0.020790
-0.032106
0.051423
0.020002
-0.023019
-0.011050
-0.027538
-0.014043
-0.030176
-0.071131
-0.009845
-0.032296
-0.039743
-0.042946
0.026637
-0.029142
0.007091
-0.033001
-0.087663
-0.025977
-0.004393
-0.068520
-0.032345
-0.024309
-0.032233
-0.052835
0.025122
-0.017692
-0.021477
0.037082
-0.031574
-0.013853
-0.025742
-0.055294
-0.045140
0.004395
-0.120288
-0.017070
0.050246
0.034662
0.025847
-0.034546
-0.096968
-0.043618
-0.051011
-0.035373
-0.016747
-0.038710
-0.037343
-0.027180
0.032990
-0.022895
-0.049811
-0.040074
-0.050555
-0.044991
0.012336
-0.052678
0.012483
-0.106535
-0.015363
-0.001490
-0.031394
-0.050772
-0.049095
-0.162696
-0.059415
-0.026798
-0.025161
-0.083838
0.013570
-0.069080
-0.017274
-0.008339
-0.024908
0.037237
0.023689
0.000954
-0.103742
-0.033702
-0.010583
-0.021436
-0.021276
-0.097988
-0.092817
-0.030263
-0.010526
-0.051523
-0.053028
-0.044590
0.029316
-0.075189
0.022293
-0.003832
-0.036789
-0.030215
0.041105
-0.050966
0.038253
-0.068019
-0.018787
-0.016087
-0.022395
-0.065996
0.022476
-0.058830
0.038894
-0.086892
0.033250
0.023003
-0.092711
-0.090112
-0.089476
-0.022682
-0.032810
-0.014876
0.042865
-0.022440
-0.044075
0.003440
0.028834
-0.076354
0.052510
-0.042551
-0.001358
-0.077463
-0.042682
0.053144
-0.028030
-0.054924
-0.022331
-0.039325
-0.023899
-0.069126
-0.053482
-0.036688
0.002609
-0.025097
-0.067536
-0.065135
0.048452
-0.072588
-0.080377
-0.019570
-0.043194
-0.009764
-0.070565
-0.010670
-0.027790
-0.070977
-0.016007
0.044956
-0.041963
-0.009469
-0.034015
-0.029461
-0.039773
-0.105585
-0.025812
-0.075530
-0.019199
-0.008974
-0.056041
0.032649
-0.082259
-0.076284
0.020246
-0.018011
0.018111
0.016555
0.044113
0.047489
-0.026101
-0.034174
-0.084697
0.025134
0.042664
-0.065203
-0.045287
-0.009197
-0.016367
-0.000089
-0.036760
0.025550
0.011372
-0.022431
-0.028942
-0.089828
-0.078881
-0.083738
-0.020911
-0.011706
-0.034799
-0.008413
-0.011317
-0.030239
0.021779
-0.048324
-0.080411
-0.069905
-0.008928
0.013564
0.016279
-0.036293
-0.044666
0.035236
0.006640
0.022135
-0.030144
-0.050954
-0.019197
-0.050706
-0.047384
-0.022438
-0.029884
-0.027347
-0.061523
0.000359
0.027693
-0.020777
0.037366
-0.056309
-0.013229
-0.014897
-0.011169
-0.060837
-0.035061
-0.048124
-0.027393
-0.042100
-0.032467
-0.043543
-0.024629
-0.059611
-0.098946
-0.031565
-0.052178
-0.044288
-0.070300
0.030682
-0.030716
-0.084043
-0.105071
-0.078370
-0.028028
-0.031270
-0.020738
-0.040257
-0.050543
-0.051797
-0.064382
