-0.187930
-0.054569
-0.236010
-0.148063
-0.179342
-0.171008
-0.187143
-0.195720
-0.083197
-0.162491
-0.146695
-0.058862
-0.024977
-0.157547
-0.115921
-0.130610
-0.105303
-0.175342
-0.136271
-0.098341
-0.178045
-0.092275
-0.182961
-0.104373
-0.027500
-0.183161
-0.104024
-0.108787
-0.175938
-0.005776
-0.131724
-0.024168
-0.105869
-0.055552
-0.169427
-0.141370
-0.036889
-0.132549
-0.012014
-0.223820
-0.175464
-0.074462
-0.133691
-0.170836
-0.016745
-0.162997
-0.140751
-0.056035
-0.173864
-0.075243
-0.000506
-0.127218
-0.014753
-0.051047
-0.149379
-0.040146
-0.124136
-0.114350
-0.101410
-0.174755
-0.149538
-0.072404
-0.124587
-0.154020
-0.124752
-0.119028
-0.148747
-0.176094
-0.170550
-0.032666
-0.066678
-0.062373
-0.028154
-0.029288
-0.068406
-0.106600
-0.076545
-0.133789
-0.089146
-0.157724
-0.095164
-0.121023
-0.154608
0.006955
-0.108335
-0.140458
-0.093013
0.026986
-0.010969
-0.179219
-0.130742
-0.016101
-0.155906
-0.119088
-0.038952
-0.137596
-0.169219
-0.159568
-0.219015
-0.247885
-0.078990
-0.195773
-0.159751
-0.060407
-0.028881
-0.175216
-0.075034
-0.060086
-0.095292
-0.000272
-0.117373
-0.128240
-0.179831
-0.191679
-0.114899
-0.151003
-0.084206
-0.024862
-0.141579
-0.107737
-0.156744
-0.076931
-0.123973
-0.124719
0.016076
-0.014147
-0.106332
-0.181423
-0.107438
-0.162847
-0.104162
-0.125024
-0.023614
-0.121407
-0.062941
-0.001378
0.008844
-0.111755
-0.104126
-0.178527
-0.232867
0.001213
-0.001667
-0.118546
-0.048349
-0.067302
-0.003642
-0.038710
-0.214173
-0.168066
-0.113570
-0.045245
-0.149489
-0.144016
-0.091534
-0.007279
-0.175805
-0.110238
-0.090273
-0.043262
-0.110171
-0.045940
-0.054570
-0.064546
-0.165763
-0.183897
-0.104414
-0.159111
-0.021435
-0.140033
-0.223498
-0.149682
-0.140819
-0.001903
-0.061102
-0.131306
-0.153650
-0.177789
-0.067011
-0.195630
-0.061793
-0.045821
-0.073452
-0.185020
-0.146842
-0.154234
-0.089794
-0.036380
-0.166357
-0.186685
-0.064421
-0.032058
-0.101056
-0.111751
-0.117807
-0.072684
-0.141833
-0.182074
0.027140
-0.067106
-0.020225
-0.019208
-0.138668
-0.147132
-0.124906
-0.167481
-0.127037
-0.076415
-0.135001
-0.120060
-0.121951
-0.112029
-0.138955
-0.048650
-0.182067
-0.172150
-0.219609
-0.216122
-0.187900
-0.028350
-0.116647
-0.129443
-0.017811
0.005505
-0.006211
-0.014588
-0.094009
0.011733
-0.092593
-0.130243
-0.144200
-0.155467
-0.027430
-0.156614
-0.133253
-0.169165
-0.014924
-0.050425
-0.132952
-0.151694
-0.067388
-0.149212
-0.097643
-0.127455
-0.070250
-0.253325
-0.157590
-0.142134
-0.087405
-0.170073
-0.119818
-0.230115
-0.139090
-0.106066
-0.103533
-0.157715
-0.187378
-0.064443
-0.130821
-0.052015
-0.161392
-0.080871
-0.077521
-0.218386
-0.023343
-0.009096
-0.191721
-0.012287
-0.096498
-0.135876
-0.108208
-0.169749
-0.156183
-0.009219
-0.084361
-0.039298
-0.002427
-0.108072
-0.026040
-0.124133
-0.052384
0.007950
-0.189614
-0.172725
-0.170663
-0.083729
-0.177512
-0.050436
-0.080167
-0.124338
-0.024451
-0.098593
-0.072274
-0.044872
-0.170854
-0.046141
-0.136398
-0.177311
-0.174009
-0.030898
-0.104140
-0.162683
-0.002977
-0.119684
-0.000525
-0.097098
-0.026601
-0.154261
-0.025354
-0.067808
-0.145395
-0.227586
-0.027383
-0.107425
-0.002993
-0.080943
-0.173494
-0.196623
-0.136660
-0.074595
-0.148262
-0.000201
-0.140622
-0.114755
-0.032390
-0.134181
-0.141747
-0.043380
-0.204875
-0.040132
-0.150366
-0.121132
-0.020330
-0.147195
-0.010191
-0.167357
-0.173445
-0.058779
-0.126134
0.017766
-0.106578
-0.011145
0.026130
-0.162662
-0.185259
-0.091079
-0.168455
-0.151296
-0.189709
-0.004575
-0.078721
-0.150398
-0.031745
-0.023172
-0.174242
-0.038613
-0.179921
-0.153527
-0.121387
-0.112427
-0.162397
-0.021230
-0.108396
-0.033324
-0.126137
-0.080071
-0.047792
-0.233377
-0.025181
0.002038
-0.132900
-0.185918
-0.165498
-0.198570
-0.165643
-0.181716
-0.148502
-0.119923
-0.093977
-0.142747
-0.099471
-0.145247
-0.028864
-0.041037
-0.088100
-0.101529
-0.062989
-0.038587
-0.046735
-0.194026
-0.115216
-0.074726
-0.162236
-0.186570
-0.149640
-0.181929
-0.008568
-0.075828
-0.146238
-0.011395
-0.158963
-0.018127
-0.149537
-0.103031
-0.179430
-0.215606
-0.142301
-0.082567
-0.169192
-0.046460
-0.149461
-0.056384
-0.164390
-0.189354
-0.159447
-0.016117
-0.174695
-0.045170
-0.121234
-0.190901
-0.229032
-0.121234
-0.012755
0.003004
-0.125359
-0.057830
-0.148397
-0.016800
-0.124208
-0.104838
-0.082121
-0.159820
-0.070187
-0.160260
-0.076921
-0.127242
-0.069094
-0.036210
-0.116094
-0.017725
-0.099431
-0.134586
-0.152483
-0.166266
-0.134471
0.011566
-0.223650
-0.083688
-0.113874
-0.180286
-0.068669
-0.011137
-0.197270
-0.075966
-0.021318
-0.043095
0.006634
-0.079482
-0.059025
-0.008762
-0.085241
-0.137674
-0.053972
-0.005037
-0.167420
-0.078693
-0.218874
-0.102206
-0.098235
-0.030437
-0.131596
-0.026462
-0.165920
-0.187996
-0.198844
-0.105391
-0.135857
-0.106440
-0.114557
-0.153985
-0.140430
-0.006908
-0.138121
-0.174115
-0.192793
-0.127031
-0.193941
-0.187699
-0.054518
-0.082153
-0.138138
-0.012759
-0.135590
-0.096524
-0.189397
-0.179682
-0.024697
-0.133935
0.002710
-0.140624
-0.035668
-0.038015
-0.179085
-0.080152
-0.074557
-0.085173
-0.042366
-0.058974
-0.078433
-0.123871
-0.074760
-0.080941
