-0.084957
-0.152841
-0.172016
-0.114788
-0.002704
-0.143397
-0.055409
-0.019472
-0.085299
-0.113703
-0.104040
-0.081888
-0.074259
-0.100584
-0.099188
-0.114296
-0.091657
-0.111908
-0.102449
-0.029289
-0.125913
-0.121773
-0.075043
-0.140629
-0.102574
-0.158969
-0.145106
-0.044877
-0.119331
-0.006708
-0.060001
-0.112755
-0.115628
-0.068477
-0.157837
-0.076877
-0.011050
-0.076191
-0.127854
-0.123450
-0.023152
-0.126530
-0.125167
-0.094638
-0.075890
-0.121753
-0.013563
-0.125771
-0.118205
-0.004817
-0.096154
-0.119667
-0.142026
-0.145833
-0.104667
-0.042415
-0.143539
-0.120362
-0.134300
-0.128300
-0.088194
-0.102890
-0.121394
-0.095479
-0.128376
-0.126912
-0.075012
-0.038633
-0.074020
-0.095178
-0.027201
-0.098623
-0.082162
-0.058563
-0.016803
-0.100497
-0.089528
-0.014790
-0.151607
-0.137359
-0.073656
-0.111469
-0.076579
-0.114497
-0.095778
-0.113286
-0.115983
-0.131724
-0.125436
-0.136125
-0.142250
-0.131301
-0.163978
-0.151428
-0.008686
-0.147639
-0.105311
-0.104186
-0.055088
-0.123220
-0.106327
-0.140335
-0.095319
-0.097145
-0.067143
-0.102177
-0.105803
-0.149779
-0.116609
-0.150577
-0.091423
-0.096729
-0.151925
-0.096436
-0.001219
-0.069752
-0.028798
-0.110519
-0.059337
-0.086435
-0.021108
-0.122175
-0.082154
-0.102615
-0.112191
-0.147610
-0.109995
-0.076274
-0.106517
-0.034305
-0.008503
-0.082839
-0.017542
-0.097713
-0.042068
-0.082349
-0.126136
-0.157958
-0.130268
-0.006829
-0.140544
-0.014649
-0.121858
-0.013510
-0.117251
-0.111845
-0.118513
-0.152231
-0.120260
-0.072114
-0.085403
-0.147808
-0.138007
-0.130139
-0.144360
-0.150080
-0.098670
-0.084696
-0.114651
-0.030445
-0.120894
-0.143956
-0.014409
-0.095707
-0.113198
-0.100429
-0.133108
-0.034977
-0.096811
-0.078818
-0.140012
-0.000681
-0.079202
-0.101207
-0.008165
-0.077875
-0.152332
-0.130498
-0.096980
-0.100677
-0.093526
-0.132919
-0.053649
-0.128994
-0.116894
-0.115658
-0.059631
-0.089655
-0.188308
-0.121248
-0.047127
-0.095713
-0.107994
-0.099649
-0.112648
-0.131202
-0.147306
-0.098261
-0.037161
-0.154685
-0.140232
-0.015979
-0.078710
-0.125463
-0.119665
-0.114555
-0.079997
-0.061600
-0.133174
-0.082869
-0.127225
-0.122596
-0.121906
-0.168357
-0.109685
-0.041827
-0.082676
-0.093674
-0.088982
-0.137438
-0.083220
-0.067758
-0.142080
-0.062549
-0.012225
-0.156090
-0.049275
-0.118468
-0.116271
-0.115457
-0.157873
-0.109338
-0.140058
-0.111972
-0.130341
-0.164633
-0.070525
-0.019636
-0.110059
-0.072048
-0.107626
-0.126845
-0.068916
-0.144937
-0.101823
-0.144472
-0.132406
-0.096254
-0.122637
-0.012252
-0.059271
-0.123420
-0.138851
-0.140414
-0.058895
-0.073097
