-0.016962
-0.022027
-0.062917
-0.091731
-0.030020
-0.021642
-0.019624
-0.034592
-0.047448
-0.039983
-0.072547
-0.007558
-0.002785
-0.027506
-0.035198
-0.024096
-0.001269
-0.026076
-0.020917
-0.037888
-0.016053
-0.052162
-0.026784
-0.030498
-0.058236
-0.049317
-0.076117
-0.006831
-0.061138
-0.065192
-0.042691
-0.039292
-0.045750
-0.050226
-0.018414
-0.024400
-0.003244
-0.067318
-0.024734
-0.024126
-0.021586
-0.059812
-0.026262
-0.028319
-0.061913
-0.052675
-0.039545
-0.012513
-0.063388
-0.055972
-0.023925
-0.050811
-0.036033
-0.013018
-0.077176
-0.013315
-0.081872
0.018828
-0.008488
-0.053311
-0.009603
-0.022815
-0.030421
-0.034893
-0.068667
-0.051932
-0.046208
0.001923
-0.048493
-0.020468
-0.025021
-0.054135
-0.074650
-0.048937
-0.028273
-0.029071
-0.034629
-0.002642
-0.045814
-0.043091
-0.043665
-0.045380
0.008198
-0.031007
-0.041036
-0.024143
-0.044290
-0.019406
-0.053141
-0.048573
-0.020585
-0.050082
-0.049338
0.001891
-0.035438
-0.039651
-0.029895
-0.030324
-0.031765
-0.025343
-0.020871
-0.040345
-0.021925
0.011379
-0.023334
-0.012442
-0.028602
-0.008046
0.004082
-0.026045
-0.034625
-0.035424
-0.048272
0.014979
-0.056507
-0.028251
-0.021149
-0.022451
-0.040486
-0.027988
-0.004833
-0.058990
-0.017010
-0.021724
-0.014731
-0.037956
-0.036428
0.000281
-0.080173
-0.034905
-0.052557
-0.041076
-0.065598
-0.068022
-0.028328
-0.042208
0.032378
-0.039105
-0.009714
-0.040956
-0.063213
-0.006781
-0.009623
-0.052742
-0.005325
0.008806
-0.032706
-0.065454
-0.023284
-0.050097
-0.012793
-0.015788
-0.069642
-0.020766
-0.032827
-0.031060
-0.063540
-0.026078
-0.030263
-0.039774
-0.026650
-0.045440
-0.064729
-0.025574
-0.029299
-0.036472
-0.032533
-0.027279
-0.034471
-0.010948
-0.017575
-0.042150
-0.033222
-0.031091
-0.032565
-0.018415
-0.034766
-0.023617
-0.013444
-0.036737
-0.044776
-0.030329
-0.026129
-0.064800
0.003241
-0.014231
-0.010890
-0.030014
-0.027233
-0.017687
-0.036539
-0.029778
-0.014788
-0.076869
0.005444
-0.023337
-0.050975
-0.022524
-0.050928
-0.060906
-0.048392
-0.024748
-0.034414
-0.017834
-0.021971
-0.015117
-0.001973
-0.102474
-0.051101
-0.031978
-0.013047
-0.018598
-0.075095
-0.031860
0.002817
-0.061800
-0.041728
-0.040896
-0.005025
-0.019002
-0.062633
-0.041575
-0.037341
-0.051135
-0.038336
-0.008272
-0.056869
-0.015731
-0.033521
-0.023219
-0.036787
-0.034687
-0.031230
-0.024332
-0.027207
-0.028765
-0.043644
-0.035212
-0.013735
-0.045165
-0.003003
-0.042664
-0.036377
-0.002658
-0.034514
-0.029989
-0.031035
-0.058845
-0.010604
-0.022506
-0.039561
-0.064943
-0.082982
-0.029800
-0.027503
-0.015256
