-0.037972
-0.045084
-0.047797
-0.039655
0.000102
-0.109887
-0.008988
-0.058655
-0.037533
0.003741
-0.008234
-0.045040
-0.044448
-0.042739
-0.082328
-0.019986
-0.029915
-0.078395
-0.038366
-0.022003
-0.035172
-0.053934
-0.034207
-0.036512
-0.092258
0.006857
-0.093784
-0.015921
-0.072903
-0.030508
-0.026739
-0.011419
-0.014144
-0.037742
-0.022913
-0.047388
-0.039244
-0.046887
-0.003826
-0.028078
-0.069442
-0.048182
-0.036706
-0.025320
-0.007590
-0.040763
-0.030126
-0.089621
0.005560
-0.033235
-0.004828
-0.064991
0.008885
-0.032362
-0.015698
-0.042535
0.017164
-0.063909
-0.074362
-0.041809
-0.066361
0.036514
-0.036786
-0.067153
-0.061046
-0.036827
-0.043324
-0.059910
-0.019752
-0.027739
-0.027295
-0.026916
-0.053600
-0.020033
-0.023160
-0.022899
-0.042087
-0.005648
-0.099164
-0.055542
-0.007161
-0.005907
-0.064930
-0.032128
-0.019297
-0.020770
-0.056242
-0.035963
0.001304
-0.071763
-0.041414
-0.054676
-0.012482
-0.006662
-0.043487
-0.060741
-0.000209
-0.029217
0.007498
-0.096667
-0.051914
-0.024784
-0.058215
-0.032519
-0.059708
-0.040398
-0.057620
-0.025310
-0.052402
-0.065955
-0.027047
-0.035754
-0.076425
-0.028877
0.005331
-0.063033
-0.048187
-0.015398
-0.018631
-0.094980
-0.000552
-0.021970
0.023333
-0.054275
-0.055557
-0.036834
0.009803
-0.044615
-0.013062
-0.077070
-0.081058
-0.033180
-0.047067
-0.004414
-0.101744
-0.049214
-0.058174
-0.017835
-0.037836
-0.053418
-0.002325
-0.029729
-0.028821
-0.020080
-0.046755
-0.040504
-0.022635
-0.021601
-0.054726
-0.009859
-0.030847
-0.041436
0.004961
-0.043865
-0.036582
-0.026802
-0.053660
-0.004621
-0.009806
-0.075833
-0.006294
-0.058231
-0.063895
-0.021756
0.002409
-0.027083
-0.042976
-0.035115
-0.076781
-0.022431
-0.004266
-0.091260
-0.030399
-0.103895
-0.039717
-0.010026
-0.037905
-0.062883
0.039022
-0.073824
-0.052581
-0.021712
-0.017323
-0.037667
0.000460
-0.086871
-0.087345
-0.051634
-0.030605
-0.030997
-0.027658
-0.040131
-0.047296
-0.026017
-0.030652
-0.048189
-0.078544
-0.033581
-0.069576
-0.024130
-0.058928
-0.041915
-0.070683
-0.072344
-0.024342
-0.052001
-0.075047
-0.011560
-0.071299
-0.037610
-0.054871
-0.029669
-0.032843
0.023617
-0.030896
-0.002659
-0.020308
-0.077792
-0.007368
0.004878
-0.014723
-0.021561
-0.005756
-0.023701
-0.073784
-0.030848
-0.000690
-0.042146
-0.052975
-0.044260
-0.024186
-0.049171
0.012424
-0.038757
-0.006664
-0.070188
-0.049237
-0.100397
-0.027920
-0.014214
-0.054630
-0.032829
0.011916
-0.094349
-0.121715
-0.018801
-0.082544
-0.038581
-0.025804
-0.025263
-0.055736
-0.037880
-0.031044
-0.055903
-0.056763
-0.071938
