-0.007464
0.014195
-0.072663
-0.067530
-0.037596
-0.081113
0.032523
-0.027378
-0.015523
-0.026879
0.006499
-0.086443
-0.083416
-0.022857
-0.076804
-0.049663
-0.028543
-0.053726
-0.019621
-0.020458
-0.012601
-0.031004
-0.030666
-0.069914
-0.017883
-0.050983
-0.076781
-0.024328
-0.069623
-0.038081
-0.030964
-0.017455
-0.047113
-0.056261
-0.027967
-0.054010
-0.046971
-0.029343
-0.042368
-0.048919
-0.047565
-0.051280
-0.005778
0.010593
-0.007450
-0.038147
-0.024946
-0.042862
-0.099703
-0.093752
-0.006047
-0.078545
-0.070370
-0.030413
-0.026570
-0.105159
-0.047299
-0.029091
-0.045314
-0.016462
-0.102147
-0.019279
-0.105535
-0.041613
-0.023032
-0.059328
-0.010039
-0.037010
-0.035881
-0.046564
-0.021093
-0.027456
-0.044883
-0.074345
-0.004414
-0.108772
-0.018901
-0.073507
-0.057127
-0.024942
-0.042599
-0.050539
-0.044172
-0.043004
-0.029076
-0.069637
-0.004148
-0.042068
-0.029330
-0.064915
-0.035063
-0.014406
-0.029369
0.000506
-0.040396
-0.028683
0.012451
-0.048636
-0.046884
-0.062322
-0.050938
-0.038637
0.031184
-0.047502
-0.014848
-0.026153
-0.023997
-0.048818
-0.028628
-0.046397
0.034121
-0.074338
-0.020595
-0.063531
-0.016178
-0.045170
-0.043931
-0.016589
-0.020681
-0.079391
-0.042196
-0.026566
0.001940
-0.033541
0.012652
-0.032604
-0.062892
-0.047410
-0.025997
-0.048228
-0.017286
-0.000819
-0.034725
-0.008177
-0.042855
-0.074580
-0.093797
-0.027085
-0.024183
-0.027863
0.004555
-0.037321
-0.082542
-0.068526
-0.066672
-0.040096
-0.047329
-0.020400
-0.071226
-0.043763
-0.024019
-0.071818
-0.010938
0.018400
-0.047770
-0.061490
-0.037462
-0.073458
-0.099049
-0.022717
-0.029131
-0.031732
-0.023468
-0.036444
-0.028925
-0.026647
-0.048310
-0.051929
-0.026966
-0.012780
-0.023095
-0.055984
-0.052179
-0.008997
-0.028060
0.016232
-0.036355
-0.041764
-0.089389
-0.035625
-0.059990
-0.025325
-0.014579
-0.042959
-0.024469
-0.050908
-0.053708
-0.028961
-0.051824
-0.047250
-0.120130
-0.079492
-0.040317
-0.035559
-0.076718
-0.058452
-0.068377
-0.054109
-0.098955
-0.059960
-0.028211
0.016811
-0.020972
-0.036825
-0.040286
-0.098241
0.018271
-0.052176
-0.063496
-0.016344
0.004073
-0.016240
-0.084227
-0.038558
-0.020842
-0.070702
-0.029821
-0.059652
-0.097094
-0.041474
-0.008626
-0.041315
-0.029381
-0.065003
-0.074915
-0.016442
-0.026772
-0.001986
-0.090376
-0.007031
-0.058934
-0.040103
-0.056061
-0.027732
-0.022728
0.005994
-0.017900
-0.036392
-0.033357
-0.057585
-0.009721
-0.034644
-0.054157
-0.035114
-0.023853
-0.015026
-0.080036
-0.012254
-0.067440
-0.032805
-0.062157
-0.031835
-0.023970
-0.049167
-0.055945
-0.012886
