-0.102319
-0.010726
-0.047379
-0.033406
0.041276
-0.130418
0.003389
-0.061783
0.003819
-0.065821
-0.074718
-0.016149
-0.023535
-0.046088
-0.017445
0.005121
-0.044293
0.004623
0.029022
-0.002655
-0.049649
-0.016901
-0.103678
-0.020398
0.026752
-0.010922
-0.019858
-0.059081
-0.055116
-0.019551
-0.079439
0.013828
-0.005128
-0.083735
-0.064776
-0.021520
-0.020616
-0.031699
-0.035957
-0.024247
-0.030901
-0.024199
-0.052151
0.004376
-0.015284
0.037721
-0.020452
-0.020383
-0.044830
-0.002623
-0.025671
0.007750
-0.015578
0.045802
-0.008838
0.018347
-0.020946
-0.003372
-0.015986
-0.020729
0.015233
-0.044551
-0.054737
-0.029850
-0.034477
-0.027439
-0.028904
-0.004693
0.038865
-0.008902
-0.019145
-0.016714
0.000538
-0.020331
-0.011137
-0.042487
-0.012842
-0.030723
0.016191
-0.050903
-0.000407
-0.092198
-0.037598
-0.014938
-0.009001
-0.031076
-0.071037
-0.035577
-0.001984
-0.047009
0.015820
-0.018949
-0.119620
-0.047001
-0.087711
-0.055626
-0.031574
0.009716
-0.044121
-0.014944
-0.025230
-0.027068
-0.027858
-0.019021
-0.081160
-0.005166
-0.030732
-0.064031
-0.080176
0.000162
-0.008209
-0.013389
-0.029047
-0.008925
-0.054653
-0.060510
-0.057973
-0.022766
-0.072493
-0.040171
0.047445
0.028100
0.032812
-0.013000
-0.063203
-0.032674
-0.003899
-0.011436
0.034231
-0.002165
-0.038723
0.043020
-0.006667
0.007058
-0.071550
-0.049413
-0.026572
-0.031124
-0.016069
-0.047302
-0.037010
-0.073215
-0.044830
0.004278
0.007592
-0.008318
-0.032418
-0.053625
-0.017976
-0.015370
-0.034857
-0.012287
-0.042727
-0.013858
0.017017
-0.092893
-0.021587
-0.019155
-0.026231
0.025107
-0.049102
-0.011437
-0.021815
0.036548
-0.015398
-0.102115
-0.021592
-0.017922
-0.000439
-0.030521
-0.013058
0.003315
-0.106576
-0.021439
-0.080416
-0.055540
-0.030618
0.011974
-0.021638
-0.011263
-0.055949
0.006027
-0.000219
-0.064175
-0.084172
0.011490
-0.015943
-0.071044
-0.007605
-0.023595
-0.006711
-0.023963
-0.011876
-0.041410
-0.002411
-0.004295
-0.034247
-0.000547
-0.086911
-0.056447
-0.017328
-0.003427
-0.047280
-0.043765
0.036003
0.004698
-0.035277
-0.002721
0.020214
-0.036226
-0.033175
-0.057091
-0.005547
0.013297
-0.043833
-0.037293
-0.018187
-0.012483
-0.010994
-0.081475
-0.029921
0.035556
-0.016952
-0.029259
-0.123140
-0.020272
-0.049315
-0.011848
-0.048170
-0.025311
-0.073155
-0.007009
-0.017864
0.012124
-0.075972
-0.008251
-0.008059
-0.006353
0.016443
-0.024716
0.025648
-0.031505
-0.110621
-0.016365
-0.025579
-0.044372
-0.116808
-0.075075
-0.043130
-0.031545
0.043542
-0.012604
-0.022124
0.006606
-0.033993
-0.048741
