-0.034238
-0.082533
-0.025185
-0.035455
-0.059802
-0.071432
-0.069580
-0.086421
-0.074422
-0.061191
-0.091814
-0.053974
-0.039174
-0.024986
-0.113853
-0.031183
-0.063639
-0.081450
-0.115037
-0.024830
-0.076900
-0.094769
-0.104020
-0.086385
0.012356
-0.079194
-0.007721
-0.117302
-0.031492
-0.107141
-0.137343
-0.030257
-0.036103
-0.099852
-0.096245
-0.098516
-0.097954
-0.041786
-0.034824
-0.061023
-0.054850
-0.142525
-0.067582
-0.032575
-0.074535
0.023273
-0.101812
-0.049231
-0.035923
0.046669
-0.103726
-0.025738
-0.043550
-0.023042
-0.024809
-0.081355
-0.050860
0.014873
-0.052725
-0.082503
-0.042654
-0.057572
-0.098751
-0.083545
-0.016685
-0.054052
0.000442
-0.099584
-0.006087
-0.015683
-0.070156
-0.074829
-0.109373
-0.035351
-0.091035
-0.027547
-0.071732
-0.091321
-0.004135
-0.059991
-0.102326
-0.049456
-0.058215
-0.089967
-0.012891
-0.041621
-0.150606
-0.053456
-0.101141
-0.104200
-0.030871
-0.072514
-0.027867
-0.002478
-0.016056
-0.040744
-0.036790
-0.093237
-0.050471
-0.107705
-0.066556
-0.039899
-0.101787
-0.057600
-0.051253
-0.037600
-0.080444
-0.097606
-0.062388
-0.098834
-0.118347
0.010291
-0.080404
-0.071460
-0.089797
-0.069456
-0.079673
-0.034992
-0.056785
-0.063657
-0.098319
-0.049723
-0.020996
-0.010494
-0.122602
-0.057964
-0.061944
-0.003979
-0.051946
-0.061485
-0.023195
-0.057014
-0.024367
-0.039284
-0.070659
-0.059962
-0.042018
-0.040073
-0.034597
-0.105880
0.020228
-0.070605
-0.023879
-0.053641
-0.033596
-0.070650
-0.124406
-0.005663
-0.089256
-0.028763
-0.014583
-0.067085
-0.074328
-0.073481
-0.019170
-0.087522
-0.068874
0.006608
-0.016201
-0.077680
-0.022964
-0.066552
-0.046778
-0.038413
-0.091061
-0.128974
0.030253
-0.077170
-0.098423
-0.037001
-0.072995
-0.070001
-0.029870
-0.023697
-0.072304
-0.038646
-0.005127
-0.077874
-0.082769
-0.090925
-0.082325
-0.041351
-0.082541
-0.105356
-0.055945
-0.033517
-0.093771
-0.115332
-0.042692
-0.026584
-0.095486
-0.054694
-0.051168
-0.062494
-0.055318
-0.025344
-0.073484
-0.077171
-0.031573
-0.097161
-0.029379
-0.022561
-0.084018
-0.094806
-0.089882
-0.071641
-0.104507
-0.058573
-0.080863
-0.080227
-0.051022
-0.091066
-0.109222
-0.059117
-0.085480
-0.086386
-0.041689
-0.028723
-0.061529
-0.030275
-0.086743
-0.112399
-0.106867
-0.045291
-0.103857
-0.024309
-0.053183
-0.099655
-0.040323
-0.065814
-0.008564
-0.062308
-0.094992
-0.077263
-0.052488
-0.068591
-0.071943
-0.074968
-0.119914
-0.059751
-0.106281
-0.016928
-0.132216
-0.091496
-0.091779
-0.050465
-0.042617
-0.089951
-0.023934
-0.055749
-0.105030
-0.089536
-0.043852
-0.017093
-0.094082
-0.048637
