-0.030519
-0.144621
-0.053977
-0.029737
-0.081777
-0.023285
-0.087983
-0.028971
-0.003633
-0.004534
-0.066281
-0.172788
-0.067068
-0.023820
-0.059477
-0.130717
-0.086340
-0.063096
-0.015510
-0.083286
-0.049347
0.000430
-0.081371
0.001518
0.008799
-0.062615
-0.112246
-0.074491
-0.009276
-0.073563
0.033996
-0.088473
-0.077175
0.007373
-0.005264
-0.133512
-0.034565
-0.014229
-0.093023
-0.103908
0.007342
-0.117911
-0.091155
0.012889
-0.064269
-0.105170
0.034991
-0.043056
-0.006427
-0.140177
-0.121540
-0.102723
-0.112263
-0.006770
-0.161548
-0.090867
-0.039703
-0.103560
0.011337
0.012469
-0.007974
-0.130730
-0.092715
-0.040391
-0.014976
0.004454
-0.004481
-0.245003
0.025869
-0.086772
-0.031380
-0.096037
0.014478
-0.165268
0.022217
-0.082462
-0.021461
-0.089462
-0.003131
-0.044118
0.000584
-0.040541
-0.134612
-0.059631
-0.091354
-0.045966
-0.028682
-0.063889
-0.101393
-0.015631
-0.052851
-0.068219
-0.029451
-0.047901
-0.036743
-0.083064
-0.020797
-0.074137
0.000204
-0.098605
-0.118092
-0.011509
0.020546
-0.012571
-0.050264
-0.093155
-0.059849
-0.031508
0.004042
-0.049480
-0.052565
-0.023619
-0.107274
-0.206947
-0.113196
0.005064
-0.087071
-0.004569
-0.076125
-0.040686
-0.098908
-0.037128
-0.037499
-0.021530
-0.059999
-0.028584
-0.107470
-0.003004
-0.101070
-0.157952
-0.077015
-0.097909
-0.060782
0.022393
-0.062201
-0.035105
-0.010601
-0.080358
-0.043003
-0.043152
-0.156095
0.014174
0.010649
-0.004593
0.000255
-0.003333
0.044443
-0.017813
-0.074523
-0.076228
-0.018974
-0.190325
0.016879
-0.156157
-0.078618
-0.127837
-0.069399
-0.104088
-0.095266
-0.000633
-0.090752
-0.121786
-0.026686
0.020450
-0.053654
-0.062885
0.024487
-0.156188
-0.079433
-0.047590
-0.073639
0.018288
-0.027244
-0.003295
-0.055411
-0.021114
-0.097541
0.011393
-0.099016
-0.099770
-0.003573
-0.005797
-0.028185
-0.010162
-0.003412
-0.041752
-0.072175
-0.047320
-0.036779
-0.055959
-0.183852
-0.004719
-0.006452
-0.005196
-0.096125
-0.065279
-0.221268
-0.014398
-0.069941
-0.124220
-0.090342
-0.038478
-0.110447
-0.109351
-0.114190
-0.066693
-0.028764
-0.008733
-0.014682
-0.080843
-0.018050
-0.066730
-0.072474
-0.047167
-0.044971
-0.124453
-0.030780
-0.011823
-0.082847
-0.080698
-0.019306
-0.115174
-0.074714
-0.051475
-0.074750
-0.021401
-0.106198
-0.134865
-0.107225
-0.001176
-0.013707
-0.090182
-0.141799
-0.071766
-0.058379
-0.076044
-0.014291
-0.130372
0.008779
-0.187011
-0.160694
-0.056801
-0.051318
-0.068841
-0.053185
-0.006214
-0.148234
-0.129019
-0.022180
-0.017633
-0.077884
-0.093555
-0.043610
0.020287
-0.020099
-0.154957
