[-0.05703378 -0.06885735  0.08929401 -0.11401764  0.06207252  0.05489265]
[-0.06959513  0.0361738  -0.21777056 -0.1401539   0.24971774  0.18355186]
[-0.21120545 -0.16301359 -0.11848086  0.08736596  0.08596256  0.08935335]
[-0.06569685 -0.22703345  0.07319193  0.27241445  0.12317919 -0.2954914 ]
[-0.2442729  -0.17376326  0.15958989  0.10860434  0.23443305 -0.0809885 ]
[ 0.00349278 -0.12739715 -0.09666667 -0.08214496 -0.16119744  0.07259848]
[ 0.14856982  0.11744154 -0.12405569 -0.22842509  0.2087053  -0.285793  ]
[ 0.0845464   0.03243677 -0.18041469  0.24402519  0.17615262 -0.20388429]
[ 0.03657105 -0.16398303  0.121307    0.14121471 -0.15782374  0.2355449 ]
[-0.13646857  0.20420615 -0.16337207 -0.12998001 -0.1324178  -0.1363229 ]
[ 0.11989416  0.04347615  0.084289   -0.09652432 -0.15043128 -0.2127903 ]
[ 1.6858676e-01 -1.5581993e-04  1.5162539e-01 -4.0254850e-02
 -1.5094474e-01 -9.4702002e-03]
[-0.11540982  0.12395371 -0.16973843  0.07766587  0.2836658  -0.24254338]
[ 0.0785966   0.0441337  -0.12334941  0.00343879 -0.1329329  -0.14316289]
[ 0.04679926  0.01966529  0.04413054 -0.10918579 -0.26157877  0.13072057]
[-0.2182594  -0.17527083  0.04119622  0.06882392  0.17120448  0.22656006]
[ 0.03899954  0.18278609 -0.21657752 -0.10740186 -0.07315501  0.05584707]
[-0.13513803 -0.11574029 -0.21034308  0.03383335  0.24291246  0.10978851]
[-0.16936815 -0.06483627 -0.19367197  0.10582498  0.0154559   0.1966598 ]
[ 0.08973219 -0.19165768  0.20018394 -0.10700101  0.27731588 -0.14398916]
[-0.04450598  0.00701662  0.19181867 -0.3328023   0.12156872  0.20181702]
[-0.12549539  0.11425047 -0.10103186 -0.12622283  0.10534193  0.07960057]
[ 0.1089121   0.10354037  0.1086994  -0.01047629  0.11678074 -0.32812658]
[-0.14132713  0.02449883 -0.03006984  0.2527688  -0.11425631 -0.3094921 ]
[ 0.08245127 -0.18014465  0.16118056 -0.15329516  0.00398396 -0.1427327 ]
[-0.06361555  0.0735429  -0.09370642 -0.05940899 -0.03743616 -0.17670186]
[-0.14304292  0.05732178 -0.13591644  0.0199417   0.14516039  0.00413499]
[ 0.11770206  0.04163394  0.15013278 -0.11244829 -0.15280004  0.11147192]
[-0.00755886  0.15142149 -0.07708305  0.0407581  -0.20857392 -0.05694059]
[ 0.16985522 -0.16365853 -0.06383484 -0.16055578 -0.16193236  0.32567117]
[ 0.16462776  0.05784616  0.00819205 -0.08215488 -0.01725864 -0.06862032]
[ 0.19595805 -0.22591269 -0.09463755  0.19745387  0.17825164  0.17860344]
[-0.05704139 -0.08028116 -0.26771122  0.19846454  0.14905013  0.168489  ]
[-0.17246963  0.10274846 -0.22592582  0.10037258  0.05706497  0.15126391]
[ 0.01877112 -0.17744249  0.10311185  0.03849709  0.22365521  0.072485  ]
[-0.06788146  0.14363216 -0.14491177  0.27224627 -0.27750847  0.00366974]
[ 0.12529092 -0.18773831 -0.23324783  0.06302708  0.17064731  0.17610732]
[-0.18164073  0.19344875  0.057751    0.16842432  0.05103907 -0.10616629]
[-0.0256267   0.0815971  -0.01064723 -0.00510365 -0.2623137   0.18058248]
[ 0.17768371 -0.11085989  0.06841289 -0.18366231  0.09319812 -0.27634227]
[ 0.10218291  0.17620832  0.0025522   0.14350799 -0.11118233 -0.26582462]
[ 0.24877372 -0.24028997 -0.02110211 -0.13365234  0.0032237   0.07141484]
[-0.22603875 -0.15310898 -0.24223794 -0.02783808  0.05364034  0.04416338]
[ 0.06954876  0.05594268  0.13539515 -0.36934996  0.01622293  0.15947793]
[-0.0248935   0.06421331  0.04710118 -0.03620709 -0.29665247  0.02140632]
[ 0.07695681 -0.01284945  0.04545523 -0.06848988  0.05119592 -0.33532757]
[-0.13587157  0.00942463  0.14414634 -0.06389796 -0.26912358  0.11534716]
[ 0.12894116 -0.06081303 -0.11623475 -0.05582306  0.12522198 -0.2841321 ]
[-0.09282264  0.10982355  0.09300423 -0.30235663  0.01338401  0.06201468]
[-0.03506348 -0.15132298  0.01765398 -0.26772395 -0.14690505  0.20472968]
[ 0.10019568  0.06082036 -0.16398211  0.34077218  0.12905619 -0.46016002]
[-0.10183711  0.05824303 -0.01851064 -0.08128149 -0.07783221  0.12327754]
[-0.21917655 -0.2296699  -0.29124066 -0.05585372  0.07287181  0.22113632]
[-0.09051634 -0.01911517  0.06593672 -0.1150568   0.06167509 -0.15198721]
[-0.14313315 -0.04302455  0.00211717  0.19718835  0.04636247  0.12083106]
[-0.06605152  0.02474494  0.08732726 -0.24499787 -0.08100106 -0.17374487]
[ 0.01331441 -0.2305216   0.05127059  0.291588   -0.24733667 -0.15629843]
[-0.06388927 -0.06110605 -0.08732116  0.30118772 -0.41721544  0.37495038]
[-0.1568479  -0.13093278  0.07469083  0.15992123 -0.02358487  0.17931686]
[ 0.0896964   0.09077894  0.01105668 -0.06410838 -0.20612198 -0.09004123]
[-0.1785062  -0.10418727  0.1814531   0.08401711 -0.17496431  0.00876164]
[-0.05117974 -0.0124884   0.04206102  0.22974715  0.13092914 -0.20144139]
[-0.16391785  0.216333   -0.09761199 -0.15541959 -0.2393      0.12302642]
[ 0.17712447 -0.00931489 -0.23590523 -0.02256057 -0.02519723  0.19938983]
[-0.0956677  -0.07144856  0.00738558 -0.08179852  0.13786562  0.22198044]
[ 0.17964858  0.0476673   0.0891343  -0.18418115 -0.21654548  0.12546806]
[ 0.01168293 -0.09237905 -0.28767627  0.1880759   0.11143786  0.15418509]
[ 0.15800615  0.07572533  0.11019769  0.00756145 -0.19154352 -0.26542434]
[-0.17936486  0.02958203  0.07336944  0.1703888   0.17989329  0.00471245]
[ 0.1527451  -0.03866409 -0.07532168 -0.05192472 -0.05342636 -0.13205446]
[ 0.03809705 -0.1908549  -0.05479797  0.13614482  0.08525535 -0.04977875]
[ 0.07619798 -0.12687309  0.12133786 -0.13038073 -0.11082557 -0.09864957]
[-0.16392006 -0.01268599 -0.11026201 -0.06200488 -0.10809597 -0.20871073]
[-0.08155725  0.08696142 -0.18598793  0.10034204  0.09514555  0.06481228]
[ 0.19322772 -0.03247274 -0.2506885   0.0686572   0.09976786  0.14031264]
[-0.26787314 -0.19641392 -0.29818562  0.24269764 -0.02279789 -0.01358863]
[-0.06822987 -0.06008837 -0.18438563  0.08223151  0.13860913  0.23270537]
[ 0.00080362 -0.17989333 -0.1487618   0.23135145  0.11360351 -0.05504244]
[-0.16573577  0.01162567  0.16040601 -0.4678317   0.13674381 -0.06868276]
[ 0.0554336   0.10869586  0.0397304  -0.11888101 -0.13750583  0.07126959]
[-0.14276032 -0.11759627  0.09837682 -0.08875465 -0.0406508  -0.06177451]
[ 0.0200658   0.00307858  0.11280462  0.03346038 -0.04758427  0.12409592]
[-0.18917216 -0.13710482 -0.04574612 -0.0853769  -0.04575387  0.02777782]
[ 0.18941545 -0.02446026 -0.15293226 -0.16017187 -0.24056928 -0.04065232]
[ 0.09625061 -0.26099345 -0.05922236  0.28533053  0.2052785  -0.08667383]
[-0.07173815 -0.22294043  0.01052068  0.1824623   0.17195985  0.02333393]
[-0.01629913  0.1382897  -0.17237133  0.02587551  0.01238034 -0.20755684]
[ 0.16960497 -0.00251382 -0.099637    0.2276059  -0.29264328  0.20274054]
[-0.16482283  0.00467424  0.03136506 -0.07721914  0.1922935   0.14305365]
[ 0.04486715  0.11547059  0.12652351  0.21251035 -0.02174354 -0.15803172]
[-0.07608294 -0.19348933  0.23254532 -0.30191556  0.02691989 -0.02257334]
[-0.09647843 -0.03784294 -0.26763982  0.24376564 -0.06536213  0.08276071]
[ 0.04909995  0.09153431  0.0471435  -0.14937131 -0.09455976 -0.16696763]
[ 0.15187256 -0.09145863  0.02426043 -0.0573438   0.31108987 -0.1755813 ]
[-0.02944819  0.04426161  0.18216065 -0.07927179 -0.11915381  0.09162511]
[ 0.16592205  0.11020702  0.1414995   0.13026965 -0.2625289   0.12402204]
[-0.1560507  -0.12653358 -0.10190441  0.1021129   0.10505374  0.09932008]
[ 0.03698456 -0.04014311  0.03788891 -0.09448121 -0.24553081 -0.07593201]
[-0.23485407 -0.14042743 -0.21421613 -0.01373115  0.21085636  0.04743721]
[ 0.18860506  0.05356363 -0.21433504 -0.00408928  0.06101469  0.13293342]
[-0.11431248 -0.05460308  0.15898095 -0.12116773 -0.07283245 -0.11090858]
[ 0.02908741  0.10033825 -0.03367364 -0.2116781   0.16164649  0.13681222]
[ 0.00455553 -0.07713146  0.09526404 -0.05176483  0.2738735  -0.01561033]
[ 0.14687015 -0.03812092  0.14661369 -0.26605943 -0.02368132  0.2506243 ]
[ 0.19986427 -0.15849307  0.124399    0.15677784  0.12019116 -0.2421133 ]
[-0.1795142  -0.2415222  -0.18754303  0.05907829 -0.02757647  0.21458079]
[-0.11046916 -0.268644    0.00456864 -0.04513662  0.14841743  0.1090389 ]
[ 0.07029476  0.10037947 -0.04222735 -0.16483521  0.12852517 -0.134836  ]
[-0.12987663 -0.03402326  0.09030388 -0.23212928  0.21048841 -0.09699311]
[ 0.11314773  0.01002876 -0.09027562 -0.03911322 -0.24150173 -0.06519231]
[-0.27568534 -0.20241009  0.05182922  0.19243428  0.07522316  0.05377712]
[-0.20098625 -0.14617033 -0.06453821  0.09531139 -0.11834378  0.12889378]
[ 0.12322041  0.02951055 -0.04626258  0.00448884 -0.01316879 -0.29210722]
[ 0.09349965 -0.12739787 -0.10878935 -0.03196519  0.14104734  0.01052856]
[-0.24582326 -0.2393756  -0.24827202  0.20203686  0.20194814 -0.05740305]
[ 0.01606068  0.06503057  0.17932338 -0.29736912  0.01879089  0.13457258]
[-0.17074881  0.08513631 -0.23997486  0.23785932  0.19093673 -0.1437451 ]
[ 0.05289693 -0.19074747 -0.11128739  0.06988525 -0.00381558  0.19621377]
[ 0.12419835 -0.14394791 -0.02513666  0.06541171  0.07141712  0.25356314]
[-0.05075784 -0.0084485  -0.23862818  0.13721791  0.10539907  0.01801839]
[-0.24289662 -0.13111834 -0.18731928  0.16396031  0.05096363  0.19738056]
[ 0.05235698 -0.18559586  0.19953223 -0.11753017 -0.16416366 -0.18793611]
[ 0.1124638   0.16638188 -0.14526702  0.13388568  0.1697622  -0.34684938]
[ 0.02509288  0.18550183 -0.12895443  0.11626918 -0.06055033 -0.11930068]
[-0.18367182 -0.03392071 -0.05974615  0.12529747  0.04089471  0.16941848]
[-0.04569479 -0.05902393 -0.03087388 -0.30003425  0.20469046  0.22896594]
[-0.12249049  0.08260582 -0.1154995   0.20579973  0.09931436 -0.05808922]
[ 0.17295071 -0.03710981 -0.09734134  0.04765547 -0.20938765  0.1126858 ]
[-0.19019067 -0.0527029  -0.11387803 -0.08118019 -0.07384911  0.09031622]
[ 0.08662055 -0.11966071  0.16789503 -0.33045352  0.16975695 -0.28832704]
[-0.19809544 -0.04895829 -0.04569768  0.12655531  0.16194086  0.11334616]
[ 0.12849152 -0.22251944 -0.2324387   0.05922903  0.07849614  0.27566394]
[ 0.04741584 -0.01849481 -0.10001203 -0.2648987  -0.30200604  0.16805334]
[ 0.15550463  0.10536145  0.12881146  0.11626039 -0.12102941  0.08789126]
[ 0.00503851  0.11042234  0.04015413 -0.2316904  -0.16265202  0.21995802]
[ 0.13224828  0.13050956 -0.10783891 -0.22300306  0.15958385  0.15703262]
[ 0.17014968 -0.0464007   0.03314718 -0.08343448  0.06560024 -0.0174674 ]
[-0.13482317 -0.05580601 -0.14645183  0.1295717   0.16467659 -0.26753214]
[ 0.00227923 -0.10793062  0.14640631 -0.04381818  0.12750211  0.22173063]
[-0.05417878  0.01838387 -0.0893405   0.09555934  0.32155818 -0.26780927]
[ 0.1679588  -0.00777005 -0.07612734  0.14237435 -0.09956399  0.2912486 ]
[-0.00982794  0.11335044  0.18346313  0.10383551 -0.23476155  0.10483006]
[ 0.12098978 -0.20700285  0.04450802  0.18324013  0.1513313   0.10420164]
[ 0.0680004  -0.06108433  0.11510762  0.05967819 -0.22510973  0.0123289 ]
[ 0.11784188  0.09618115  0.06572527 -0.14135352  0.1073511  -0.15385404]
[ 0.12908886 -0.0475043   0.13449158 -0.14659196 -0.22026412  0.06768773]
[-0.04817106 -0.11246233 -0.16518332  0.02331621  0.18205705  0.04600189]
[-0.13987786  0.04263757 -0.10395136 -0.0633298  -0.31959853  0.03739217]
[-0.26214516 -0.03265797  0.19630396  0.18153416  0.13972366 -0.08210329]
[-0.1219601   0.20297305 -0.15014413  0.02040268  0.1318862  -0.04558416]
[-0.06580365 -0.16269004 -0.11263343 -0.01699074  0.17029914  0.057673  ]
[-0.11776711  0.01782794  0.11318926  0.21359034 -0.07014927 -0.23571706]
[ 0.1624737  -0.01272922 -0.1993      0.10516588  0.09740836 -0.03210656]
[ 0.16451386 -0.08598158  0.06580254 -0.2794243  -0.03412175  0.15352541]
[ 0.10858826 -0.14104459 -0.03301373 -0.20077631 -0.03303668  0.08658761]
[-0.07168928 -0.18147928  0.08955858 -0.20564884 -0.02914335 -0.0967523 ]
[ 0.13355987 -0.0359433  -0.04589082  0.42813525  0.1950444  -0.32275736]
[ 0.08950356  0.16764294 -0.01707738  0.17381072 -0.0195791  -0.21527228]
[ 0.15828133  0.03265927  0.10359036  0.10449098 -0.02787428 -0.28429958]
[-0.06440254 -0.18998545  0.08256183  0.10633627 -0.09443869  0.27726033]
[ 0.02554521  0.0211582  -0.09588598 -0.23011383 -0.10744282 -0.17829867]
[ 0.13577197 -0.12373942  0.10915294  0.00040347 -0.20652129 -0.03088526]
[ 0.05557967 -0.03317617  0.18076244  0.27224684 -0.08927181 -0.18795216]
[ 0.1255527   0.07281685 -0.08312277 -0.27969065  0.12991822  0.20571446]
[-0.21899207 -0.08009683  0.13694952 -0.00326547 -0.02560253  0.01015482]
[-0.24533428 -0.19550349  0.15878408  0.12664627 -0.12228974  0.12554368]
[-0.19022676 -0.08637721 -0.20458907  0.17752624  0.1426888   0.06930517]
[ 0.1370543   0.1445197   0.00417861 -0.07776812 -0.10359216  0.07256959]
[ 0.06000968  0.08220742  0.17198683  0.02619512  0.05701786 -0.27384853]
[-0.16697979  0.15511094 -0.08616096  0.03743069 -0.09038174  0.23866461]
[ 0.18593132 -0.16639681  0.03888996  0.2886222  -0.23964398 -0.26141873]
[-0.11387944  0.01199217  0.01580296 -0.11772805  0.2080541   0.21293809]
[ 0.10087564  0.16415955  0.16958374 -0.25583133 -0.04110259 -0.20114811]
[ 0.05901171  0.11573401  0.13205312  0.03776944 -0.14467478 -0.12607513]
[-0.19231094  0.11851078  0.11535982  0.12055127 -0.2571177   0.17224798]
[ 0.03683136  0.1457747  -0.02438309 -0.18059184 -0.19277829 -0.2082918 ]
[-0.07118231  0.15718363  0.1282109  -0.17716096 -0.19659133  0.08298223]
[ 0.06738264  0.03555008  0.09925959  0.0780779  -0.30877167  0.25021112]
[ 0.1135757  -0.06052997 -0.13559617  0.14714976  0.11320799 -0.30877176]
[-0.14306046  0.17787746 -0.18275653 -0.05783331 -0.07329968 -0.14112239]
[-0.16391684  0.00142663 -0.00490674  0.17551152  0.1460059   0.04990806]
[ 0.16540286 -0.04453593  0.08408834 -0.37134892 -0.06524547  0.37524182]
[-0.16065025  0.17325637 -0.11258857 -0.12885259 -0.12787478 -0.12604745]
[-0.12232474  0.05351783  0.14771351 -0.04917675  0.12385324  0.01577648]
[ 0.09320232  0.13578297 -0.00552662  0.1452648   0.06657119 -0.38015172]
[ 0.09890544  0.020833    0.0591158  -0.19618559 -0.19403788  0.00730933]
[-0.06295446 -0.05356063 -0.22820844  0.15087107  0.05763353 -0.01615098]
[-0.15612908 -0.03083417 -0.02962232 -0.24986789  0.04841595  0.1520193 ]
[-0.11896687  0.11200268 -0.0235084   0.14578049 -0.20838468  0.13091135]
[-0.02081648 -0.0751954  -0.05822641  0.08064292  0.04422456  0.05505375]
[ 0.03785993 -0.29425582 -0.03990119  0.15319222  0.21899655  0.17510812]
[ 0.1452724   0.10318759  0.07822782  0.03781624 -0.07670404 -0.39752564]
[-0.08189161  0.16932163 -0.12713012 -0.02845031  0.24082763 -0.18941161]
[ 0.04319379 -0.17325023  0.18673381  0.00252247 -0.23186488  0.26839754]
[ 0.15987338 -0.16605292  0.11536366 -0.09794914  0.09557621 -0.06460112]
[-0.07965046 -0.11794817 -0.06529809  0.39408025 -0.196094   -0.07418413]
[-0.13053967  0.12349403 -0.13966662 -0.0581582  -0.06473456 -0.21463628]
[ 0.08180386  0.01339253  0.1331224  -0.01673003  0.27833554 -0.12243065]
[-0.18297403 -0.06818118 -0.03697876  0.15999214  0.09070033 -0.14859603]
[ 0.07311085 -0.00884112  0.12762496  0.06471618 -0.14782952 -0.24311993]
[-0.10150754 -0.07761375 -0.10917054  0.09030601  0.05897434  0.2256861 ]
[-0.10342853 -0.0716104  -0.08072887  0.04669463  0.12388595 -0.11895769]
[ 0.08337765 -0.10674228 -0.09798142 -0.14693253  0.02489603 -0.02902032]
[-2.0097174e-01  9.5760264e-02  1.4486864e-04  4.7038104e-02
  7.7573732e-02  1.7743696e-01]
[ 0.07249909  0.04816828 -0.14579232  0.00573644  0.08009902  0.13861859]
[ 0.16395898 -0.03689783 -0.09299914  0.05807019  0.08129442  0.18726249]
[ 0.16231227  0.04002078 -0.01089733 -0.000999    0.20303378 -0.31068155]
[ 0.11434446 -0.00311074 -0.1064579  -0.24267569  0.27212948 -0.23518144]
[ 0.12832376 -0.00214393 -0.11112887  0.07543807  0.03216246 -0.24926966]
[ 0.15585239 -0.18182494  0.16178879  0.01075914  0.2060461  -0.10481549]
[-0.09513611  0.08196513 -0.04406048 -0.02577485  0.11805454  0.10402545]
[ 0.16016234 -0.04422135 -0.1517174  -0.06723414 -0.20168045 -0.12499789]
[ 0.14362223 -0.02844587 -0.10030283  0.13267134 -0.3106995   0.02639768]
[ 0.0019242  -0.16479899  0.10049915  0.32172605  0.02449045 -0.09130511]
[ 0.18309756 -0.15214324  0.00507581  0.18074355 -0.24357876 -0.1485022 ]
[-0.11327446 -0.24072981 -0.04147243  0.22677444  0.00937399  0.21810506]
[-0.02743459 -0.11829715  0.07801708 -0.26474413  0.00780008  0.18295538]
[-0.01001269  0.1356183  -0.00974411  0.35887712 -0.2000286  -0.26481682]
[-0.0981535   0.04872348 -0.112027   -0.0749829   0.09926692  0.11548632]
[-0.24033506 -0.18238677 -0.05939228  0.18451665  0.12688722 -0.04292733]
[-0.04236878 -0.11227877 -0.20948185  0.30808842 -0.02947777 -0.15664832]
[ 0.09508406  0.02633133  0.00043848 -0.05092842  0.24430664 -0.4082186 ]
[ 0.06050388  0.1428314  -0.1524746   0.00267462  0.1011717   0.12264618]
[-0.01624846  0.14397237  0.08477444  0.11939565 -0.17376633 -0.2273965 ]
[-0.12133149  0.20089008 -0.13427727 -0.19083603 -0.2726218   0.33025485]
[ 0.00072257  0.03948721  0.12703134 -0.23382254  0.18686238 -0.18018977]
[ 0.15479027  0.10210653  0.14936708  0.1417233  -0.0912855  -0.20421152]
[-0.01708554  0.04987738 -0.10467607 -0.12454073 -0.17944591 -0.08466001]
[-0.11255781 -0.04576046  0.14569409 -0.20167027  0.22639509 -0.28463736]
[-0.13617319  0.09797378 -0.01584899 -0.02571916  0.2880828  -0.32686275]
[-0.03778662  0.15429935  0.16813904 -0.23829249 -0.06383102  0.06516314]
[ 0.09136205  0.06809532 -0.01428752 -0.19459978  0.07254677 -0.27310783]
[-0.03727813 -0.03525427  0.1136957  -0.07424999 -0.25424623  0.1902692 ]
[-0.07570142  0.01125844  0.07041553 -0.22128461  0.0691817  -0.14235969]
[ 0.08729453  0.13835572 -0.1799588  -0.0078666   0.20884629  0.15721639]
[ 0.03180041 -0.07276193  0.00292665 -0.2158889   0.11718801  0.18626715]
[ 0.04685603  0.11616205 -0.19767728  0.20808503  0.13600902 -0.04764377]
[-0.08993055 -0.06048142  0.11039309 -0.03026984 -0.14074695 -0.02458213]
[-0.01959919 -0.13403489 -0.04574754  0.10064671  0.01963045  0.01716357]
[ 0.07205474 -0.02141667 -0.15448661 -0.07332327  0.23221146 -0.41424948]
[ 0.02945824  0.0552794   0.05017111 -0.2287898  -0.18755265 -0.11299354]
[ 0.03877336  0.19478421 -0.09295311  0.15591802 -0.31202942  0.144253  ]
[-0.23057537 -0.15055133  0.01652335  0.1233262  -0.10705679  0.11370249]
[ 0.09691522 -0.07893021  0.11036799  0.08709314 -0.08876024 -0.00120849]
[ 0.20722239 -0.20901833  0.04483229 -0.00633756  0.10053243  0.19144945]
[ 0.12142809  0.10205922 -0.09865747 -0.1517073  -0.08172933 -0.0489894 ]
[-0.09983615  0.12315503  0.1300683   0.06170169 -0.17278156 -0.0864749 ]
[ 0.09002773 -0.05153039 -0.09022147 -0.25255114  0.23934492  0.10865439]
[-0.12570903  0.1137801  -0.08599559  0.04214525 -0.0851549  -0.1722373 ]
[-0.2582237  -0.20043266 -0.21497749  0.19808255 -0.11454333  0.19880548]
[ 0.18362843  0.13436885 -0.01811414  0.02195811 -0.40397027  0.36234158]
[-0.05076821 -0.00691548  0.09863518 -0.2728338  -0.25757664  0.17170407]
[-0.1576012   0.13858575  0.07353962 -0.3379314   0.0312286   0.07771786]
[-0.20955238  0.00596983 -0.05319968  0.09427004  0.15388305  0.11378027]
[ 0.16222408 -0.0147005  -0.09860079 -0.02638499 -0.4358442   0.33581978]
[ 0.0702381   0.0748923  -0.03121414 -0.03998544 -0.09271225  0.01303268]
