[-42, -71, -91, -60, -26, 13, 37, 35, 40, 54, 61, 67, 65, 71, 85, 100, 122, 141, 157, 171, 183, 159, 140, 106, 72, 48, 15, -4, -24, -49, -75, -91, -96, -110, -129, -145, -159, -171, -182, -182, -151, -112, -83, -62, -41, -20, -7, -4, -6, -7, -9, -11, -12, -13, -14, -14, -13, -11, -8, -8, -7, -4, -2, -1, 0, 0, 0, 0, 1, 1, 0, 0, 0, 0, -1, -2, -4, -4, -5, -3, -3, -3, -3, -2, -2, -1, -1, -1, -2, -2, -1, -1, -1, -1, 0, 0, 0, 0, 0, 0]
[-51, -68, -72, -70, -57, -34, 6, 42, 72, 93, 101, 113, 132, 126, 113, 132, 149, 165, 177, 189, 191, 197, 180, 141, 104, 71, 50, 21, -13, -33, -49, -68, -86, -109, -118, -102, -100, -107, -117, -120, -114, -100, -83, -67, -58, -54, -54, -54, -54, -54, -51, -44, -38, -33, -27, -24, -21, -17, -5, -5, -4, -4, -4, -4, -4, -4, -4, -4, -3, -3, -3, -3, -3, -2, -2, -3, -2, -2, -2, -1, -1, -1, -1, -1, 0, -1, -1, 0, 0, -1, -1, 0, 0, 0, 0, 0, 0, 0, 0, 0]
[-12, -36, -66, -91, -97, -67, -21, 17, 45, 50, 63, 69, 55, 75, 56, 41, 65, 92, 116, 136, 153, 167, 155, 170, 143, 128, 100, 60, 23, -14, -47, -75, -74, -59, -58, -82, -104, -107, -112, -98, -101, -118, -132, -139, -138, -131, -119, -99, -71, -44, -27, -18, -16, -16, -15, -13, -12, -9, -6, -3, -2, 0, 0, 0, 0, 0, 0, 0, 0, 0, 1, 2, 1, 0, 0, 0, 0, 1, 1, 2, 2, 2, 2, 2, 2, 2, 2, 2, 2, 2, 2, 1, 1, 1, 1, 1, 1, 0, 0, 0]
[-32, -62, 0, 0, 0, 0, 0, 0, 0, 0, 0, 0, 0, 0, 0, 0, 0, 0, 0, 0, 0, 0, 0, 0, 0, 0, 0, 0, 0, 0, 0, 0, 0, 0, 0, 0, 0, 0, 0, 0, 0, 0, 0, 0, 0, 0, 0, 0, 0, 0, 0, 0, 0, 0, 0, 0, 0, 0, 0, 0, 0, 0, 0, 0, 0, 0, 0, 0, 0, 0, 0, 0, 0, 0, 0, 0, 0, 0, 0, 0, 0, 0, 0, 0, 0, 0, 0, 0, 0, 0, 0, 0, 0, 0, 0, 0, 0, 0, 0, 0]
[0, -88, -110, -129, -142, -135, -104, -56, -11, 16, 22, 10, 0, 34, 34, 42, 68, 95, 118, 137, 154, 152, 167, 138, 118, 92, 44, 14, -5, -37, -67, -92, -114, -132, -142, -136, -130, -121, -107, -105, -107, -106, -98, -89, -88, -97, -100, -90, -76, -64, -55, -47, -40, -32, -25, -20, -15, -13, -11, -9, -3, -3, -2, -2, -3, -2, -2, -2, -2, -2, -2, -2, -1, -1, -1, -1, 0, 0, 0, 0, 0, 0, 0, 0, 0, 0, 0, -1, -1, -2, -3, -4, -5, -6, -6, 0, 0, 0, 0, 0]
[-12, 0, 27, 7, 36, 67, 90, 114, 134, 151, 156, 170, 147, 119, 87, 41, 25, 23, 0, -33, -63, -86, -99, -115, -124, -116, -107, -117, -129, -129, -125, -124, -123, -123, -120, -111, -94, -70, -47, -30, -19, -11, -6, -5, -7, -9, -10, -9, -9, -9, -7, -6, -6, -6, -6, -6, -6, -5, -5, -6, -6, -6, -5, -5, -4, -4, -4, -3, -2, -1, 0, 0, 0, 1, 2, 2, 3, 2, 3, 3, 3, 3, 3, 3, 3, 3, 2, 2, 2, 2, 1, 1, 1, 0, 0, 0, 0, 0, 0, 0]
[-27, -58, -84, -107, -99, -62, -21, 11, 29, 45, 60, 46, 65, 62, 34, 66, 90, 106, 127, 146, 161, 175, 183, 185, 155, 113, 65, 23, -14, -45, -73, -95, -106, -123, -125, -122, -104, -80, -61, -56, -63, -77, -90, -96, -94, -85, -71, -55, -41, -31, -23, -18, -8, -5, -3, -3, -2, -1, 0, 0, 0, 0, 0, 1, 1, 1, 1, 0, 0, 0, 0, 0, 0, 0, 0, 0, 0, 0, 0, 0, 0, 0, 0, 0, 0, 0, 0, 0, 0, 0, 0, 0, 0, 0, -1, 0, 0, 0, 0, 0]
[-1, 0, 0, 0, 0, 0, 0, 0, 0, 0, 0, 0, 0, 0, 0, 0, 0, 0, 0, 0, 0, 0, 0, 0, 0, 0, 0, 0, 0, 0, 0, 0, 0, 0, 0, 0, 0, 0, 0, 0, 0, 0, 0, 0, 0, 0, 0, 0, 0, 0, 0, 0, 0, 0, 0, 0, 0, 0, 0, 0, 0, 0, 0, 0, 0, 0, 0, 0, 0, 0, 0, 0, 0, 0, 0, 0, 0, 0, 0, 0, 0, 0, 0, 0, 0, 0, 0, 0, 0, 0, 0, 0, 0, 0, 0, 0, 0, 0, 0, 0]
[-60, -86, -107, -112, -102, 9, 32, 64, 54, 29, 6, -20, -52, -80, -103, -122, -126, -122, -112, -113, -123, -134, -132, -114, -90, -67, -49, -40, -37, -37, -39, -41, -42, -41, -38, -33, -28, -22, -18, -15, -11, -8, -6, -5, -4, -3, -2, -1, 0, 0, 2, 2, 1, 0, 0, 0, 0, 1, 3, 4, 4, 3, 3, 3, 2, 2, 2, 2, 1, 1, 1, 0, 0, 0, 0, 0, 0, 0, 0, 0, 0, 0, 0, 0, 0, 0, 0, 0, 0, 0, 0, 0, 0, 0, 0, 0, 0, 0, 0, 0]
[-101, -67, 0, 0, 0, 0, 0, 0, 0, 0, 0, 0, 0, 0, 0, 0, 0, 0, 0, 0, 0, 0, 0, 0, 0, 0, 0, 0, 0, 0, 0, 0, 0, 0, 0, 0, 0, 0, 0, 0, 0, 0, 0, 0, 0, 0, 0, 0, 0, 0, 0, 0, 0, 0, 0, 0, 0, 0, 0, 0, 0, 0, 0, 0, 0, 0, 0, 0, 0, 0, 0, 0, 0, 0, 0, 0, 0, 0, 0, 0, 0, 0, 0, 0, 0, 0, 0, 0, 0, 0, 0, 0, 0, 0, 0, 0, 0, 0, 0, 0]
[0, -26, -26, -9, 28, 60, 88, 112, 132, 150, 146, 158, 132, 92, 52, 23, 1, -20, -48, -73, -97, -118, -120, -124, -130, -135, -134, -126, -118, -110, -101, -86, -71, -55, -44, -39, -36, -31, -25, -18, -12, -6, -1, 0, 0, -1, -2, -3, -3, 0, 1, 2, 2, 3, 3, 3, 3, 3, 1, 0, 0, 0, 0, 0, 0, 0, 0, 1, 1, 1, 1, 1, 1, 1, 0, 0, 0, 1, 2, 2, 2, 2, 1, 0, 0, 0, 0, 0, 0, 0, 0, -1, -1, -1, -1, 0, 0, 0, 0, 0]
[-35, -64, -90, -92, -48, -13, 20, 50, 65, 88, 97, 99, 97, 71, 89, 113, 129, 147, 163, 176, 183, 180, 167, 129, 79, 45, 40, 22, -15, -47, -75, -95, -115, -127, -124, -115, -104, -98, -92, -101, -108, -105, -92, -75, -61, -53, -48, -41, -35, -30, -27, -24, -20, -17, -12, -8, -5, -2, -2, -3, -3, -3, -3, -3, -3, -2, -2, -1, 0, 0, 0, 1, 1, 1, 1, 0, 0, 0, 0, -1, -1, -1, -2, -1, -1, -1, -1, -1, -2, -1, -1, -1, -1, -1, -1, -1, -1, -1, -1, -1]
[-36, 0, 0, 0, 0, 0, 0, 0, 0, 0, 0, 0, 0, 0, 0, 0, 0, 0, 0, 0, 0, 0, 0, 0, 0, 0, 0, 0, 0, 0, 0, 0, 0, 0, 0, 0, 0, 0, 0, 0, 0, 0, 0, 0, 0, 0, 0, 0, 0, 0, 0, 0, 0, 0, 0, 0, 0, 0, 0, 0, 0, 0, 0, 0, 0, 0, 0, 0, 0, 0, 0, 0, 0, 0, 0, 0, 0, 0, 0, 0, 0, 0, 0, 0, 0, 0, 0, 0, 0, 0, 0, 0, 0, 0, 0, 0, 0, 0, 0, 0]
[-66, -91, -110, -80, -41, 0, 32, 50, 68, 94, 82, 63, 85, 63, 54, 82, 97, 119, 138, 155, 169, 170, 171, 142, 106, 57, 24, 12, -20, -52, -79, -100, -106, -112, -131, -129, -129, -137, -128, -132, -143, -152, -149, -132, -106, -76, -53, -39, -33, -30, -26, -21, -17, -13, -10, -6, -4, -4, -4, -4, -3, -3, -2, -1, 0, 0, 0, 0, 0, 0, 0, 1, 2, 3, 2, 1, 1, 0, 0, 0, 0, -1, -1, -1, -1, -1, -1, -1, -1, -1, -1, -1, -1, -1, 0, 0, 0, 0, 0, 0]
[-1, -21, 0, 0, 0, 0, 0, 0, 0, 0, 0, 0, 0, 0, 0, 0, 0, 0, 0, 0, 0, 0, 0, 0, 0, 0, 0, 0, 0, 0, 0, 0, 0, 0, 0, 0, 0, 0, 0, 0, 0, 0, 0, 0, 0, 0, 0, 0, 0, 0, 0, 0, 0, 0, 0, 0, 0, 0, 0, 0, 0, 0, 0, 0, 0, 0, 0, 0, 0, 0, 0, 0, 0, 0, 0, 0, 0, 0, 0, 0, 0, 0, 0, 0, 0, 0, 0, 0, 0, 0, 0, 0, 0, 0, 0, 0, 0, 0, 0, 0]
[0, -51, -79, -92, -85, -59, -17, 21, 46, 49, 47, 67, 62, 45, 58, 84, 104, 126, 144, 150, 165, 178, -26, -55, -78, -69, -58, -44, -22, -13, -13, -15, -14, -11, -6, -5, -4, -5, -7, -10, -15, -19, -21, -21, -20, -18, -16, -14, -12, -11, -9, -8, -7, -6, -4, -2, -1, 0, 0, 0, 1, 2, 2, 2, 2, 2, 2, 2, 2, 1, 1, 0, 0, 0, 0, 0, 0, 0, 0, 0, 0, 0, 0, 0, -1, -1, -1, -1, -1, -1, -2, -2, -1, -2, -2, 0, 0, 0, 0, 0]
[-49, -77, -101, -104, -85, -40, -9, 17, 39, 65, 92, 108, 79, 91, 91, 70, 87, 111, 127, 146, 161, 175, 183, 189, 166, 131, 80, 37, 1, -33, -63, -86, -103, -121, -136, -146, -148, -148, -126, -101, -89, -71, -52, -33, -22, -22, -31, -36, -32, -27, -28, -27, -29, -32, -34, -35, -37, -37, -34, -30, -26, -22, -19, -16, -15, -14, -13, -10, -8, -7, -5, -3, -1, 0, 0, 0, 1, 1, 0, 0, 0, 0, 0, 0, 0, 0, 0, 0, 0, 0, 0, 0, 0, 0, 1, 0, 0, 0, 0, 1]
[-23, -55, -82, -99, -91, -66, -40, -17, 4, 30, 57, 62, 67, 80, 52, 57, 85, 106, 126, 145, 160, 174, 174, 171, 138, 89, 45, 36, 38, 23, -5, -39, -68, -93, -115, -119, -112, -101, -92, -89, -88, -82, -73, -68, -68, -65, -58, -52, -46, -41, -40, -41, -40, -38, -35, -32, -29, -27, -24, -22, -20, -18, -16, -14, -13, -11, -8, -7, -6, -4, -2, -2, -1, 0, 0, 0, 0, 0, 0, 0, 0, 0, 0, 0, 0, 0, -1, -1, -1, -1, -1, 0, 0, 0, 0, 0, 0, 0, 0, 0]
[-51, -78, -102, -122, -132, -112, -62, -23, 2, 12, 26, 44, 50, 51, 51, 73, 99, 150, 94, 48, 27, 13, 5, -5, -10, -9, -9, -12, -11, -5, 0, 1, 0, -3, -6, -10, -13, -15, -15, -15, -14, -14, -14, -14, -13, -13, -12, -11, -10, -9, -8, -6, -4, -2, -1, 1, 1, 0, 0, 0, 0, 0, 0, -2, -3, -5, -5, -3, -3, -3, -2, -2, -2, -2, -2, -2, -2, -1, -1, -1, -1, -1, -1, 0, 0, 0, 0, 0, 0, 0, 0, 0, 0, 0, 0, 0, 0, 0, 0, 0]
[0, 57, 76, 87, 84, 81, 95, 90, 63, 25, -5, -35, -55, -56, -54, -64, -85, -107, -124, -135, -133, -112, -87, -68, -57, -55, -60, -68, -70, -65, -54, -45, -40, -37, -37, -37, -36, -34, -32, -29, -26, -23, -21, -17, -13, -10, -7, -5, -3, -2, -1, 0, 1, 2, 2, 3, 3, 2, 2, 2, 1, 1, 1, 1, 0, 0, 0, 0, 0, 0, 0, 0, 0, 0, 0, 0, 0, 1, 1, 1, 1, 1, 1, 1, 1, 1, 1, 1, 1, 0, 0, 0, 0, 0, 0, 0, 0, 0, 0, 0]
[-41, -70, -92, -112, -96, -54, -25, -6, 13, 31, 46, 35, 38, 58, 38, 57, 86, 110, 131, 148, 164, 177, 187, 174, 151, 102, 59, 29, -7, -40, -56, -73, -90, -109, -119, -131, -127, -106, -89, -81, -79, -81, -83, -82, -85, -83, -69, -54, -44, -37, -33, -30, -29, -27, -23, -21, -19, -18, -17, -15, -14, -12, -10, -8, -7, -7, -5, -3, -1, 0, 1, 3, 4, 3, 3, 3, 4, 4, 4, 3, 3, 2, 1, 1, 0, 0, 0, 0, 0, 0, 0, 0, 0, 0, 0, 0, 0, 0, -1, -1]
[-35, -65, 0, 0, 0, 0, 0, 0, 0, 0, 0, 0, 0, 0, 0, 0, 0, 0, 0, 0, 0, 0, 0, 0, 0, 0, 0, 0, 0, 0, 0, 0, 0, 0, 0, 0, 0, 0, 0, 0, 0, 0, 0, 0, 0, 0, 0, 0, 0, 0, 0, 0, 0, 0, 0, 0, 0, 0, 0, 0, 0, 0, 0, 0, 0, 0, 0, 0, 0, 0, 0, 0, 0, 0, 0, 0, 0, 0, 0, 0, 0, 0, 0, 0, 0, 0, 0, 0, 0, 0, 0, 0, 0, 0, 0, 0, 0, 0, 0, 0]
[0, -91, -112, -111, -103, -85, -49, -15, 10, 27, 25, 31, 44, 10, 27, 60, 87, 111, 131, 149, 164, 177, 178, 148, 102, 54, 24, 0, -19, -35, -61, -76, -92, -103, -114, -112, -101, -102, -102, -93, -83, -77, -77, -79, -73, -65, -53, -42, -33, -28, -28, -29, -28, -25, -23, -22, -19, -15, -13, -11, -9, -8, -7, -5, -3, -3, -2, -1, -1, -2, -3, -3, -1, -1, -1, -1, -1, -1, -2, -2, -1, -1, -1, -1, -1, -1, 0, 0, 0, 0, 0, 0, 0, 0, 0, 0, 0, 0, 0, 0]
[-26, -48, -70, -94, -85, -55, -13, 0, 2, 9, 19, 8, 23, 37, 15, 30, 62, 90, 113, 134, 151, 166, 172, 163, 126, 82, 35, 1, -22, -45, -66, -91, -113, -122, -123, -119, -98, -86, -81, -74, -69, -67, -65, -58, -48, -39, -35, -37, -44, -48, -57, -61, -59, -53, -45, -41, -38, -35, -32, -28, -23, -19, -16, -14, -10, -7, -4, -2, 0, 6, 11, 12, 11, 10, 7, 6, 5, 4, 4, 3, 0, 0, 0, 0, 0, 0, 0, 0, 0, 0, 1, 1, 1, 1, 2, 2, 3, 4, 4, 0]
[3, -6, 0, 0, 0, 0, 0, 0, 0, 0, 0, 0, 0, 0, 0, 0, 0, 0, 0, 0, 0, 0, 0, 0, 0, 0, 0, 0, 0, 0, 0, 0, 0, 0, 0, 0, 0, 0, 0, 0, 0, 0, 0, 0, 0, 0, 0, 0, 0, 0, 0, 0, 0, 0, 0, 0, 0, 0, 0, 0, 0, 0, 0, 0, 0, 0, 0, 0, 0, 0, 0, 0, 0, 0, 0, 0, 0, 0, 0, 0, 0, 0, 0, 0, 0, 0, 0, 0, 0, 0, 0, 0, 0, 0, 0, 0, 0, 0, 0, 0]
[0, -29, -56, -83, -96, -71, -37, -26, -10, 13, 41, 37, 54, 62, 65, 91, 115, 135, 152, 166, 179, 177, 179, 151, 104, 54, 12, -23, -53, -72, -86, -94, -115, -130, -135, -120, -97, -86, -84, -89, -85, -75, -66, -54, -42, -33, -32, -34, -36, -37, -35, -31, -27, -24, -22, -20, -19, -18, -15, -13, -11, -9, -8, -7, -5, -3, -2, 0, 0, 2, 4, 4, 4, 4, 4, 3, 2, 2, 1, 1, 1, 0, 0, 0, 0, 0, 0, 0, 0, 0, 0, 0, 0, 0, 1, 1, 1, 2, 2, 1]
[-31, -62, -88, 12, 43, 73, 99, 122, 141, 157, 167, 169, 142, 93, 47, 18, 1, -26, -57, -69, -83, -101, -121, -136, -136, -119, -103, -97, -99, -104, -94, -83, -78, -73, -66, -59, -53, -50, -46, -40, -35, -31, -28, -25, -21, -18, -15, -15, -14, -12, -9, -5, -1, 0, 1, 1, 2, 4, 5, 5, 5, 4, 4, 3, 3, 2, 2, 2, 2, 2, 1, 1, 1, 1, 1, 0, 0, 0, 0, 0, 0, 0, 0, 0, 0, 0, -1, 0, 0, 0, 0, 0, 0, 0, 0, 0, 0, 0, 0, 0]
[-33, -50, -56, -66, -78, -75, -65, -53, -27, 6, 35, 53, 58, 79, 79, 75, 101, 123, 139, 155, 170, 182, 182, 169, 139, 91, 45, 15, 3, -8, -32, -62, -88, -110, -121, -121, -110, -106, -103, -90, -75, -64, -50, -40, -34, -29, -24, -25, -29, -33, -35, -35, -35, -33, -32, -31, -32, -32, -31, -31, -30, -27, -24, -20, -16, -13, -10, -7, -4, -3, -1, 0, 1, 2, 3, 4, 4, 4, 4, 3, 3, 3, 3, 3, 3, 3, 2, 2, 2, 2, 2, 2, 1, 1, 1, 1, 1, 1, 1, 0]
[-88, -103, -90, -64, -52, -57, -54, -35, -16, 2, 33, 64, 91, 105, 91, 72, 81, 97, 95, 116, 136, 153, 167, 179, 180, 180, 176, 137, 108, 64, 21, 4, -9, -24, -44, -72, -92, -112, -120, -118, -117, -121, -130, -132, -124, -117, -108, -93, -76, -61, -50, -43, -38, -35, -33, -33, -32, -30, -26, -23, -20, -17, -15, -14, -13, -11, -9, -7, -6, -4, -2, -1, 0, 1, 2, 2, 2, 1, 1, 0, 0, 1, 0, -6, -11, -11, -8, -2, 0, -1, -3, -3, 0, 2, 3, 0, -1, 0, 1, 2]
[-33, -63, -89, -111, -107, -79, -61, -34, -12, 13, 40, 39, 29, 59, 60, 56, 84, 108, 129, 147, 163, 175, 179, 149, 127, 89, 57, 45, 29, -3, -37, -66, -73, -81, -104, -116, -114, -107, -96, -94, -96, -92, -83, -77, -69, -53, -36, -25, -20, -20, -25, -31, -34, -34, -32, -29, -25, -22, -19, -18, -17, -15, -14, -12, -9, -5, -3, -1, 0, 1, 1, 2, 3, 4, 3, 2, 2, 1, 0, 0, 0, 0, -1, -1, 0, 0, 0, 0, 0, 0, 0, 1, 1, 3, 2, 0, 0, 0, 0, 0]
[-50, -78, -102, -91, -54, -27, 9, 29, 45, 61, 78, 92, 103, 105, 110, 128, 145, 161, 175, 178, 187, 182, 166, 145, 108, 58, 28, 14, -7, -30, -45, -71, -82, -72, -58, -54, -63, -68, -68, -68, -62, -49, -41, -42, -47, -54, -60, -63, -63, -60, -54, -47, -43, -39, -34, -29, -26, -24, -23, -23, -21, -17, -14, -10, -6, -4, -2, -2, -1, 0, 3, 3, 1, 0, -1, -2, -2, -1, -1, -2, -2, -2, -2, -1, 0, 0, 0, -1, 0, 1, 2, 3, 1, 0, 1, 2, 3, 1, -1, 0]
[41, 71, 0, 0, 0, 0, 0, 0, 0, 0, 0, 0, 0, 0, 0, 0, 0, 0, 0, 0, 0, 0, 0, 0, 0, 0, 0, 0, 0, 0, 0, 0, 0, 0, 0, 0, 0, 0, 0, 0, 0, 0, 0, 0, 0, 0, 0, 0, 0, 0, 0, 0, 0, 0, 0, 0, 0, 0, 0, 0, 0, 0, 0, 0, 0, 0, 0, 0, 0, 0, 0, 0, 0, 0, 0, 0, 0, 0, 0, 0, 0, 0, 0, 0, 0, 0, 0, 0, 0, 0, 0, 0, 0, 0, 0, 0, 0, 0, 0, 0]
[0, 79, 102, 124, 134, 144, 157, 153, 127, 100, 96, 115, 116, 115, 107, 101, 89, 90, 112, 133, 150, 162, 174, 179, 160, 129, 88, 41, 16, -9, -40, -41, -23, -18, -29, -41, -48, -49, -51, -54, -55, -54, -50, -43, -36, -30, -26, -22, -19, -17, -14, -11, -7, -3, 0, 1, 0, 0, 0, 0, 0, 0, 0, 0, 0, 0, 1, 1, 1, 1, 1, 1, 1, 1, 1, 1, 0, 1, 1, 1, 1, 1, 0, 0, 1, 2, 1, 0, -1, -3, -3, -3, -3, -5, -4, -2, 0, 0, 0, 0]
[-36, -50, -9, 28, 56, 66, 69, 66, 76, 86, 81, 69, 57, 58, 86, 95, 98, 98, 108, 118, 136, 153, 168, 169, 182, 183, 133, 80, 52, 33, 5, -28, -59, -82, -85, -85, -86, -84, -78, -71, -67, -64, -60, -56, -51, -43, -35, -28, -24, -14, -9, -2, 3, 5, 3, 4, 8, 11, 13, 11, 7, 6, 5, 6, 8, 8, 7, 7, 7, 6, 6, 6, 6, 6, 6, 6, 4, 1, 1, 2, 2, 2, 1, 0, 1, 1, 1, 1, 1, 0, 0, 0, 0, 0, 0, -1, 0, 0, 0, 0]
[15, 50, 40, 27, 36, 52, 66, 85, 86, 81, 106, 127, 140, 143, 127, 108, 81, 59, 67, 94, 117, 137, 139, 112, 101, 77, 45, 15, -17, -50, -77, -91, -87, -75, -67, -70, -77, -80, -78, -70, -59, -48, -40, -33, -27, -23, -19, -15, -12, -10, -8, -6, -5, -5, -5, -4, -3, -2, 0, 0, 0, 1, 0, -2, -4, -5, -4, -3, -1, 0, 1, 1, 1, 1, 2, 2, 2, 2, 2, 2, 2, 2, 3, 3, 4, 4, 3, 3, 3, 3, 2, 2, 2, 2, 2, 0, 0, 0, 0, 0]
[-52, -52, 0, 0, 0, 0, 0, 0, 0, 0, 0, 0, 0, 0, 0, 0, 0, 0, 0, 0, 0, 0, 0, 0, 0, 0, 0, 0, 0, 0, 0, 0, 0, 0, 0, 0, 0, 0, 0, 0, 0, 0, 0, 0, 0, 0, 0, 0, 0, 0, 0, 0, 0, 0, 0, 0, 0, 0, 0, 0, 0, 0, 0, 0, 0, 0, 0, 0, 0, 0, 0, 0, 0, 0, 0, 0, 0, 0, 0, 0, 0, 0, 0, 0, 0, 0, 0, 0, 0, 0, 0, 0, 0, 0, 0, 0, 0, 0, 0, 0]
[0, -8, 28, 55, 57, 65, 68, 66, 68, 86, 86, 72, 97, 118, 124, 123, 107, 79, 100, 107, 69, 43, 24, 7, -4, -10, -11, -10, -7, -7, -9, -11, -12, -12, -8, -3, -2, -2, -3, -2, -1, -1, -1, -2, -2, -3, -2, -1, 0, 0, 0, 0, 1, 1, 2, 2, 2, 2, 3, 3, 3, 3, 4, 5, 7, 8, 7, 7, 6, 6, 6, 5, 5, 5, 4, 3, 3, 3, 2, 2, 1, 1, 1, 1, 0, 0, 0, 0, 0, 0, 0, 0, 0, 0, 0, 0, 0, 0, 0, 0]
[88, 99, 66, 42, 59, 87, 111, 132, 122, 70, 26, 0, -17, -37, -51, -72, -83, -87, -97, -104, -104, -99, -89, -79, -77, -79, -76, -69, -60, -49, -41, -36, -31, -25, -21, -16, -13, -10, -8, -7, -5, -4, -4, -3, -2, -1, 0, 0, 0, 0, 0, 0, 0, 0, -1, -1, -1, -2, -2, -2, -2, -2, -1, -1, -1, -1, 0, 0, -1, -1, 0, 0, 0, 0, 0, 0, 0, 0, 0, 0, 0, 0, 0, 0, 0, 0, 0, 0, 0, 0, 0, 0, 0, 0, 0, 0, 0, 0, 0, 0]
[-22, 103, 90, 71, 42, 46, 75, 101, 123, 141, 133, 105, 72, 66, 48, 17, -3, -37, -66, -92, -112, -111, -97, -90, -86, -80, -75, -70, -61, -48, -35, -27, -21, -15, -9, -5, -2, 0, 3, 4, 4, 4, 3, 1, 0, 0, 0, 0, -1, -1, -1, -1, -1, 0, -1, -2, -1, 0, 0, 0, 0, 0, 0, 0, 0, 0, 0, 0, 1, 1, 1, 1, 0, 0, 0, 0, 0, 0, 0, 0, 0, 0, 0, 0, 0, 0, 0, 0, 0, 0, 0, 0, 0, 0, 0, -1, 0, 0, 0, 0]
[77, 102, 113, 124, 75, 59, 64, 64, 70, 81, 104, 120, 129, 119, 100, 145, 107, 70, 34, 2, -20, -34, -36, -29, -17, -5, 1, 3, 2, -1, -3, -3, -2, 0, 1, 2, 1, 0, -1, -1, 0, 2, 2, 1, 0, 0, 1, 1, 1, 1, 1, 1, 2, 2, 2, 2, 3, 2, 2, 3, 3, 2, 2, 1, 0, 0, 0, 0, 0, 0, 0, 0, 0, 0, 0, 0, 1, 1, 1, 1, 1, 2, 1, 0, 0, 0, 0, 0, 0, 0, 0, 0, 0, 0, 0, 0, 0, 0, 0, 0]
[54, 61, 57, 58, 75, 104, 121, 140, 156, 151, 150, 111, 75, 76, 56, 16, -20, -52, -66, -58, -50, -42, -43, -52, -64, -69, -72, -69, -61, -51, -43, -34, -28, -25, -22, -18, -15, -12, -10, -8, -7, -7, -6, -4, -3, -3, -2, -2, -1, -1, -1, 0, 0, 0, 0, 0, 0, 0, 0, 0, 0, 0, 0, 0, 0, 0, 0, 0, 0, 0, 0, 0, 0, 1, 1, 0, 1, 1, 2, 1, 1, 1, 1, 0, 0, 0, 0, 0, 0, 0, 0, 0, -1, -1, -1, -1, 0, 0, 0, 0]
[5, 41, 70, 96, 112, 118, 123, 125, 118, 90, 91, 114, 125, 126, 109, 82, 64, 70, 91, 115, 135, 152, 163, 119, 67, 24, -10, -43, -72, -96, -115, -116, -110, -108, -110, -111, -108, -101, -90, -75, -59, -45, -34, -25, -18, -12, -7, -4, -3, -2, -1, -1, -1, -1, -1, -1, -1, -1, 0, 0, 0, 1, 1, 1, 1, 1, 0, 0, 1, 1, 1, 2, 2, 2, 1, 1, 0, 0, 0, 0, 0, 0, 0, 0, 0, 0, 0, 0, 0, 0, 0, 0, 0, 0, 0, 0, 0, 0, 0, 0]
[62, 89, 98, 89, 87, 94, 108, 118, 107, 80, 60, 85, 106, 104, 86, 65, 39, 24, 29, 59, 87, 111, 130, 113, 75, 29, -9, -42, -69, -88, -106, -121, -130, -126, -113, -103, -97, -88, -78, -67, -60, -55, -48, -42, -36, -30, -24, -20, -18, -16, -15, -12, -10, -7, -6, -5, -4, -3, -2, -2, -1, 0, 0, 0, 0, 0, 0, 0, 0, 0, 0, 0, 0, 0, 0, 0, 0, 0, 0, 0, 0, 0, 0, 0, 0, 0, 0, 0, 0, 0, 0, 0, 0, 0, 0, -1, 0, 0, 0, 0]
[42, 86, 106, 128, 146, 156, 123, 91, 92, 63, 19, -17, -48, -55, -68, -93, -115, -127, -126, -117, -110, -100, -88, -76, -63, -52, -42, -31, -23, -19, -16, -13, -11, -10, -9, -3, -3, -2, -1, -1, 0, 0, 0, 0, 0, 0, 0, 0, 0, 0, 0, 0, 0, 0, 0, 0, 0, 0, 0, 0, 0, 0, 0, 0, 0, 0, 0, 0, 0, 0, -1, -2, -1, 0, 0, 0, 0, 0, -1, -2, -2, -1, -1, -1, -1, -1, -1, 0, 0, 0, 0, 0, 0, 0, 0, 0, 0, 0, 0, 0]
[-7, 17, 51, 80, 99, 87, 64, 43, 37, 37, 41, 49, 49, 76, 102, 113, 112, 91, 66, 47, 51, 80, 105, 127, 145, 119, 68, 25, -2, -28, -52, -78, -99, -109, -118, -129, -137, -136, -125, -114, -103, -93, -82, -69, -56, -46, -40, -33, -25, -18, -11, -5, 0, 0, 0, 1, 3, 5, 5, 6, 8, 10, 11, 10, 8, 7, 6, 5, 5, 5, 5, 4, 4, 3, 2, 2, 2, 3, 0, -1, -1, 0, 0, 0, -1, -1, 0, 0, 0, 0, 0, 0, 0, 0, 0, 0, 0, 0, 0, 0]
[-74, -83, -35, 6, 41, 72, 98, 112, 119, 114, 112, 108, 123, 142, 147, 128, 100, 82, 101, 123, 142, 158, 171, 139, 87, 43, 10, -9, -43, -71, -96, -117, -134, -129, -109, -92, -81, -73, -66, -63, -59, -52, -45, -39, -33, -27, -23, -21, -20, -16, -13, -10, -8, -6, -4, -3, -2, -1, -1, -1, 0, 0, 0, 1, 1, 2, 2, 2, 4, 4, 4, 3, 2, 2, 2, 2, 2, 2, 2, 1, 1, 1, 1, 1, 1, 1, 1, 1, 1, 0, 0, 0, 0, 0, 0, 0, 0, 0, 0, 0]
[15, 0, 0, 0, 0, 0, 0, 0, 0, 0, 0, 0, 0, 0, 0, 0, 0, 0, 0, 0, 0, 0, 0, 0, 0, 0, 0, 0, 0, 0, 0, 0, 0, 0, 0, 0, 0, 0, 0, 0, 0, 0, 0, 0, 0, 0, 0, 0, 0, 0, 0, 0, 0, 0, 0, 0, 0, 0, 0, 0, 0, 0, 0, 0, 0, 0, 0, 0, 0, 0, 0, 0, 0, 0, 0, 0, 0, 0, 0, 0, 0, 0, 0, 0, 0, 0, 0, 0, 0, 0, 0, 0, 0, 0, 0, 0, 0, 0, 0, 0]
[47, 77, 102, 109, 92, 83, 77, 84, 90, 93, 85, 87, 111, 119, 115, 97, 67, 37, 44, 74, 100, 122, 141, 145, 109, 59, 16, -20, -52, -80, -103, -123, -135, -132, -126, -122, -114, -104, -94, -83, -69, -57, -46, -36, -28, -21, -17, -14, -12, -11, -11, -9, -7, -4, -2, -1, 0, 1, 2, 2, 2, 1, 0, 0, 0, 0, 1, 2, 2, 4, 5, 7, 8, 9, 9, 8, 6, 5, 4, 2, 2, 1, 0, 0, 0, 0, 0, 0, 0, 0, 0, 0, 0, 0, -1, 0, 0, 0, 0, 0]
[35, 66, 90, 99, 107, 117, 126, 142, 141, 118, 116, 134, 142, 131, 106, 75, 48, 57, 85, 109, 130, 138, 92, 44, 4, -29, -60, -86, -109, -121, -123, -121, -118, -112, -104, -60, -52, -45, -38, -33, -28, -24, -20, -16, -13, -12, -11, -9, -7, -6, -5, -3, -2, -2, -2, 0, 0, 1, 2, 4, 2, 2, 2, 2, 1, 1, 1, 1, 0, 0, 0, 0, 0, 0, 0, 0, 0, 0, 0, 0, 0, 0, 0, 0, 0, 1, 1, 0, 0, 1, 1, 0, 0, -4, -9, -13, 0, 0, 0, 0]
[-82, 0, 0, 0, 0, 0, 0, 0, 0, 0, 0, 0, 0, 0, 0, 0, 0, 0, 0, 0, 0, 0, 0, 0, 0, 0, 0, 0, 0, 0, 0, 0, 0, 0, 0, 0, 0, 0, 0, 0, 0, 0, 0, 0, 0, 0, 0, 0, 0, 0, 0, 0, 0, 0, 0, 0, 0, 0, 0, 0, 0, 0, 0, 0, 0, 0, 0, 0, 0, 0, 0, 0, 0, 0, 0, 0, 0, 0, 0, 0, 0, 0, 0, 0, 0, 0, 0, 0, 0, 0, 0, 0, 0, 0, 0, 0, 0, 0, 0, 0]
[-105, -125, -142, -138, -121, -100, -85, -69, -50, -13, 7, 2, 3, 20, 31, 45, 70, 95, 107, 115, 129, 144, 142, 132, 119, 98, 78, 62, 44, 27, 17, 10, 4, 2, 0, -1, -7, -12, -12, -11, 1, 1, 1, 1, 1, 1, 2, 3, 2, 2, 2, 1, 1, 1, 1, 0, 0, 1, 1, 1, 1, 1, 1, 1, 1, 1, 0, 0, 0, 0, 0, 0, 0, 0, 0, 0, 0, 0, 1, 0, 1, 1, 0, 0, 1, 1, 1, 1, 1, 1, 1, 0, 0, 0, 0, 0, 0, 0, 0, 0]
[-82, -105, -125, -128, -104, -76, -52, -34, -9, 27, 14, -15, -19, 11, 27, 44, 73, 99, 117, 122, 116, 96, 74, 59, 41, 28, 16, 0, -12, -21, -26, -30, -32, -30, -27, -22, -15, -7, -1, 1, 2, 1, 2, 4, 5, 4, 2, 1, 1, 0, 0, 0, 0, 0, 0, 0, 0, 1, 1, 2, 2, 2, 2, 3, 4, 4, 3, 4, 4, 4, 4, 3, 3, 2, 2, 1, 0, 0, 0, 0, 0, 0, 0, 0, 0, 0, 0, 0, 0, 0, 0, 0, 0, 0, 0, 0, 0, 0, 0, 0]
[-89, -111, -122, 0, 0, 0, 0, 0, 0, 0, 0, 0, 0, 0, 0, 0, 0, 0, 0, 0, 0, 0, 0, 0, 0, 0, 0, 0, 0, 0, 0, 0, 0, 0, 0, 0, 0, 0, 0, 0, 0, 0, 0, 0, 0, 0, 0, 0, 0, 0, 0, 0, 0, 0, 0, 0, 0, 0, 0, 0, 0, 0, 0, 0, 0, 0, 0, 0, 0, 0, 0, 0, 0, 0, 0, 0, 0, 0, 0, 0, 0, 0, 0, 0, 0, 0, 0, 0, 0, 0, 0, 0, 0, 0, 0, 0, 0, 0, 0, 0]
[0, 0, -85, -68, -35, -2, 4, 11, 5, -12, -14, 4, 20, 47, 77, 99, 112, 120, 108, 95, 72, 43, 26, 12, 1, -5, -12, -14, -14, -11, -6, 0, 2, 1, 3, 8, 15, 15, 9, 3, 2, 2, 2, 1, 1, 1, 1, 1, 0, 0, 0, 0, 0, 0, -1, -3, -3, -2, -2, -2, -1, -1, -1, 0, 0, -1, -1, -1, 0, 0, 0, 0, 0, 0, 0, 0, 0, 0, 0, 0, 0, 0, 0, 0, 0, 0, 0, 0, 0, 0, 0, 0, 0, 0, 0, 0, 0, 0, 0, 0]
[-85, -108, -127, -134, -101, -85, -56, -26, -10, 19, 3, -5, -17, -8, 3, 20, 46, 65, 80, 96, 100, 100, 79, 48, 38, 38, 29, 20, 7, 0, -1, -1, 0, 2, 0, -3, -5, -4, -2, -1, 0, 4, 1, -4, -5, -3, -2, -2, -3, -3, -2, -2, -3, -2, -1, -1, -1, -1, -1, -1, -1, 0, 0, -1, -1, -1, -1, -1, -1, 0, 0, 0, 0, 0, 0, 0, 0, 0, 0, 0, 0, 0, 0, 0, 1, 0, 0, 0, 0, 0, 0, 0, 0, 0, 0, 0, 0, 0, 0, 0]
[-66, -91, 0, 0, 0, 0, 0, 0, 0, 0, 0, 0, 0, 0, 0, 0, 0, 0, 0, 0, 0, 0, 0, 0, 0, 0, 0, 0, 0, 0, 0, 0, 0, 0, 0, 0, 0, 0, 0, 0, 0, 0, 0, 0, 0, 0, 0, 0, 0, 0, 0, 0, 0, 0, 0, 0, 0, 0, 0, 0, 0, 0, 0, 0, 0, 0, 0, 0, 0, 0, 0, 0, 0, 0, 0, 0, 0, 0, 0, 0, 0, 0, 0, 0, 0, 0, 0, 0, 0, 0, 0, 0, 0, 0, 0, 0, 0, 0, 0, 0]
[0, -112, -79, -59, -27, -1, 1, 7, 9, -12, -6, 6, 26, 55, 83, 95, 101, 95, 80, 68, 45, 27, 21, 15, 10, 6, 0, -5, -7, -4, 3, 11, 11, 5, 1, 3, 6, 9, 9, 8, 6, 5, 4, 3, 1, 0, 0, -1, -1, -1, -1, -1, -1, 0, 0, 0, 0, 0, 0, 0, 0, 0, 0, 0, -1, 0, 0, 0, 0, 0, 0, 0, 0, 0, 0, 0, 0, 0, 0, 0, 0, 0, 0, 0, 0, 0, 0, 0, 0, 0, 0, 0, 0, 0, 0, 0, 0, 0, 0, 0]
[-68, -93, -109, -75, -55, -31, -16, -18, 0, 9, -18, -17, -2, 12, 40, 69, 84, 96, 94, 93, 90, 80, 72, 61, 49, 35, 24, 14, 2, -6, -15, -25, -29, -26, -22, -17, -10, -6, -5, -5, -5, -3, -1, 0, 0, 0, -1, -1, 0, -1, 0, 0, 1, 1, 1, 0, 0, 1, 3, 3, 3, 2, 1, 0, 0, 0, 0, 0, 0, -1, -1, -1, -1, -1, -1, -1, -1, -1, -1, -1, -1, -1, -1, -1, 0, 0, 0, 1, 1, 1, 1, 1, 1, 1, 1, 1, 1, 1, 0, 0]
[-48, -76, -98, -61, -45, -16, 6, 0, -10, -16, -36, -21, -4, 15, 48, 76, 92, 98, 94, 87, 68, 55, 48, 42, 38, 29, 18, 8, 0, -5, -10, -16, -19, -20, -19, -16, -12, -10, -8, -7, -5, -5, -4, -3, -1, -1, -1, 0, 0, 0, 0, 2, 3, 2, 2, 2, 2, 2, 1, 1, 1, 1, 1, 1, 1, 1, 1, 2, 1, 0, -1, -1, 0, 0, 0, 1, 2, 1, 1, 1, 2, 1, 1, 1, 1, 1, 1, 1, 1, 1, 0, 0, 0, 0, 0, 0, 0, 0, 0, 0]
[-64, -90, -112, -83, -58, -27, 5, 5, 6, 1, -8, -3, 13, 38, 69, 96, 115, 121, 115, 92, 68, 48, 29, 21, 21, 20, 13, 4, -2, -5, -8, -10, -10, -9, -8, -6, -3, 0, 1, 2, 1, 0, 0, 0, 0, 0, -2, -2, -2, -2, -4, -6, -6, -4, -2, -1, -1, 0, 1, 2, 2, 2, 2, 2, 2, 2, 2, 1, 1, 1, 1, 1, 1, 1, 1, 1, 1, 1, 1, 1, 1, 0, 0, 0, 0, 0, 0, 0, 0, 0, 0, 0, 0, -1, 0, 0, 0, 0, 0, 0]
[-75, -99, -111, -73, -57, -18, 13, 45, 33, 24, 20, 18, 19, 21, 23, 21, 18, 15, 12, 9, 8, 6, 5, 3, 2, 1, 0, 0, 0, 0, 0, 0, 0, 0, 0, 0, 0, 0, 1, 1, 0, 0, 0, 1, 0, 0, 0, 0, 0, 0, 0, 0, 0, 0, 0, 0, 0, 0, 0, 0, 0, 0, 0, -1, -2, -2, -2, -2, -2, -2, -2, -1, -1, -1, -1, -1, -1, -1, -1, -1, 0, 0, 0, 0, 0, 0, 0, 0, 0, 0, 0, 0, 0, 0, 0, 0, 0, 0, 0, 0]
[-71, -95, -112, -66, -50, -18, 9, 7, 20, 24, 3, 15, 43, 66, 86, 104, 113, 108, 100, 85, 65, 43, 31, 31, 33, 28, 18, 7, 0, -4, -7, -8, -6, -4, -1, 3, 8, 9, 9, 6, 5, 4, 3, 3, 2, 1, 1, 1, 1, 1, 1, 1, 1, 1, 0, 0, 0, 0, 0, 0, 0, 0, 0, 0, 0, 0, 0, 0, 0, 0, 0, 0, 0, 0, 0, 0, 0, 0, 0, 0, 0, 0, 0, 0, -1, -1, -1, -1, -1, -1, -1, -1, -1, -1, -1, -1, 0, 0, 0, 0]
[-81, -104, -112, -61, -37, -9, 10, 9, 2, 15, 31, 39, 65, 87, 98, 110, 113, 114, 105, 92, 83, 71, 64, 52, 43, 40, 37, 35, 31, 26, 22, 16, 12, 10, 8, 7, 7, 5, 1, -1, -3, -6, -6, -5, -4, -3, -3, -3, -3, -3, -3, 0, 2, 1, 0, -1, 0, 0, 0, 1, 0, 0, 1, 1, 0, 1, 1, 1, 1, 0, 1, 2, 2, 1, 1, 0, 0, 0, 0, 0, 0, 0, -1, -1, 0, -1, -1, 0, 0, 0, -1, 0, 0, 0, 0, 0, 0, 0, 0, 0]
[-86, 0, 0, 0, 0, 0, 0, 0, 0, 0, 0, 0, 0, 0, 0, 0, 0, 0, 0, 0, 0, 0, 0, 0, 0, 0, 0, 0, 0, 0, 0, 0, 0, 0, 0, 0, 0, 0, 0, 0, 0, 0, 0, 0, 0, 0, 0, 0, 0, 0, 0, 0, 0, 0, 0, 0, 0, 0, 0, 0, 0, 0, 0, 0, 0, 0, 0, 0, 0, 0, 0, 0, 0, 0, 0, 0, 0, 0, 0, 0, 0, 0, 0, 0, 0, 0, 0, 0, 0, 0, 0, 0, 0, 0, 0, 0, 0, 0, 0, 0]
[-109, -128, -91, -64, -34, 3, 26, 23, 3, -24, -17, -2, 17, 50, 78, 94, 101, 96, 90, 76, 65, 58, 50, 46, 43, 39, 34, 27, 18, 9, 2, -2, -3, -2, -3, -4, -5, -4, -3, -2, -1, 0, 0, 0, 1, 0, 0, 0, 0, 0, 1, 1, 0, 0, 0, 0, 0, 0, 0, 0, -1, -1, 0, 0, -1, -1, 0, 0, 0, 0, 0, 0, 0, 0, 0, 0, 0, 0, 0, 0, 0, 0, 0, 0, 0, 0, 0, 0, 0, 0, 0, 0, 0, 0, 0, 0, 0, 0, 0, 0]
[-63, -89, -111, -103, -55, -27, -4, 23, 27, 28, 13, 23, 39, 65, 92, 114, 129, 135, 132, 120, 89, 63, 53, 46, 40, 35, 30, 21, 10, 1, -5, -9, -10, -10, -9, -7, -6, -6, -6, -6, -4, -2, 1, 4, 2, 0, -2, -2, -2, -2, -1, -1, -1, -1, -1, -1, 0, -1, -1, 0, 0, -1, 0, 0, 0, 0, 0, 0, 1, 1, 1, 1, 1, 0, 0, 0, -1, -1, -1, 0, 0, 0, 0, 0, 0, 0, 0, 0, 0, 0, 0, 0, 0, 0, 0, 0, 0, 0, 0, 0]
[-72, -97, -83, 0, 0, 0, 0, 0, 0, 0, 0, 0, 0, 0, 0, 0, 0, 0, 0, 0, 0, 0, 0, 0, 0, 0, 0, 0, 0, 0, 0, 0, 0, 0, 0, 0, 0, 0, 0, 0, 0, 0, 0, 0, 0, 0, 0, 0, 0, 0, 0, 0, 0, 0, 0, 0, 0, 0, 0, 0, 0, 0, 0, 0, 0, 0, 0, 0, 0, 0, 0, 0, 0, 0, 0, 0, 0, 0, 0, 0, 0, 0, 0, 0, 0, 0, 0, 0, 0, 0, 0, 0, 0, 0, 0, 0, 0, 0, 0, 0]
[0, 0, -46, -32, 6, 32, 50, 43, 5, 7, 34, 46, 65, 92, 106, 118, 127, 128, 124, 103, 84, 70, 57, 46, 32, 21, 10, -1, -11, -16, -18, -18, -17, -16, -13, -12, -10, 0, -1, -1, -1, -2, -2, -1, -1, -1, 0, 0, -1, -1, 0, 0, 0, 0, 0, 0, 0, -1, -1, -1, -1, -1, -1, -1, -1, -1, 0, 0, 0, 0, 0, -1, 0, 0, 0, 0, 0, 0, 0, 0, 0, 0, 0, 1, 0, 0, 0, 0, 0, 0, 0, 0, 1, 2, 2, 0, 0, 0, 0, 0]
[-60, -86, -109, -92, -68, -47, -17, 5, 16, -11, -7, 12, 25, 49, 79, 99, 113, 119, 113, 109, 94, 73, 60, 49, 38, 27, 13, -3, -19, -27, -27, -21, -14, -11, -9, -7, -5, -3, -1, -1, 0, 1, 2, 2, 2, 1, 1, 1, 1, 0, 0, 1, 1, 0, 1, 1, 1, 1, 1, 1, 1, 1, 1, 0, 0, 0, 0, 0, 0, 0, 0, 0, 0, 0, 0, 0, 0, 0, 0, 0, 0, -1, -1, 0, 0, 0, 0, 0, 0, 0, 0, 0, 0, 0, 0, 0, 0, 0, 0, 0]
[-43, -72, -96, -89, -53, -20, 1, 13, -18, -42, -26, -8, 7, 34, 60, 78, 98, 108, 108, 109, 92, 73, 59, 48, 43, 35, 24, 13, 3, -3, -7, -9, -8, -6, -3, -3, -3, -3, -3, -2, 0, 0, 0, 1, 1, 3, 5, 3, 1, 0, 2, 1, 0, 1, 1, 0, 0, 0, 1, 1, 1, 0, 0, 0, 0, 0, 0, 0, 0, 0, 0, 0, 0, 0, 0, 0, 0, 0, 0, 0, 0, 0, 0, 0, 0, 0, 0, 0, 0, 0, 0, 0, 0, 0, 0, 0, 0, 0, 0, 0]
[-54, 0, 0, 0, 0, 0, 0, 0, 0, 0, 0, 0, 0, 0, 0, 0, 0, 0, 0, 0, 0, 0, 0, 0, 0, 0, 0, 0, 0, 0, 0, 0, 0, 0, 0, 0, 0, 0, 0, 0, 0, 0, 0, 0, 0, 0, 0, 0, 0, 0, 0, 0, 0, 0, 0, 0, 0, 0, 0, 0, 0, 0, 0, 0, 0, 0, 0, 0, 0, 0, 0, 0, 0, 0, 0, 0, 0, 0, 0, 0, 0, 0, 0, 0, 0, 0, 0, 0, 0, 0, 0, 0, 0, 0, 0, 0, 0, 0, 0, 0]
[-33, -10, 21, 54, 79, 95, 104, 105, 93, 72, 50, 34, 24, 20, 21, 22, 18, 10, 2, 0, 0, 0, -2, -2, -1, -1, -1, -1, -1, -1, -1, -1, 0, -1, -1, -2, -2, -2, -2, -2, -2, -1, -1, -1, -1, 0, -1, -1, 0, 0, 0, 0, 0, 0, 0, 0, 0, 0, 0, 0, 0, 0, 0, 0, 0, 0, 0, 0, 0, 0, 0, 0, 0, 0, 0, 0, 0, 0, 0, 0, 0, 0, 0, 0, 0, 0, 0, 0, 0, 0, 0, 0, 0, 0, 0, 0, 0, 0, 0, 0]
[-73, -97, -118, -93, -71, -55, -37, -17, -8, -6, -18, -2, 2, 22, 47, 63, 75, 79, 74, 71, 62, 56, 47, 38, 35, 37, 40, 43, 37, 30, 26, 24, 21, 19, 15, 10, 6, 4, 3, 3, 3, 2, 2, 5, 10, 14, 13, 8, 8, 8, 7, 5, 3, -2, -7, -6, -2, -1, -2, -1, -1, -1, -2, -2, -1, -1, -1, 0, 0, 0, 0, 0, 0, 0, 0, 0, 0, 0, 0, -1, -1, -2, -1, -1, -1, -2, -1, -2, -1, 0, 0, 0, 0, 0, -1, -1, 0, 0, -1, -2]
[-60, -86, -109, -104, -61, -39, -11, 11, 21, -14, -25, -5, 1, 19, 52, 79, 102, 116, 119, 122, 109, 90, 78, 69, 61, 55, 51, 43, 34, 26, 21, 18, 15, 12, 9, 5, 3, 2, 1, 1, 1, 1, 1, 1, 0, 0, 0, 1, 1, 1, 1, 1, 0, 0, 1, 1, 1, 1, 1, 1, 0, 0, 0, 0, 0, 0, 0, 0, 0, 0, 0, 1, 0, -1, 0, 1, 0, 0, 0, 0, 0, 0, 0, 0, 0, 0, 0, 0, 0, 1, 1, 1, 1, 1, 1, 0, 0, 0, -1, -1]
[38, 53, 0, 0, 0, 0, 0, 0, 0, 0, 0, 0, 0, 0, 0, 0, 0, 0, 0, 0, 0, 0, 0, 0, 0, 0, 0, 0, 0, 0, 0, 0, 0, 0, 0, 0, 0, 0, 0, 0, 0, 0, 0, 0, 0, 0, 0, 0, 0, 0, 0, 0, 0, 0, 0, 0, 0, 0, 0, 0, 0, 0, 0, 0, 0, 0, 0, 0, 0, 0, 0, 0, 0, 0, 0, 0, 0, 0, 0, 0, 0, 0, 0, 0, 0, 0, 0, 0, 0, 0, 0, 0, 0, 0, 0, 0, 0, 0, 0, 0]
[0, 63, 62, 59, 61, 64, 64, 60, 52, 43, 37, 33, 31, 29, 27, 26, 25, 23, 22, 21, 19, 18, 17, 15, 14, 13, 13, 13, 13, 12, 10, 9, 9, 8, 9, 8, 7, 6, 5, 4, 3, 2, 0, -1, -4, -7, -9, -10, -9, -8, -8, -11, -13, -12, -10, -11, -13, -11, -9, -9, -9, -8, -7, -6, -5, -4, -3, -2, -1, 0, 0, 0, 1, 2, 2, 2, 3, 3, 3, 2, 2, 2, 2, 1, 2, 2, 2, 2, 1, 0, 0, 0, 0, 0, 0, 0, 0, 0, 0, 0]
[83, 108, 0, 0, 0, 0, 0, 0, 0, 0, 0, 0, 0, 0, 0, 0, 0, 0, 0, 0, 0, 0, 0, 0, 0, 0, 0, 0, 0, 0, 0, 0, 0, 0, 0, 0, 0, 0, 0, 0, 0, 0, 0, 0, 0, 0, 0, 0, 0, 0, 0, 0, 0, 0, 0, 0, 0, 0, 0, 0, 0, 0, 0, 0, 0, 0, 0, 0, 0, 0, 0, 0, 0, 0, 0, 0, 0, 0, 0, 0, 0, 0, 0, 0, 0, 0, 0, 0, 0, 0, 0, 0, 0, 0, 0, 0, 0, 0, 0, 0]
[0, 128, 138, 136, 127, 116, 105, 91, 72, 52, 33, 14, -4, -22, -124, -139, -144, -142, -135, -125, -114, -97, 73, 0, 0, 0, 0, 0, 0, 0, 0, 0, 0, 0, 0, 0, 0, 0, 0, 0, 0, 0, 0, 0, 0, 0, 0, 0, 0, 0, 0, 0, 0, 0, 0, 0, 0, 0, 0, 0, 0, 0, 0, 0, 0, 0, 0, 0, 0, 0, 0, 0, 0, 0, 0, 0, 0, 0, 0, 0, 0, 0, 0, 0, 0, 0, 0, 0, 0, 0, 0, 0, 0, 0, 0, 0, 0, 0, 0, 0]
[101, 87, 74, 64, 54, 47, 40, 34, 30, 26, 23, 19, 17, 8, 7, 6, -45, -23, -5, 4, 46, 37, 26, 17, 11, 0, 0, 0, 0, 0, 0, 0, 0, 0, 0, 0, 0, 0, 0, 0, 0, 0, 0, 0, 0, 0, 0, 0, 0, 0, 0, 0, 0, 0, 0, 0, 0, 0, 0, 0, 0, 0, 0, 0, 0, 0, 0, 0, 0, 0, 0, 0, 0, 0, 0, 0, 0, 0, 0, 0, 0, 0, 0, 0, 0, 0, 0, 0, 0, 0, 0, 0, 0, 0, 0, 0, 0, 0, 0, 0]
[85, 0, 0, 0, 0, 0, 0, 0, 0, 0, 0, 0, 0, 0, 0, 0, 0, 0, 0, 0, 0, 0, 0, 0, 0, 0, 0, 0, 0, 0, 0, 0, 0, 0, 0, 0, 0, 0, 0, 0, 0, 0, 0, 0, 0, 0, 0, 0, 0, 0, 0, 0, 0, 0, 0, 0, 0, 0, 0, 0, 0, 0, 0, 0, 0, 0, 0, 0, 0, 0, 0, 0, 0, 0, 0, 0, 0, 0, 0, 0, 0, 0, 0, 0, 0, 0, 0, 0, 0, 0, 0, 0, 0, 0, 0, 0, 0, 0, 0, 0]
[103, 106, 100, 93, 88, 88, 89, 95, 101, 106, 110, 109, 98, 76, 42, 4, -31, -61, -87, -109, -129, -145, -158, -157, -136, -89, -40, 1, 22, 28, 25, 22, 21, 22, 22, 21, 19, 15, 11, 7, 5, 3, 3, 3, 2, 1, 0, 0, 0, 0, 0, 0, 0, 0, 0, 0, 0, 0, 0, 0, 0, 0, 0, 0, 0, 0, 0, 0, 0, 0, 0, 0, 0, 0, 0, 0, 0, 0, 0, 0, 0, 0, 0, 0, 0, 0, 0, 0, 0, 0, 0, 0, 0, 0, 0, 0, 0, 0, 0, 0]
[81, 81, 65, 40, 12, -11, -29, -43, -54, -62, -68, -73, -78, -80, -77, -70, -59, -46, -32, -18, -5, 2, 6, 5, 4, 2, 1, 0, 0, 0, 0, 1, 0, -2, -5, -8, -10, -11, -10, -8, -5, -3, 0, 2, 7, 13, 21, 27, 27, 22, 17, 13, 9, 5, 1, -3, -8, -14, -19, -25, -30, -36, -45, -54, -62, -67, -69, -67, -63, -57, -49, -39, -25, -8, 9, 29, 47, 61, 68, 71, 72, 72, 74, 77, 78, 74, 64, 48, 25, -1, -27, -49, -65, -72, -74, -76, -79, -79, -76, -75]
[-82, -85, -82, -72, -58, -44, -32, -26, -25, -24, -22, -18, -14, -11, -8, -6, -5, -5, -4, -4, -3, -3, -3, -4, -5, -6, -7, -8, -9, -9, -9, -11, -12, -12, -11, -10, -10, -11, -12, -13, -13, -13, -12, -12, -12, -12, -12, -11, -11, -10, -9, -9, -9, -9, -9, -9, -9, -9, -9, -10, -10, -10, -10, -10, -10, -10, -11, -11, -10, -10, -10, -10, -10, -10, -9, -9, -9, -9, -9, -9, -9, -9, -9, -9, -9, -9, -9, -9, -9, -9, -9, -9, -10, -10, -10, -10, -11, -10, -10, -11]
[-83, -102, 0, 0, 0, 0, 0, 0, 0, 0, 0, 0, 0, 0, 0, 0, 0, 0, 0, 0, 0, 0, 0, 0, 0, 0, 0, 0, 0, 0, 0, 0, 0, 0, 0, 0, 0, 0, 0, 0, 0, 0, 0, 0, 0, 0, 0, 0, 0, 0, 0, 0, 0, 0, 0, 0, 0, 0, 0, 0, 0, 0, 0, 0, 0, 0, 0, 0, 0, 0, 0, 0, 0, 0, 0, 0, 0, 0, 0, 0, 0, 0, 0, 0, 0, 0, 0, 0, 0, 0, 0, 0, 0, 0, 0, 0, 0, 0, 0, 0]
[0, -122, -118, -79, -63, -63, -66, -70, -69, -65, -61, -58, -56, -56, -56, -55, -54, -52, -49, -45, -42, -38, -35, -34, -33, -31, -29, -28, -26, -23, -20, -18, -17, -17, -16, -16, -15, -15, -16, -16, -15, -14, -13, -13, -13, -12, -12, -12, -11, -11, -11, -11, -11, -11, -11, -11, -12, -12, -12, -12, -13, -15, -15, -12, -14, -15, -15, -14, -13, -11, -11, -11, -10, -10, -10, -10, -9, -8, -8, -8, -7, -7, -6, -5, -5, -6, -5, -5, -6, -6, -6, 0, 0, 0, 0, 0, 0, 0, 0, 0]
[-84, -109, -129, -144, -155, -159, -153, -134, -100, -53, -11, 25, 56, 79, 93, 99, 98, 92, 86, 80, 73, 66, 60, 54, 48, 39, 29, 20, 12, 4, -1, -6, -10, -11, -11, -11, -11, -11, -11, -11, -11, -11, -11, -11, -10, -10, -10, -10, -11, -11, -10, -10, -10, -10, -9, -9, -9, -10, -10, -10, -10, -10, -10, -10, -10, -10, -10, -11, -11, -12, -12, -12, -13, -14, -14, -16, -18, -18, -16, -12, -11, -11, -11, -11, -11, -10, -9, -8, -9, -10, -10, -12, -13, -13, -12, -12, -11, -10, -9, -11]
[-133, -107, -92, -85, -80, -73, -67, -62, -55, -51, -48, -46, -45, -46, -46, -45, -42, -38, -36, -32, -27, -23, -21, -19, -18, -17, -15, -14, -13, -12, -11, -10, -9, -9, -9, -9, -8, -7, -6, -6, -7, -7, -8, -8, -8, -8, -8, -8, -8, -9, -9, -9, -9, -9, -10, -11, -11, -11, -10, -10, -10, -10, -10, -10, -9, -9, -9, -9, -9, -9, -12, -13, -13, -12, -12, -12, -12, -11, -11, -11, -11, -11, -11, -11, -11, -10, -10, -10, -10, -10, -10, 0, 0, 0, 0, 0, 0, 0, 0, 0]
[86, 109, 128, 145, 159, 166, 154, 128, 92, 55, 21, -17, -51, -80, -104, -119, -129, -142, -156, -164, -165, -161, -153, -140, -130, -122, -111, -98, -87, -77, -69, -62, -54, -48, -41, -35, -30, -25, -21, -17, -15, -12, -11, -9, -9, -7, -6, -5, -4, -4, -4, -3, -2, -2, -2, -1, -1, -2, -2, -3, -3, -4, -6, -6, -7, -8, -8, -8, -8, -8, -8, -8, -8, -8, -9, -9, -9, -9, -10, -9, -10, -10, -10, -10, -10, -10, -10, -10, -10, -9, -9, -9, -9, -9, -9, -9, 0, 0, 0, 0]
[122, 68, 0, 0, 0, 0, 0, 0, 0, 0, 0, 0, 0, 0, 0, 0, 0, 0, 0, 0, 0, 0, 0, 0, 0, 0, 0, 0, 0, 0, 0, 0, 0, 0, 0, 0, 0, 0, 0, 0, 0, 0, 0, 0, 0, 0, 0, 0, 0, 0, 0, 0, 0, 0, 0, 0, 0, 0, 0, 0, 0, 0, 0, 0, 0, 0, 0, 0, 0, 0, 0, 0, 0, 0, 0, 0, 0, 0, 0, 0, 0, 0, 0, 0, 0, 0, 0, 0, 0, 0, 0, 0, 0, 0, 0, 0, 0, 0, 0, 0]
[0, 22, -13, -45, -74, -95, -107, -110, -108, -103, -99, -92, -84, -76, -67, -57, -48, -43, -38, -34, -29, -24, -19, -14, -11, -8, -6, -4, -1, 0, 0, 0, -2, -2, -2, -3, -4, -6, -7, -7, -8, -9, -9, -10, -10, -10, -10, -10, -10, -10, -11, -11, -11, -11, -11, -11, -11, -11, -11, -11, -11, -11, -12, -12, -12, -12, -12, -12, -12, -12, -12, -12, -11, -11, -11, -11, -11, -10, -10, -10, -10, -10, -10, -10, -10, -10, -10, -10, -10, -10, -10, 0, 0, 0, 0, 0, 0, 0, 0, 0]
[81, 104, 124, 142, 151, 142, 124, 102, 78, 44, 3, -33, -65, -92, -115, -135, -152, -166, -168, -160, -146, -131, -114, -98, -86, -76, -68, -61, -55, -48, -43, -38, -33, -30, -27, -24, -22, -21, -19, -18, -16, -14, -13, -12, -11, -10, -9, -9, -8, -8, -8, -8, -8, -8, -9, -9, -9, -10, -10, -11, -11, -11, -12, -12, -12, -12, -12, -11, -11, -11, -11, -11, -11, -11, -10, -10, -10, -9, -9, -9, -9, -9, -11, -10, -8, -8, -9, -11, -12, -11, -10, -10, -11, -11, -10, -10, -10, -10, -10, -10]
[84, 107, 126, 143, 158, 146, 112, 70, 25, -14, -49, -78, -103, -125, -143, -159, -167, -168, -164, -157, -147, -135, -119, -103, -87, -75, -65, -58, -49, -42, -37, -34, -32, -29, -26, -24, -23, -21, -20, -19, -18, -17, -16, -15, -14, -14, -13, -13, -12, -11, -11, -11, -11, -11, -11, -11, -11, -11, -10, -10, -10, -10, -10, -10, -10, -10, -10, -10, -10, -10, -9, -9, -9, -9, -8, -7, -6, -6, -6, -5, -3, -3, -5, -6, -7, -8, -8, -9, -10, -10, -10, -11, -11, -11, -11, -11, -11, -11, -10, -11]
[81, 105, 125, 142, 156, 158, 139, 112, 83, 46, 3, -32, -64, -91, -115, -135, -150, -160, -162, -159, -153, -142, -129, -115, -103, -92, -81, -71, -62, -55, -49, -45, -41, -38, -34, -31, -29, -26, -24, -22, -20, -19, -18, -17, -15, -14, -12, -12, -11, -11, -11, -11, -11, -11, -11, -11, -11, -11, -12, -12, -12, -12, -12, -12, -11, -11, -11, -11, -11, -10, -10, -10, -10, -10, -10, -9, -9, -9, -10, -10, -10, -10, -11, -11, -11, -11, -11, -11, -10, -10, -10, -10, -10, -10, -10, -10, 0, 0, 0, 0]
[86, 109, 128, 145, 154, 138, 109, 76, 34, -7, -42, -72, -98, -121, -140, -151, -154, -150, -139, -125, -110, -96, -85, -74, -66, -58, -52, -32, -28, -25, -23, -21, -19, -17, -16, -16, -15, -14, -14, -13, -13, -13, -13, -13, -13, -14, -14, -14, -14, -14, -13, -13, -13, -12, -12, -12, -11, -11, -11, -10, -10, -10, -10, -10, -10, -10, -10, -10, -10, -10, -10, -10, -10, -11, -11, -11, -11, -11, -11, -11, -11, -10, -10, -10, -10, -10, -10, -10, -10, -10, -10, -11, -10, -10, -11, -11, 0, 0, 0, 0]
[81, 105, 125, 142, 155, 147, 122, 89, 48, 4, -32, -63, -91, -114, -134, -144, -145, -140, -130, -118, -104, -91, -80, -70, -61, -53, -47, -42, -37, -32, -28, -24, -21, -19, -18, -18, -17, -17, -16, -16, -16, -15, -15, -14, -13, -13, -13, -13, -13, -12, -12, -11, -11, -11, -11, -11, -11, -11, -11, -11, -11, -11, -11, -11, -11, -10, -10, -10, -10, -10, -10, -10, -10, -10, -10, -10, -10, -10, -10, -10, -10, -10, -10, -11, -10, -11, -11, -11, -11, -11, -11, -11, -10, -10, -10, -10, -10, -10, -10, -10]
[81, 104, 124, 141, 145, 116, 68, 22, -17, -51, -80, -105, -126, -144, -160, -159, -146, -129, -113, -100, -89, -76, -66, -59, -51, -44, -39, -34, -30, -27, -24, -20, -17, -15, -13, -12, -11, -11, -11, -11, -11, -11, -10, -9, -8, -8, -8, -7, -7, -7, -6, -6, -6, -7, -7, -7, -8, -8, -9, -10, -10, -10, -10, -10, -10, -10, -10, -10, -9, -9, -9, -9, -9, -9, -9, -9, -9, -9, -9, -9, -9, -9, -9, -9, -10, -10, -9, -9, -9, -9, -9, -9, -9, -9, -9, -9, -9, -9, -10, -10]
[82, 0, 0, 0, 0, 0, 0, 0, 0, 0, 0, 0, 0, 0, 0, 0, 0, 0, 0, 0, 0, 0, 0, 0, 0, 0, 0, 0, 0, 0, 0, 0, 0, 0, 0, 0, 0, 0, 0, 0, 0, 0, 0, 0, 0, 0, 0, 0, 0, 0, 0, 0, 0, 0, 0, 0, 0, 0, 0, 0, 0, 0, 0, 0, 0, 0, 0, 0, 0, 0, 0, 0, 0, 0, 0, 0, 0, 0, 0, 0, 0, 0, 0, 0, 0, 0, 0, 0, 0, 0, 0, 0, 0, 0, 0, 0, 0, 0, 0, 0]
[105, 79, 61, 50, 40, 32, 26, 21, 16, 12, 11, 9, 7, 6, 5, 4, 3, 2, 1, 0, -1, -2, -3, -4, -5, -6, -6, -7, -7, -7, -7, -8, -8, -7, -7, -7, -7, -8, -8, -8, -8, -9, -9, -10, -10, -10, -11, -11, -11, -11, -11, -11, -11, -11, -11, -10, -10, -10, -10, -10, -10, -10, -9, -9, -9, -9, -9, -9, -9, -9, -9, -9, -9, -9, -9, -9, -9, -9, -10, -10, -10, -10, -10, -10, -10, -10, -11, -11, -11, -11, -11, 0, 0, 0, 0, 0, 0, 0, 0, 0]
[86, 108, 128, 145, 159, 157, 134, 99, 51, 7, -29, -61, -89, -113, -133, -146, -149, -143, -131, -72, -63, -55, -48, -43, -39, -35, -33, -30, -28, -26, -23, -21, -19, -18, -17, -16, -15, -14, -13, -12, -12, -11, -11, -10, -10, -10, -11, -11, -11, -11, -11, -11, -11, -11, -11, -11, -11, -11, -10, -10, -10, -10, -10, -9, -9, -9, -9, -9, -9, -9, -9, -9, -9, -9, -9, -9, -9, -9, -9, -10, -10, -9, -9, -9, -10, -10, -10, -10, -10, -11, -11, 0, 0, 0, 0, 0, 0, 0, 0, 0]
[87, 110, 129, 145, 160, 163, 140, 108, 68, 22, -17, -51, -80, -105, -126, -144, -157, -159, -151, -137, -120, -103, -88, -76, -66, -57, -49, -42, -36, -31, -26, -23, -20, -18, -16, -14, -14, -13, -13, -13, -13, -12, -11, -11, -10, -9, -7, -6, -5, -6, -6, -5, -6, -6, -7, -7, -7, -8, -9, -9, -9, -10, -10, -11, -11, -12, -12, -11, -11, -11, -10, -10, -10, -9, -9, -9, -9, -9, -9, -9, -9, -9, -9, -9, -9, -10, -9, -9, -10, -10, -11, -12, -12, -12, -12, -12, -12, -13, -13, -13]
[88, 110, 129, 146, 158, 154, 133, 100, 55, 10, -26, -59, -87, -111, -131, -144, -146, -142, -132, -120, -107, -94, -81, -72, -64, -57, -51, -46, -42, -37, -33, -30, -27, -25, -23, -21, -20, -19, -18, -17, -17, -16, -16, -15, -15, -14, -14, -13, -13, -12, -12, -12, -11, -11, -11, -11, -11, -11, -11, -12, -12, -12, -12, -12, -12, -12, -12, -11, -11, -11, -11, -10, -10, -10, -10, -9, -9, -10, -10, -10, -10, -10, -10, -10, -10, -10, -10, -10, -10, -10, -10, -10, -10, -10, -10, -10, -10, -10, -10, -10]
[81, 0, 0, 0, 0, 0, 0, 0, 0, 0, 0, 0, 0, 0, 0, 0, 0, 0, 0, 0, 0, 0, 0, 0, 0, 0, 0, 0, 0, 0, 0, 0, 0, 0, 0, 0, 0, 0, 0, 0, 0, 0, 0, 0, 0, 0, 0, 0, 0, 0, 0, 0, 0, 0, 0, 0, 0, 0, 0, 0, 0, 0, 0, 0, 0, 0, 0, 0, 0, 0, 0, 0, 0, 0, 0, 0, 0, 0, 0, 0, 0, 0, 0, 0, 0, 0, 0, 0, 0, 0, 0, 0, 0, 0, 0, 0, 0, 0, 0, 0]
[104, 124, 141, 46, 42, 37, 32, 27, 23, 18, 14, 10, 7, 5, 4, 2, 0, 0, 0, 0, -1, -1, -2, -4, -4, -5, -6, -7, -7, -7, -7, -8, -8, -8, -8, -8, -8, -8, -8, -8, -9, -10, -10, -11, -11, -12, -12, -12, -13, -12, -13, -13, -12, -12, -12, -11, -11, -10, -10, -10, -10, -10, -10, -10, -10, -10, -10, -11, -10, -11, -11, -10, -10, -10, -10, -10, -10, -10, -9, -9, -9, -9, -9, -10, -9, -9, -10, -10, -10, -10, -10, 0, 0, 0, 0, 0, 0, 0, 0, 0]
[87, 110, 129, 145, 150, 125, 80, 32, -8, -43, -73, -99, -118, -128, -130, -125, -116, -105, -92, -81, -73, -65, -58, -51, -45, -40, -36, -32, -29, -25, -23, -21, -20, -18, -17, -16, -16, -16, -15, -15, -14, -14, -13, -13, -12, -11, -11, -11, -10, -10, -10, -9, -9, -9, -9, -9, -9, -9, -9, -10, -10, -10, -10, -10, -10, -10, -10, -10, -9, -9, -9, -8, -8, -8, -8, -8, -9, -9, -9, -10, -10, -10, -11, -11, -11, -11, -12, -12, -11, -11, -11, -11, -11, -11, -11, -11, -11, -11, -11, -10]
[84, 107, 127, 144, 152, 136, 96, 46, 3, -33, -64, -91, -113, -127, -133, -132, -124, -112, -97, -83, -72, -64, -57, -50, -45, -40, -36, -32, -28, -24, -21, -19, -17, -15, -14, -13, -12, -12, -11, -11, -10, -9, -9, -8, -8, -7, -6, -6, -6, -7, -7, -7, -7, -8, -8, -9, -9, -10, -11, -11, -11, -12, -12, -12, -12, -12, -12, -12, -11, -11, -11, -11, -11, -11, -10, -11, -11, -11, -11, -11, -12, -12, -12, -12, -12, -12, -12, -12, -12, -11, -10, -10, -10, -10, -10, -10, -10, -10, -11, -11]
[82, 105, 125, 142, 157, 168, 164, 144, 119, 89, 46, 3, -33, -65, -92, -115, -135, -151, -159, -157, -148, -134, -120, -106, -94, -83, -74, -67, -60, -54, -47, -40, -34, -29, -26, -23, -21, -19, -17, -15, -13, -13, -13, -10, -10, -10, -10, -11, -11, -11, -11, -11, -10, -10, -10, -10, -9, -9, -9, -9, -9, -10, -9, -10, -10, -10, -10, -10, -10, -10, -10, -11, -11, -10, -10, -11, -10, -11, -11, -11, -10, -10, -10, -10, -10, -10, -9, -10, -10, -10, -10, -10, -10, -10, -10, -11, 0, 0, 0, 0]
[81, 104, 124, 141, 155, 145, 113, 64, 19, -20, -53, -82, -106, -128, -143, -144, -132, -116, -102, -88, -75, -64, -54, -48, -42, -37, -33, -29, -26, -24, -21, -19, -17, -15, -13, -13, -13, -12, -12, -12, -12, -11, -11, -11, -10, -9, -9, -9, -9, -9, -9, -9, -9, -9, -9, -10, -10, -10, -10, -11, -11, -11, -11, -11, -11, -11, -11, -11, -11, -11, -11, -11, -11, -11, -11, -11, -11, -11, -11, -11, -11, -11, -11, -11, -11, -11, -11, -11, -10, -10, -10, -10, -10, -10, -10, -10, -10, -10, -10, -10]
[84, 107, 126, 143, 158, 148, 108, 57, 13, -24, -57, -85, -110, -130, -147, -147, -135, -118, -101, -87, -75, -66, -58, -52, -46, -40, -35, -31, -27, -23, -21, -18, -16, -14, -13, -13, -12, -11, -11, -11, -10, -10, -10, -10, -9, -9, -8, -8, -8, -8, -8, -8, -9, -9, -9, -9, -9, -9, -9, -9, -9, -9, -9, -9, -10, -10, -10, -10, -10, -10, -11, -12, -13, -12, -12, -11, -12, -13, -13, -12, -12, -12, -12, -12, -12, -12, -11, -12, -11, -11, -11, -11, -10, -10, -10, -11, 0, 0, 0, 0]
[86, 130, 112, 95, 81, 68, 58, 49, 42, 34, 28, 25, 22, 19, 16, 14, 12, 11, 10, 7, 2, 0, 0, -2, -3, -4, -6, -7, -8, -8, -9, -9, -9, -8, -8, -8, -8, -8, -8, -8, -8, -9, -9, -9, -10, -10, -10, -11, -11, -11, -11, -11, -10, -10, -11, -10, -10, -10, -10, -9, -10, -9, -10, -10, -11, -11, -11, -11, -11, -11, -11, -10, -9, -9, -10, -10, -10, -10, -10, -10, -10, -10, -10, -10, -10, -10, -10, -10, -10, -10, -10, 0, 0, 0, 0, 0, 0, 0, 0, 0]
[82, 105, 125, 139, 119, 74, 27, -12, -47, -76, -102, -123, -131, -122, -107, -92, -76, -65, -58, -51, -45, -41, -38, -34, -29, -26, -22, -18, -15, -12, -11, -10, -10, -10, -9, -9, -10, -11, -11, -11, -11, -10, -10, -10, -9, -9, -9, -9, -9, -9, -9, -8, -8, -8, -9, -9, -10, -10, -10, -11, -12, -12, -12, -12, -12, -13, -13, -12, -12, -13, -12, -12, -12, -11, -11, -11, -11, -11, -11, -11, -11, -11, -11, -12, -11, -11, -11, -11, -11, -11, -11, -10, -10, -10, -10, -10, -10, -9, -8, -8]
[88, 110, 129, 146, 160, 149, 111, 60, 15, -22, -56, -84, -108, -129, -141, -139, -131, -121, -109, -94, -80, -68, -59, -52, -46, -40, -36, -32, -28, -25, -21, -18, -15, -13, -12, -12, -12, -12, -12, -12, -11, -11, -12, -12, -12, -9, -9, -10, -10, -11, -11, -11, -10, -11, -10, -10, -10, -10, -10, -10, -10, -10, -10, -10, -10, -10, -10, -10, -10, -10, -10, -10, -10, -10, -10, -10, -10, -10, -10, -9, -9, -10, -9, -9, -9, -9, -9, -9, -9, -9, -9, -9, -9, -9, -9, -10, 0, 0, 0, 0]
[83, 106, 126, 143, 153, 127, 74, 27, -12, -47, -76, -102, -118, -112, -97, -84, -73, -63, -53, -44, -36, -29, -26, -23, -19, -17, -15, -13, -12, -11, -9, -9, -9, -10, -11, -11, -12, -13, -14, -15, -15, -14, -14, -13, -12, -11, -11, -11, -11, -10, -10, -9, -9, -9, -9, -10, -11, -11, -11, -12, -13, -12, -12, -12, -12, -12, -13, -12, -12, -12, -12, -12, -11, -11, -11, -11, -11, -11, -11, -11, -11, -11, -10, -10, -10, -10, -10, -10, -10, -10, -10, -10, -9, -9, -10, -9, 0, 0, 0, 0]
[88, 111, 130, 146, 149, 107, 56, 11, -26, -58, -86, -110, -127, -125, -111, -96, -87, -77, -67, -59, -54, -47, -40, -35, -31, -25, -20, -16, -14, -13, -12, -12, -11, -10, -10, -10, -11, -11, -12, -12, -12, -12, -12, -12, -11, -10, -9, -10, -10, -10, -10, -10, -10, -9, -9, -10, -10, -10, -10, -10, -10, -11, -11, -11, -11, -11, -11, -11, -11, -11, -11, -10, -10, -10, -10, -10, -10, -10, -10, -9, -9, -10, -10, -9, -9, -9, -9, -9, -9, -9, -9, -9, -9, -9, -9, -9, -9, -9, -9, -9]
[85, 108, 127, 142, 130, 91, 42, -90, -79, -68, -58, -51, -43, -35, -30, -26, -21, -18, -15, -12, -11, -11, -11, -11, -11, -11, -11, -11, -11, -11, -10, -10, -9, -9, -9, -9, -9, -9, -9, -9, -9, -9, -10, -10, -10, -11, -11, -11, -11, -11, -10, -10, -11, -11, -11, -12, -12, -12, -12, -12, -12, -12, -12, -11, -11, -11, -11, -11, -11, -11, -11, -11, -11, -11, -11, -11, -11, -11, -11, -11, -11, -11, -11, -11, -11, -11, -10, -10, -10, -10, -9, 0, 0, 0, 0, 0, 0, 0, 0, 0]
[88, 110, 129, 143, 125, 89, 41, 0, -36, -67, -94, -117, -132, -118, -95, -49, -42, -35, -30, -26, -23, -21, -19, -18, -17, -16, -15, -14, -14, -13, -13, -12, -12, -11, -11, -10, -10, -10, -10, -10, -10, -10, -11, -12, -12, -12, -11, -11, -11, -10, -10, -9, -8, -8, -7, -7, -7, -7, -7, -7, -7, -7, -8, -8, -7, -8, -9, -10, -10, -10, -11, -10, -10, -10, -10, -9, -9, -9, -10, -10, -11, -12, -11, -11, -11, -11, -11, -12, -13, -13, -14, -14, 0, 0, 0, 0, 0, 0, 0, 0]
[86, 109, 128, 142, 113, 60, 15, -23, -56, -84, -95, -81, -63, -50, -42, -36, -30, -24, -17, -12, -12, -13, -13, -11, -10, -9, -9, -10, -10, -9, -9, -8, -8, -8, -8, -8, -9, -9, -9, -9, -10, -9, -10, -10, -10, -11, -11, -11, -10, -10, -9, -10, -10, -10, -11, -11, -11, -11, -12, -12, -12, -13, -13, -13, -13, -13, -12, -12, -11, -10, -10, -10, -10, -9, -9, -10, -10, -10, -11, -11, -11, -12, -12, -12, -12, -12, -11, -11, -11, -11, -10, -10, -10, -10, -10, -10, -10, -10, -10, -10]
[85, 0, 0, 0, 0, 0, 0, 0, 0, 0, 0, 0, 0, 0, 0, 0, 0, 0, 0, 0, 0, 0, 0, 0, 0, 0, 0, 0, 0, 0, 0, 0, 0, 0, 0, 0, 0, 0, 0, 0, 0, 0, 0, 0, 0, 0, 0, 0, 0, 0, 0, 0, 0, 0, 0, 0, 0, 0, 0, 0, 0, 0, 0, 0, 0, 0, 0, 0, 0, 0, 0, 0, 0, 0, 0, 0, 0, 0, 0, 0, 0, 0, 0, 0, 0, 0, 0, 0, 0, 0, 0, 0, 0, 0, 0, 0, 0, 0, 0, 0]
[108, 127, 144, 151, 111, 59, 14, -23, -56, -111, -96, -83, -72, -63, -54, -47, -41, -36, -32, -29, -26, -24, -22, -21, -19, -18, -17, -17, -16, -16, -15, -14, -13, -13, -12, -11, -11, -12, -12, -12, -12, -11, -11, -11, -11, -10, -10, -10, -10, -10, -10, -10, -10, -10, -10, -10, -10, -10, -10, -10, -10, -10, -10, -10, -11, -11, -11, -11, -11, -11, -11, -10, -10, -10, -10, -10, -11, -11, -12, -12, -11, -12, -12, -11, -11, -11, -11, -11, -11, -11, -11, 0, 0, 0, 0, 0, 0, 0, 0, 0]
[81, 105, 125, 142, 139, 92, 42, 0, -35, -67, -93, -110, -114, -112, -106, -98, -89, -79, -70, -61, -53, -48, -43, -38, -34, -31, -27, -24, -21, -19, -17, -15, -14, -13, -12, -11, -11, -11, -11, -10, -10, -10, -8, -6, -4, -3, -4, -5, -5, -6, -7, -7, -8, -8, -8, -10, -11, -12, -11, -11, -12, -13, -13, -13, -13, -13, -13, -13, -13, -13, -13, -12, -12, -12, -11, -11, -11, -11, -10, -10, -10, -11, -11, -11, -11, -11, -11, -11, -11, -10, -10, -10, -10, -10, -10, -10, -10, -10, -10, -10]
[87, 110, 129, 0, 0, 0, 0, 0, 0, 0, 0, 0, 0, 0, 0, 0, 0, 0, 0, 0, 0, 0, 0, 0, 0, 0, 0, 0, 0, 0, 0, 0, 0, 0, 0, 0, 0, 0, 0, 0, 0, 0, 0, 0, 0, 0, 0, 0, 0, 0, 0, 0, 0, 0, 0, 0, 0, 0, 0, 0, 0, 0, 0, 0, 0, 0, 0, 0, 0, 0, 0, 0, 0, 0, 0, 0, 0, 0, 0, 0, 0, 0, 0, 0, 0, 0, 0, 0, 0, 0, 0, 0, 0, 0, 0, 0, 0, 0, 0, 0]
[0, 0, 145, 144, 108, 56, 12, -26, -58, -86, -110, -121, -115, -101, -86, -73, -63, -56, -49, -42, -36, -31, -26, -23, -20, -19, -18, -17, -16, -15, -14, -13, -11, -11, -11, -12, -12, -12, -12, -12, -12, -12, -12, -11, -11, -11, -11, -10, -10, -10, -10, -10, -10, -10, -10, -10, -10, -11, -11, -11, -11, -12, -12, -11, -11, -12, -12, -12, -12, -11, -11, -11, -11, -10, -10, -10, -10, -10, -10, -10, -10, -11, -11, -11, -10, -10, -11, -11, -11, -10, -10, -10, -10, -10, 0, 0, 0, 0, 0, 0]
[82, 105, 125, 139, 121, 81, 33, -7, -42, -73, -98, -116, -114, -105, -94, -84, -74, -65, -58, -51, -44, -38, -34, -30, -25, -22, -19, -17, -15, -13, -12, -10, -10, -10, -10, -10, -11, -11, -11, -11, -12, -12, -11, -11, -11, -11, -10, -10, -10, -10, -10, -10, -10, -10, -10, -10, -10, -11, -11, -11, -11, -12, -12, -12, -12, -12, -12, -12, -12, -12, -11, -11, -11, -11, -11, -11, -11, -11, -11, -11, -11, -12, -12, -12, -12, -12, -12, -12, -12, -11, -11, -11, -11, -11, -10, -10, 0, 0, 0, 0]
[87, 0, 0, 0, 0, 0, 0, 0, 0, 0, 0, 0, 0, 0, 0, 0, 0, 0, 0, 0, 0, 0, 0, 0, 0, 0, 0, 0, 0, 0, 0, 0, 0, 0, 0, 0, 0, 0, 0, 0, 0, 0, 0, 0, 0, 0, 0, 0, 0, 0, 0, 0, 0, 0, 0, 0, 0, 0, 0, 0, 0, 0, 0, 0, 0, 0, 0, 0, 0, 0, 0, 0, 0, 0, 0, 0, 0, 0, 0, 0, 0, 0, 0, 0, 0, 0, 0, 0, 0, 0, 0, 0, 0, 0, 0, 0, 0, 0, 0, 0]
[109, 129, 144, 124, 76, 29, -11, -45, -75, -101, -117, -120, -112, -100, -87, -77, -67, -61, -54, -46, -41, -37, -32, -28, -25, -22, -18, -15, -13, -11, -10, -10, -10, -9, -10, -10, -11, -11, -11, -12, -12, -11, -11, -11, -10, -10, -10, -10, -10, -10, -9, -9, -9, -9, -9, -10, -10, -10, -11, -11, -11, -11, -12, -12, -12, -12, -11, -11, -11, -11, -10, -10, -10, -10, -10, -10, -10, -11, -11, -11, -11, -11, -11, -11, -10, -10, -10, -10, -10, -10, -9, -9, -9, -9, -9, -9, -9, -10, -10, 0]
[82, 105, 125, 122, 85, 42, 0, -36, -67, -94, -117, -136, -153, -164, -161, -144, -124, -106, -92, -81, -71, -62, -55, -49, -43, -39, -35, -31, -28, -25, -23, -20, -17, -16, -16, -15, -14, -14, -14, -13, -11, -9, -8, -7, -8, -8, -8, -8, -8, -8, -8, -8, -8, -8, -9, -9, -9, -9, -10, -10, -11, -11, -11, -11, -11, -11, -10, -10, -9, -9, -10, -10, -10, -10, -10, -10, -10, -10, -10, -10, -11, -11, -11, -11, -10, -10, -10, -10, -10, -10, -10, -10, -10, -10, -10, -10, -9, -9, -9, -9]
[86, 0, 0, 0, 0, 0, 0, 0, 0, 0, 0, 0, 0, 0, 0, 0, 0, 0, 0, 0, 0, 0, 0, 0, 0, 0, 0, 0, 0, 0, 0, 0, 0, 0, 0, 0, 0, 0, 0, 0, 0, 0, 0, 0, 0, 0, 0, 0, 0, 0, 0, 0, 0, 0, 0, 0, 0, 0, 0, 0, 0, 0, 0, 0, 0, 0, 0, 0, 0, 0, 0, 0, 0, 0, 0, 0, 0, 0, 0, 0, 0, 0, 0, 0, 0, 0, 0, 0, 0, 0, 0, 0, 0, 0, 0, 0, 0, 0, 0, 0]
[108, 128, 144, 134, 89, 40, -1, -37, -68, -95, -114, -128, -141, -144, -140, -133, -124, -114, -104, -91, -78, -66, -57, -50, -46, -42, -39, -36, -33, -30, -27, -25, -23, -22, -21, -20, -18, -17, -17, -17, -17, -17, -16, -14, -15, -16, -15, -12, -12, -12, -11, -11, -11, -11, -10, -9, -8, -10, -11, -10, -10, -11, -10, -10, -12, -11, -11, -10, -10, -10, -10, -10, -11, -11, -10, -11, -10, -10, -9, -9, -9, -9, -9, -9, -9, -9, -9, -9, -9, -9, -10, -10, -10, -10, 0, 0, 0, 0, 0, 0]
[82, 106, 117, 120, 127, 144, 158, 171, 177, 149, 92, 43, 0, -35, -66, -92, -106, -109, -109, -106, -101, -93, -81, -72, -66, -60, -52, -44, -38, -32, -27, -23, -20, -17, -15, -13, -12, -11, -11, -11, -11, -10, -10, -10, -9, -9, -9, -9, -8, -8, -8, -8, -8, -8, -7, -7, -7, -6, -7, -8, -8, -8, -9, -9, -9, -9, -9, -9, -9, -9, -9, -9, -8, -8, -10, -10, -10, -10, -11, -11, -12, -12, -14, -14, -13, -14, -15, -16, -16, -14, -12, -11, -11, -10, -11, -11, -12, -12, -11, 0]
[-12, 87, 109, 129, 145, 126, -132, -115, -108, -108, -102, -93, -81, -66, -53, -46, -41, -38, -36, -34, -30, -23, -16, -15, -16, -15, -13, -11, -8, -5, -4, -5, -7, -10, -14, -17, -17, -14, -12, -10, -10, -10, -10, -9, -8, -8, -7, -7, -6, -5, -6, -7, -8, -9, -8, -8, -9, -8, -9, -10, -9, -8, -7, -7, -6, -5, -4, -7, -9, -9, -10, -10, -8, -5, -3, -4, -6, -6, -6, -6, -5, -4, -4, -3, -2, -2, -4, -6, -8, -9, -10, -11, -10, 0, 0, 0, 0, 0, 0, 0]
[84, 107, 126, 143, 152, 126, 77, 29, -10, -45, -75, -101, -123, -139, -146, -142, -131, -115, -98, -85, -74, -63, -55, -49, -46, -42, -37, -33, -29, -26, -23, -20, -18, -15, -11, -9, -10, -11, -8, -6, -6, -7, -9, -10, -10, -12, -13, -13, -13, -13, -13, -12, -13, -13, -12, -11, -11, -11, -11, -10, -9, -10, -10, -10, -9, -8, -8, -9, -10, -12, -14, -14, -15, -15, -15, -14, -13, -14, -13, -13, -13, -13, -12, -11, -11, -10, -10, -10, -11, -12, -12, -13, -13, -13, -13, 0, 0, 0, 0, 0]
[86, 109, 128, 145, 140, 103, 53, 9, -28, -60, -88, -112, -132, -141, -135, -121, -106, -94, -82, -71, -61, -53, -47, -42, -36, -30, -24, -20, -17, -15, -13, -11, -10, -9, -8, -8, -9, -9, -10, -10, -11, -11, -11, -11, -10, -9, -9, -10, -10, -10, -11, -11, -12, -11, -11, -12, -11, -12, -12, -12, -12, -12, -12, -11, -11, -11, -11, -11, -11, -11, -11, -10, -10, -10, -10, -11, -10, -10, -10, -10, -10, -10, -10, -10, -10, -10, -9, -9, -10, -10, -10, -10, -10, -11, -11, -10, 0, 0, 0, 0]
[85, 108, 128, 144, 144, 101, 50, 6, -30, -62, -89, -107, -116, -120, -121, -118, -113, -105, -94, -82, -72, -64, -56, -46, -35, -28, -23, -20, -17, -16, -15, -14, -13, -12, -11, -11, -11, -11, -12, -13, -13, -14, -14, -14, -14, -13, -13, -13, -12, -11, -11, -11, -11, -10, -10, -10, -10, -10, -10, -10, -10, -10, -11, -11, -11, -11, -11, -11, -11, -11, -11, -11, -11, -11, -11, -11, -10, -10, -10, -10, -10, -10, -10, -10, -10, -9, -8, -9, -10, -9, -9, -10, -10, -10, -10, -10, -10, -10, -10, -10]
[88, 111, 130, 146, 137, 91, 41, 0, -36, -67, -94, -117, -131, -125, -112, -99, -85, -71, -63, -57, -48, -42, -37, -32, -27, -24, -22, -19, -16, -13, -12, -10, -9, -9, -8, -8, -9, -9, -9, -10, -11, -11, -10, -8, -3, -1, -3, -5, -4, -3, -3, -3, -3, -3, -3, -3, -3, -4, -5, -6, -7, -7, -8, -8, -8, -9, -9, -9, -9, -9, -9, -10, -10, -10, -10, -10, -10, -9, -8, -9, -9, -10, -10, -10, -10, -10, -10, -10, -10, -10, -10, -10, -10, -11, -10, -10, -10, -10, -10, 0]
[-11, 86, 109, 128, 145, 128, 79, 31, -9, -44, -74, -99, -117, -112, -97, -85, -74, -63, -53, -44, -38, -34, -29, -24, -19, -15, -12, -9, -6, -5, -4, -3, -3, -1, 0, 1, 0, -1, -3, -3, -2, -2, -2, -4, -7, -9, -9, -9, -9, -9, -9, -9, -8, -8, -7, -5, -3, -2, -4, -6, -7, -8, -9, -10, -10, -10, -10, -10, -10, -10, -10, -9, -9, -9, -9, -8, -8, -8, -8, -9, -9, -9, -9, -9, -9, -9, -9, -9, -10, -10, -10, -10, -11, -11, -11, -11, -11, 0, 0, 0]
[86, 109, 128, 140, 115, 69, 22, -16, -50, -79, -104, -126, -133, -125, -112, -99, -88, -77, -68, -60, -55, -49, -44, -40, -36, -31, -26, -23, -20, -19, -17, -15, -11, -9, -9, -9, -9, -9, -10, -10, -10, -10, -10, -10, -9, -10, -10, -10, -9, -10, -10, -10, -10, -10, -10, -10, -10, -11, -11, -11, -11, -12, -12, -11, -12, -12, -11, -10, -9, -8, -8, -8, -7, -8, -9, -8, -8, -9, -10, -10, -9, -9, -9, -10, -11, -11, -12, -11, -11, -12, -12, -13, -13, -13, -12, -13, -13, -13, -13, -13]
[47, 0, 0, 0, 0, 0, 0, 0, 0, 0, 0, 0, 0, 0, 0, 0, 0, 0, 0, 0, 0, 0, 0, 0, 0, 0, 0, 0, 0, 0, 0, 0, 0, 0, 0, 0, 0, 0, 0, 0, 0, 0, 0, 0, 0, 0, 0, 0, 0, 0, 0, 0, 0, 0, 0, 0, 0, 0, 0, 0, 0, 0, 0, 0, 0, 0, 0, 0, 0, 0, 0, 0, 0, 0, 0, 0, 0, 0, 0, 0, 0, 0, 0, 0, 0, 0, 0, 0, 0, 0, 0, 0, 0, 0, 0, 0, 0, 0, 0, 0]
[-34, -41, 56, 45, 50, 59, 60, 70, 92, 110, 115, 128, 129, 121, 106, 90, 80, 64, 55, 40, 30, 28, 30, 35, 36, 36, 38, 33, 18, 3, -5, -23, -49, -50, -60, -66, -30, 6, 6, -30, -58, -55, -43, -33, -28, -29, -30, -27, -23, -17, -11, -8, -8, -8, -9, -13, -17, -17, -14, -10, -10, -11, -11, -8, -5, -4, -7, -12, -16, -17, -13, -8, -5, -3, -2, -2, -3, -4, -5, -6, -7, -7, -7, -6, -5, -4, -2, -1, -1, -2, -2, -3, -4, -5, -6, -6, 0, 0, 0, 0]
[-10, -7, -16, -15, -9, 12, 38, 53, 63, 76, 86, 89, 81, 72, 76, 86, 98, 104, 97, 85, 73, 67, 76, 82, 88, 94, 98, 94, 89, 76, 50, 39, 14, 11, 14, 13, 19, 25, 25, 20, 16, 9, 4, 9, -2, -5, -14, -34, -43, -56, -61, -54, -57, -75, -100, -117, -102, -80, -71, -70, -69, -65, -62, -58, -53, -45, -36, -28, -20, -14, -9, -6, -4, -3, 0, 1, 1, 1, 3, 4, 2, 0, -4, -7, -12, -15, -18, -19, -19, -18, -18, -18, -17, -17, -16, -15, -15, -14, -13, 0]
[-11, 16, 28, 20, 6, 2, 14, 29, 41, 45, 54, 67, 75, 70, 62, 62, 52, 37, 31, 45, 73, 84, 85, 89, 94, 106, 112, 110, 100, 88, 75, 59, 46, 29, 13, 9, 4, 3, 11, 22, 32, 40, 42, 37, 31, 23, 14, -4, -16, -18, -35, -49, -51, -66, -92, -114, -116, -96, -69, -51, -40, -33, -28, -29, -33, -35, -35, -35, -32, -30, -16, -13, -10, -9, -9, -10, -10, -10, -9, -9, -8, -8, -8, -7, -7, -7, -6, -5, -5, -5, -4, -4, -4, -4, -4, -4, -4, 0, 0, 0]
[6, 21, 19, 15, 22, 39, 52, 54, 46, 40, 40, 52, 58, 51, 47, 48, 39, 28, 24, 37, 58, 72, 66, 59, 65, 69, 80, 89, 97, 103, 99, 97, 94, 81, 65, 52, 43, 37, 33, 36, 35, 33, 36, 36, 27, 15, 9, 4, -6, -15, -31, -46, -49, -54, -69, -89, -112, -129, -131, -118, -101, -87, -81, -77, -70, -59, -47, -36, -28, -23, -17, -11, -5, 0, 3, 8, 14, 19, 20, 18, 15, 11, -1, -3, -5, -5, -5, -5, -4, -3, -3, -3, -4, -4, -4, 0, 0, 0, 0, 0]
[-5, 0, 26, 41, 41, 51, 66, 69, 65, 55, 44, 48, 53, 47, 39, 35, 30, 18, 1, -15, -17, 6, 34, 60, 63, 62, 67, 74, 77, 80, 84, 86, 94, 84, 68, 51, 37, 30, 30, 31, 31, 27, 23, 25, 28, 25, 18, 7, 1, -11, -17, -20, -36, -45, -54, -73, -95, -112, -119, -111, -93, -72, -52, -38, -33, -30, -28, -26, -22, -19, -16, -13, -8, -5, -1, 1, 4, 8, 10, 10, 9, 7, 6, 5, 2, 0, -1, -3, -3, -4, -5, -8, -10, -12, -13, -14, -14, -15, -15, -14]
[-13, 2, 9, 14, 13, 23, 38, 49, 65, 68, 68, 73, 75, 76, 68, 64, 58, 44, 33, 29, 42, 65, 76, 72, 77, 78, 73, 70, 67, 60, 40, 20, 15, 4, 2, 7, 14, 18, 17, 21, 25, 24, 21, 12, 8, 1, -2, -1, -18, -42, -54, -59, -61, -74, -100, -115, -109, -88, -68, -55, -44, -34, -28, -23, -20, -17, -14, -10, -4, 2, 6, 9, 11, 13, 15, 17, 18, 19, 18, 17, 14, 11, 7, 2, -1, -4, -7, -8, -9, -10, -11, -12, -12, -12, -11, -11, -10, -9, -8, -8]
[-7, 5, 18, 26, 27, 39, 56, 65, 73, 71, 63, 65, 70, 66, 55, 50, 43, 29, 17, 0, -6, 8, 29, 44, 50, 50, 63, 67, 72, 75, 77, 74, 75, 77, 62, 41, 20, 5, 5, 10, 14, 18, 21, 21, 23, 25, 18, 12, 3, -14, -33, -59, -87, -89, -72, -56, -52, -53, -51, -68, -82, -70, -49, -33, -22, -14, -8, -5, -1, 2, 6, 10, 18, 25, 28, 28, 28, 28, 28, 25, 21, 16, 11, 6, 3, 0, -1, -4, -6, -8, -10, -11, -13, -14, -14, -16, -17, -16, -15, -14]
[-13, 5, 0, 0, 0, 0, 0, 0, 0, 0, 0, 0, 0, 0, 0, 0, 0, 0, 0, 0, 0, 0, 0, 0, 0, 0, 0, 0, 0, 0, 0, 0, 0, 0, 0, 0, 0, 0, 0, 0, 0, 0, 0, 0, 0, 0, 0, 0, 0, 0, 0, 0, 0, 0, 0, 0, 0, 0, 0, 0, 0, 0, 0, 0, 0, 0, 0, 0, 0, 0, 0, 0, 0, 0, 0, 0, 0, 0, 0, 0, 0, 0, 0, 0, 0, 0, 0, 0, 0, 0, 0, 0, 0, 0, 0, 0, 0, 0, 0, 0]
[0, 14, 17, 22, 28, 37, 45, 55, 56, 53, 57, 64, 67, 62, 56, 44, 24, 7, -2, 5, 22, 31, 28, 36, 52, 58, 61, 62, 62, 63, 65, 64, 62, 60, 51, 42, 33, 22, 18, 24, 29, 28, 24, 19, 15, 10, 10, 9, 8, 6, -1, -6, -14, -24, -34, -51, -58, -52, -52, -62, -57, -46, -37, -33, -35, -39, -42, -40, -36, -32, -28, -25, -22, -17, -13, -9, -7, -6, -5, -5, -5, -5, -5, -5, -5, -5, -5, -6, -6, -6, -6, -6, -6, -6, -7, -7, -7, -7, -7, 0]
[-7, -6, 5, 19, 29, 35, 45, 53, 61, 61, 54, 53, 59, 60, 51, 46, 47, 39, 20, -1, -17, -15, 3, 25, 39, 42, 53, 66, 69, 74, 80, 85, 90, 96, 98, 98, 94, 81, 61, 41, 31, 29, 28, 30, 28, 23, 23, 26, 27, 20, 13, 9, -5, -15, -30, -45, -45, -50, -47, -35, -21, -14, -16, -25, -35, -44, -53, -52, -44, -34, -25, -20, -18, -19, -19, -16, -10, -5, -4, -5, -5, -5, -5, -5, -6, -7, -8, -7, -8, -8, -8, -8, -8, -8, -8, -8, -8, -7, -7, -7]
[-6, 19, 20, 18, 18, 23, 29, 38, 43, 37, 34, 42, 49, 47, 41, 36, 27, 19, 9, 10, 24, 38, 55, 66, 67, 65, 64, 63, 67, 73, 76, 78, 38, 32, 33, 34, 33, 32, 20, -1, -16, -30, -44, -45, -42, -42, -45, -48, -47, -44, -37, -26, -15, -7, -4, -5, -7, -7, -5, -1, 1, 4, 6, 7, 6, 4, 2, 0, 0, -1, -1, -2, -4, -5, -7, -8, -10, -11, -11, -12, -12, -12, -12, -12, -11, -10, -7, -6, -6, -6, -7, -8, -8, -9, -10, 0, 0, 0, 0, 0]
[13, 32, 20, 6, 15, 22, 29, 32, 29, 31, 36, 39, 41, 43, 32, 16, 10, 16, 37, 56, 60, 54, 59, 64, 61, 54, 47, 47, 54, 63, 71, 78, 85, 89, 86, 72, 52, 47, 51, 55, 58, 49, 36, 25, 22, 14, 8, 7, 9, 14, 10, 5, -10, -26, -42, -67, -84, -73, -56, -47, -46, -50, -54, -53, -48, -43, -40, -30, -19, -13, -12, -12, -13, -12, -9, -6, -3, -2, -5, -8, -10, -11, -12, -12, -10, -10, -11, -11, -10, -10, -10, -10, -10, -11, -11, -10, -8, -7, -5, -3]
[-5, 16, 34, 37, 42, 51, 62, 71, 67, 59, 62, 62, 50, 40, 31, 21, 16, 25, 45, 55, 52, 53, 70, 76, 83, 89, 93, 96, 99, 98, 96, 93, 79, 62, 47, 41, 37, 39, 47, 45, 36, 33, 34, 29, 30, 35, 28, 21, 7, 0, 0, -15, -25, -23, -31, -40, -46, -58, -63, -56, -46, -41, -40, -40, -41, -42, -42, -41, -38, -33, -29, -25, -21, -18, -13, -7, -5, -5, -5, -5, -4, -3, -2, -1, 0, -1, -2, -2, -2, -3, -3, -3, -4, -5, -5, -6, 0, 0, 0, 0]
[-10, 0, 0, 0, 0, 0, 0, 0, 0, 0, 0, 0, 0, 0, 0, 0, 0, 0, 0, 0, 0, 0, 0, 0, 0, 0, 0, 0, 0, 0, 0, 0, 0, 0, 0, 0, 0, 0, 0, 0, 0, 0, 0, 0, 0, 0, 0, 0, 0, 0, 0, 0, 0, 0, 0, 0, 0, 0, 0, 0, 0, 0, 0, 0, 0, 0, 0, 0, 0, 0, 0, 0, 0, 0, 0, 0, 0, 0, 0, 0, 0, 0, 0, 0, 0, 0, 0, 0, 0, 0, 0, 0, 0, 0, 0, 0, 0, 0, 0, 0]
[-2, 10, 18, 30, 48, 62, 67, 64, 56, 54, 57, 55, 49, 42, 32, 18, 5, 5, 21, 32, 30, 33, 48, 60, 64, 69, 79, 83, 86, 88, 90, 91, 83, 74, 66, 52, 40, 39, 47, 55, 53, 46, 41, 38, 33, 32, 50, 61, 50, 25, 3, -4, -14, -19, -22, -44, -46, -34, -38, -46, -45, -37, -36, -39, -42, -38, -34, -31, -29, -28, -27, -26, -23, -18, -11, -6, -2, 1, 3, 2, 1, 0, -2, -4, -6, -8, -8, -8, -8, -7, -7, -8, -7, -7, -7, -7, -7, -7, 0, 0]
[-7, 8, 31, 32, 36, 50, 61, 68, 63, 46, 31, 33, 39, 36, 28, 22, 9, -5, -17, -22, -12, 8, 18, 17, 24, 34, 41, 41, 40, 41, 46, 49, 51, 54, 57, 58, 50, 36, 17, -1, -6, 5, 16, 18, 19, 20, 19, 23, 28, 16, 1, -11, -22, -26, -35, -52, -53, -41, -49, -69, -65, -47, -39, -44, -49, -47, -39, -32, -30, -27, -26, -27, -30, -33, -34, -32, -29, -24, -19, -15, -10, -7, -5, -4, -4, -4, -5, -6, -6, -6, -6, -7, -7, -8, -8, -8, -8, -8, -8, -8]
[-8, 0, 0, 0, 0, 0, 0, 0, 0, 0, 0, 0, 0, 0, 0, 0, 0, 0, 0, 0, 0, 0, 0, 0, 0, 0, 0, 0, 0, 0, 0, 0, 0, 0, 0, 0, 0, 0, 0, 0, 0, 0, 0, 0, 0, 0, 0, 0, 0, 0, 0, 0, 0, 0, 0, 0, 0, 0, 0, 0, 0, 0, 0, 0, 0, 0, 0, 0, 0, 0, 0, 0, 0, 0, 0, 0, 0, 0, 0, 0, 0, 0, 0, 0, 0, 0, 0, 0, 0, 0, 0, 0, 0, 0, 0, 0, 0, 0, 0, 0]
[10, 30, 43, 0, 0, 0, 0, 0, 0, 0, 0, 0, 0, 0, 0, 0, 0, 0, 0, 0, 0, 0, 0, 0, 0, 0, 0, 0, 0, 0, 0, 0, 0, 0, 0, 0, 0, 0, 0, 0, 0, 0, 0, 0, 0, 0, 0, 0, 0, 0, 0, 0, 0, 0, 0, 0, 0, 0, 0, 0, 0, 0, 0, 0, 0, 0, 0, 0, 0, 0, 0, 0, 0, 0, 0, 0, 0, 0, 0, 0, 0, 0, 0, 0, 0, 0, 0, 0, 0, 0, 0, 0, 0, 0, 0, 0, 0, 0, 0, 0]
[0, 0, 51, 61, 76, 85, 89, 77, 60, 56, 62, 62, 55, 54, 46, 28, 11, 6, 21, 41, 56, 57, 63, 73, 78, 81, 84, 88, 92, 91, 89, 84, 74, 57, 34, 18, 15, 16, 14, 16, 17, 16, 17, 19, 22, 27, 22, 16, 6, -6, -11, -22, -29, -28, -33, -54, -56, -47, -62, -89, -97, -79, -61, -48, -36, -25, -18, -15, -15, -15, -15, -13, -9, -5, -2, -1, 0, 1, 3, 4, 3, 2, 1, 1, 0, 0, 0, 0, -1, -3, -5, -7, -9, -10, -11, -11, -12, -11, -11, 0]
[-10, -3, 16, 27, 34, 56, 71, 72, 59, 44, 40, 50, 51, 43, 40, 42, 44, 44, 34, 14, 2, 7, 18, 27, 34, 36, 41, 44, 47, 54, 59, 63, 74, 85, 92, 100, 105, 97, 75, 52, 40, 38, 40, 37, 27, 22, 25, 23, 12, 0, -11, -17, -23, -23, -24, -34, -37, -48, -63, -52, -49, -64, -74, -70, -63, -58, -54, -48, -39, -32, -28, -25, -22, -17, -16, -18, -18, -15, -10, -8, -7, -7, -8, -10, -11, -12, -12, -11, -12, -13, -14, -14, -14, -14, -14, -14, -13, -12, -12, -11]
[22, 43, 61, 76, 84, 92, 100, 89, 74, 63, 60, 65, 63, 57, 54, 47, 31, 12, -9, -17, -1, 18, 26, 29, 45, 60, 66, 77, 87, 91, 96, 104, 104, 96, 83, 66, 44, 17, 18, 10, 4, -2, -14, -25, -37, -46, -54, -57, -52, -48, -50, -49, -43, -35, -27, -24, -24, -25, -25, -23, -21, -15, -9, -4, -1, 0, -1, -3, -5, -7, -9, -10, -10, -9, -10, -10, -10, -11, -11, -11, -12, -13, -13, -13, -13, -13, -13, -12, -12, -11, -11, -11, -11, -11, -10, -10, 0, 0, 0, 0]
[6, 32, 50, 59, 65, 66, 61, 54, 48, 48, 52, 55, 55, 53, 6, 17, 30, 40, 41, 39, 22, 3, 1, 10, 19, 22, 19, 13, 7, 0, -5, -6, -9, -19, -38, -39, -35, -40, -39, -39, -61, -86, -93, -94, -88, -75, -60, -50, -44, -40, -36, -33, -32, -30, -26, -23, -20, -16, -13, -10, -8, -7, -5, -4, -4, -4, -4, -4, -5, -5, -5, -6, -6, -7, -7, -8, -8, -9, -9, -10, -10, -10, -9, -8, -8, -8, -8, -8, -8, -8, -7, -6, 0, 0, 0, 0, 0, 0, 0, 0]
[23, 47, 61, 61, 66, 79, 86, 88, 78, 65, 58, 65, 67, 62, 53, 42, 31, 31, 49, 72, 94, 100, 94, 97, 100, 96, 90, 87, 84, 85, 86, 83, 80, 69, 51, 31, 20, 20, 25, 25, 20, 18, 16, 13, 7, 0, -4, -17, -23, -28, -41, -47, -47, -54, -71, -92, -84, -70, -76, -76, -69, -61, -54, -49, -45, -43, -42, -40, -39, -38, -35, -34, -34, -34, -31, -25, -19, -14, -11, -9, -8, -7, -5, -5, -5, -5, -5, -6, -6, -7, -7, -9, -9, -10, -10, -10, -10, -11, -11, -11]
[19, 42, 60, 65, 73, 86, 98, 101, 92, 77, 77, 85, 86, 82, 77, 67, 54, 46, 49, 62, 78, 85, 89, 95, 104, 103, 97, 94, 92, 90, 92, 93, 92, 86, 70, 50, 33, 25, 24, 32, 37, 35, 29, 24, 20, 11, 5, 3, -6, -9, -16, -33, -36, -34, -34, -25, -31, -37, -44, -64, -87, -94, -87, -76, -66, -60, -58, -54, -47, -41, -36, -30, -25, -21, -17, -13, -9, -5, -2, -1, 0, -1, -1, 0, -2, -3, -3, -3, -4, -4, -5, -6, -7, -7, -8, -8, -9, -9, -8, -8]
[-3, 11, 31, 51, 67, 82, 99, 113, 114, 105, 91, 78, 68, 63, 62, 56, 49, 42, 34, 31, 39, 56, 57, 58, 65, 70, 71, 74, 76, 78, 81, 85, 91, 90, 79, 62, 47, 39, 35, 28, 27, 28, 26, 21, 15, 9, 4, -6, -8, -6, -1, 0, -2, -8, -8, -7, -6, -5, -6, -5, -4, -4, -5, -4, -6, -8, -9, -10, -10, -10, -9, -8, -6, -5, -5, -5, -5, -5, -6, -7, -7, -7, -8, -8, -7, -7, -6, -5, -4, -4, -4, -4, -5, -5, -5, -6, 0, 0, 0, 0]
[5, 17, 39, 58, 73, 84, 94, 97, 89, 69, 42, 35, 51, 72, 79, 70, 62, 58, 55, 52, 60, 79, 89, 88, 89, 92, 94, 94, 93, 93, 95, 94, 96, 94, 86, 82, 68, 45, 28, 27, 31, 33, 32, 30, 24, 20, 16, 13, 12, 1, -3, -15, -26, -24, -34, -46, -52, -53, -43, -39, -44, -56, -81, -104, -100, -86, -77, -71, -65, -57, -50, -44, -43, -44, -42, -37, -32, -29, -25, -23, -19, -16, -14, -13, -11, -9, -8, -6, -5, -4, -5, -5, -5, -5, -6, -7, -7, -7, -7, -7]
[21, 33, 53, 79, 96, 104, 108, 107, 102, 98, 98, 97, 87, 75, 63, 49, 35, 22, 19, 36, 54, 58, 54, 57, 65, 67, 68, 67, 67, 68, 70, 76, 77, 74, 66, 55, 35, 21, 23, 29, 31, 26, 23, 22, 17, 4, -13, -21, -24, -36, -42, -37, -38, -44, -54, -59, -62, -71, -81, -91, -95, -94, -92, -85, -75, -63, -52, -42, -34, -29, -28, -26, -25, -25, -24, -23, -12, -10, -9, -9, -11, -11, -11, -12, -12, -12, -12, -12, -12, -11, -12, -13, -12, -11, -11, -11, 0, 0, 0, 0]
[17, 33, 52, 68, 77, 86, 90, 87, 87, 86, 83, 78, 71, 60, 46, 34, 22, 11, 5, 6, 19, 29, 36, 46, 57, 63, 68, 69, 68, 69, 73, 79, 80, 74, 55, 31, 15, 12, 20, 29, 32, 30, 26, 26, 30, 33, 15, 0, -2, -9, -11, -14, -24, -25, -26, -53, -72, -70, -65, -60, -55, -50, -47, -48, -53, -56, -49, -39, -29, -22, -17, -15, -13, -11, -9, -8, -7, -7, -7, -8, -8, -9, -9, -9, -8, -8, -7, -7, -7, -8, -8, -8, -9, -9, -9, -9, -9, -9, -10, -10]
[9, 33, 0, 0, 0, 0, 0, 0, 0, 0, 0, 0, 0, 0, 0, 0, 0, 0, 0, 0, 0, 0, 0, 0, 0, 0, 0, 0, 0, 0, 0, 0, 0, 0, 0, 0, 0, 0, 0, 0, 0, 0, 0, 0, 0, 0, 0, 0, 0, 0, 0, 0, 0, 0, 0, 0, 0, 0, 0, 0, 0, 0, 0, 0, 0, 0, 0, 0, 0, 0, 0, 0, 0, 0, 0, 0, 0, 0, 0, 0, 0, 0, 0, 0, 0, 0, 0, 0, 0, 0, 0, 0, 0, 0, 0, 0, 0, 0, 0, 0]
[0, 61, 81, 90, 99, 108, 107, 97, 80, 84, 90, 81, 71, 65, 57, 42, 21, 5, 6, 24, 43, 47, 48, 61, 74, 73, 73, 73, 73, 75, 77, 78, 77, 74, 67, 51, 29, 16, 13, 15, 18, 19, 15, 10, 8, 6, 0, -5, -14, -20, -22, -31, -32, -23, -31, -40, -42, -43, -44, -51, -56, -55, -48, -40, -38, -34, -30, -26, -22, -17, -15, -13, -9, -5, -1, 0, 1, 0, -1, -3, -4, -4, -5, -5, -5, -4, -5, -5, -5, -5, -5, -5, -5, -5, -5, -5, -5, -6, -6, 0]
[-13, 8, 30, 43, 59, 81, 100, 104, 94, 72, 58, 57, 53, 45, 39, 29, 16, 7, 2, 7, 78, 78, 75, 67, 60, 53, 40, 30, 19, 10, 4, -7, -5, -10, -22, -25, -45, -56, -49, -50, -48, -39, -37, -42, -44, -41, -38, -40, -53, -58, -52, -40, -31, -25, -21, -18, -15, -13, -11, -9, -7, -7, -6, -4, -2, 0, 0, 0, 0, 0, -1, -2, -3, -3, -3, -3, -4, -4, -4, -4, -3, -4, -4, -5, -5, -5, -5, -5, -6, -7, -7, -7, -7, 0, 0, 0, 0, 0, 0, 0]
[0, 31, 60, 60, 60, 69, 72, 65, 55, 42, 33, 39, 44, 41, 35, 31, 29, 25, 13, -2, -6, 12, 33, 44, 50, 63, 76, 80, 82, 83, 86, 87, 91, 92, 88, 79, 64, 48, 30, 13, 0, -2, 2, 8, 14, 15, 21, 23, 23, 16, 4, 1, -7, -12, -19, -26, -23, -21, -27, -29, -34, -42, -43, -43, -48, -65, -73, -70, -62, -54, -46, -41, -36, -32, -28, -25, -22, -19, -18, -19, -22, -24, -22, -18, -15, -14, -12, -11, -11, -11, -11, -12, -13, -13, -13, -12, -12, -12, -11, -9]
[7, 13, 17, 30, 42, 52, 62, 78, 93, 92, 83, 73, 65, 61, 51, 38, 30, 26, 21, 19, 26, 39, 51, 57, 58, 61, 63, 70, 74, 76, 77, 78, 81, 85, 84, 83, 81, 67, 47, 28, 16, 13, 15, 18, 18, 18, 18, 15, 10, 6, -9, -13, -11, -22, -29, -40, -39, -44, -49, -42, -37, -37, -45, -50, -45, -37, -31, -25, -20, -13, -4, 3, 3, 0, -2, -2, -2, 0, 0, 1, 2, 2, 0, -1, -2, -3, -4, -5, -6, -6, -6, -7, -7, -7, -7, -7, -7, -7, -7, -7]
[-31, 0, 0, 0, 0, 0, 0, 0, 0, 0, 0, 0, 0, 0, 0, 0, 0, 0, 0, 0, 0, 0, 0, 0, 0, 0, 0, 0, 0, 0, 0, 0, 0, 0, 0, 0, 0, 0, 0, 0, 0, 0, 0, 0, 0, 0, 0, 0, 0, 0, 0, 0, 0, 0, 0, 0, 0, 0, 0, 0, 0, 0, 0, 0, 0, 0, 0, 0, 0, 0, 0, 0, 0, 0, 0, 0, 0, 0, 0, 0, 0, 0, 0, 0, 0, 0, 0, 0, 0, 0, 0, 0, 0, 0, 0, 0, 0, 0, 0, 0]
[-22, -17, -16, -6, 16, 46, 74, 86, 76, 57, 55, 64, 58, 52, 54, 45, 22, -4, -18, -5, 16, 32, 42, 43, 50, 63, 69, 72, 74, 74, 83, 92, 88, 81, 78, 70, 57, 39, 24, 21, 23, 23, 22, 19, 15, 11, 4, -9, -27, -38, -43, -56, -66, -64, -69, -75, -67, -61, -81, -102, -92, -73, -65, -64, -63, -61, -56, -48, -38, -29, -20, -13, -8, -4, 6, 4, 2, 1, 0, -1, -3, -3, -4, -5, -6, -6, -6, -7, -7, -7, -7, -7, 0, 0, 0, 0, 0, 0, 0, 0]
[16, 39, 0, 0, 0, 0, 0, 0, 0, 0, 0, 0, 0, 0, 0, 0, 0, 0, 0, 0, 0, 0, 0, 0, 0, 0, 0, 0, 0, 0, 0, 0, 0, 0, 0, 0, 0, 0, 0, 0, 0, 0, 0, 0, 0, 0, 0, 0, 0, 0, 0, 0, 0, 0, 0, 0, 0, 0, 0, 0, 0, 0, 0, 0, 0, 0, 0, 0, 0, 0, 0, 0, 0, 0, 0, 0, 0, 0, 0, 0, 0, 0, 0, 0, 0, 0, 0, 0, 0, 0, 0, 0, 0, 0, 0, 0, 0, 0, 0, 0]
[0, 53, 52, 53, 56, 49, 41, 36, 36, 40, 46, 48, 42, 30, 13, 5, 21, 52, 69, 64, 61, 68, 78, 89, 92, 89, 92, 94, 94, 88, 76, 51, 26, 9, 5, 4, 7, 17, 21, 19, 18, 19, 18, 9, 3, 0, -7, -8, -19, -37, -56, -83, -81, -64, -78, -79, -65, -50, -36, -25, -19, -15, -10, -10, -5, 4, 15, 20, 21, 34, 42, 40, 38, 38, 36, 33, 28, 23, 18, 14, 10, 8, 6, 4, 2, 0, -4, -7, -9, -10, -10, -10, -10, -10, -10, -10, -10, -10, -10, 0]
[-41, -16, 8, 22, 42, 67, 81, 80, 70, 55, 50, 55, 59, 61, 52, 42, 35, 40, 58, 76, 81, 82, 89, 91, 88, 86, 83, 78, 75, 75, 72, 67, 54, 36, 21, 12, 10, 10, 10, 14, 19, 17, 15, 16, 12, 10, -2, -9, -12, -28, -40, -53, -66, -80, -89, -104, -109, -99, -93, -84, -71, -62, -56, -51, -45, -39, -32, -22, -11, -2, 3, 4, 4, 3, 2, 2, 1, 1, 1, 0, 0, 0, -1, -2, -2, -2, -2, -3, -3, -4, -4, -6, -6, -6, -6, -6, -7, -8, -8, -9]
[14, 26, 53, 50, 38, 25, 17, 25, 40, 43, 43, 48, 59, 68, 69, 66, 64, 62, 64, 71, 76, 73, 40, 34, 14, -2, -19, -49, -58, -49, -65, -77, -80, -89, -89, -72, -59, -61, -54, -41, -28, -20, -16, -14, -13, -12, -10, -9, -6, -2, 0, 1, 4, 6, 6, 3, 1, 0, 0, -1, -2, -2, -2, -4, -6, -8, -9, -8, -7, -6, -5, -5, -7, -8, -10, -10, -10, -10, -9, -8, -7, -5, -3, -3, -3, -3, -3, 0, 0, 0, 0, 0, 0, 0, 0, 0, 0, 0, 0, 0]
[-3, 16, 38, 41, 44, 50, 51, 44, 38, 45, 59, 76, 92, 89, 69, 47, 33, 36, 57, 82, 92, 87, 85, 91, 90, 94, 101, 97, 98, 102, 101, 92, 78, 63, 40, 17, 15, 27, 30, 22, 15, 21, 26, 23, 16, 9, 4, -2, -11, -20, -33, -29, -20, -24, -27, -46, -70, -56, -47, -56, -62, -51, -35, -24, -20, -20, -22, -23, -23, -24, -24, -23, -23, -26, -30, -31, -28, -23, -19, -16, -14, -12, -11, -10, -9, -8, -8, -8, -8, -8, -8, -9, -9, 0, 0, 0, 0, 0, 0, 0]
