[11, 29, 60, 87, 107, 108, 100, 90, 76, 52, 23, -8, -28, -48, -44, -3, 32, 62, 89, 111, 106, 57, 54, 75, 87, 83, 66, 32, 6, 7, 16, 35, 56, 69, 74, 67, 53, 49, 35, 10, -15, -36, -45, -44, -40, -35, -29, -20, -14, -10, -7, -4, -1, 0, 0, 0, -1, -1, -1, -2, -2, -3, -3, -4, -5, -5, -5, -5, -5, -5, -4, -4, -4, -3, -3, -3, -3, -3, -3, -3, -2, -2, -2, -1, -1, -1, -1, -1, -1, -1, -1, -1, -1, -2, -2, 0, 0, 0, 0, 0]
[14, 21, 52, 80, 104, 124, 141, 131, 98, 58, 19, -18, -42, -58, -59, -19, 18, 51, 79, 103, 122, 108, 73, 70, 81, 89, 83, 69, 67, 73, 88, 111, 126, 112, 93, 73, 52, 36, 16, 6, 3, 0, -4, -6, -5, -2, 1, 6, 10, 13, 13, 11, 9, 6, 4, 3, 1, 0, -2, -2, -2, -2, -2, -2, -2, -2, -2, -2, -3, -3, -3, -3, -2, -2, -2, -2, -1, -1, -1, -1, -1, -1, -1, -1, -1, -1, -1, -1, -1, -1, -1, -1, -2, -2, -2, -2, 0, 0, 0, 0]
[16, 35, 54, 82, 105, 126, 143, 149, 130, 107, 75, 35, 3, -29, -28, -34, -11, 25, 57, 84, 107, 127, 144, 150, 131, 115, 96, 71, 47, 35, 50, 70, 78, 95, 117, 122, 107, 86, 62, 47, 43, 41, 30, 17, 6, -3, -9, -11, -12, -12, -11, -10, -10, -10, -9, -7, -5, -4, -4, -4, -4, -3, -3, -2, -2, -1, -1, -1, -1, -1, -1, -1, 0, 0, 0, 0, 0, 0, -1, -1, -1, -1, -1, -1, -2, -2, -2, -2, -2, -2, -2, -2, -2, -1, -1, -1, -1, -1, -1, -1]
[14, 23, 0, 0, 0, 0, 0, 0, 0, 0, 0, 0, 0, 0, 0, 0, 0, 0, 0, 0, 0, 0, 0, 0, 0, 0, 0, 0, 0, 0, 0, 0, 0, 0, 0, 0, 0, 0, 0, 0, 0, 0, 0, 0, 0, 0, 0, 0, 0, 0, 0, 0, 0, 0, 0, 0, 0, 0, 0, 0, 0, 0, 0, 0, 0, 0, 0, 0, 0, 0, 0, 0, 0, 0, 0, 0, 0, 0, 0, 0, 0, 0, 0, 0, 0, 0, 0, 0, 0, 0, 0, 0, 0, 0, 0, 0, 0, 0, 0, 0]
[0, 38, 52, 73, 97, 119, 137, 153, 148, 116, 75, 29, -5, -13, 1, 29, 60, 87, 110, 129, 146, 157, 144, 131, 119, 89, 71, 48, 27, 33, 61, 87, 110, 128, 130, 102, 80, 66, 44, 28, 15, 6, 0, -5, -5, -5, -6, -8, -8, -7, -6, -7, -8, -10, -10, -9, -8, -7, -6, -6, -6, -5, -4, -4, -3, -2, -2, -1, -1, -1, -1, -1, -1, -2, -2, -2, -3, -3, -3, -3, -3, -4, -4, -4, -3, -3, -2, -2, -2, -2, -2, -1, -1, -1, 0, 0, 0, 0, 0, 0]
[104, 53, 46, 54, 70, 96, 117, 136, 152, 165, 175, 169, 139, 117, 95, 83, 68, 57, 68, 93, 115, 134, 148, 148, 133, 105, 84, 68, 51, 33, 20, 10, 4, 1, 1, 1, 0, -3, -8, -10, -12, -13, -14, -13, -11, -8, -6, -4, -3, -2, -1, 0, 1, 1, 1, 2, 2, 2, 2, 1, 0, 0, 0, 0, 0, -1, -1, -1, -2, -2, -2, -2, -2, -2, -3, -3, -2, -2, -2, -2, -2, -2, -2, -2, -2, -2, -2, -2, -2, -2, -2, -2, -1, 0, 0, 0, 0, 0, 0, 0]
[27, 27, 33, 64, 90, 113, 132, 142, 134, 117, 85, 46, 3, 2, 0, 14, 47, 76, 100, 121, 139, 155, 163, 153, 139, 129, 128, 127, 135, 151, 163, 172, 172, 156, 125, 97, 72, 38, 14, 6, 1, -2, -4, -5, -7, -11, -16, -19, -20, -18, -17, -16, -17, -14, -13, -11, -10, -8, -8, -8, -7, -6, -6, -5, -5, -4, -3, -2, -2, -2, -2, -2, -1, -1, -1, -1, -1, -1, -1, -1, -1, -1, -1, -1, -1, -1, -1, -1, -1, -1, -1, -1, -1, 0, 0, 0, 0, 0, 0, 0]
[0, 0, 0, 0, 0, 0, 0, 0, 0, 0, 0, 0, 0, 0, 0, 0, 0, 0, 0, 0, 0, 0, 0, 0, 0, 0, 0, 0, 0, 0, 0, 0, 0, 0, 0, 0, 0, 0, 0, 0, 0, 0, 0, 0, 0, 0, 0, 0, 0, 0, 0, 0, 0, 0, 0, 0, 0, 0, 0, 0, 0, 0, 0, 0, 0, 0, 0, 0, 0, 0, 0, 0, 0, 0, 0, 0, 0, 0, 0, 0, 0, 0, 0, 0, 0, 0, 0, 0, 0, 0, 0, 0, 0, 0, 0, 0, 0, 0, 0, 0]
[34, 44, 72, 97, 118, 8, 2, 32, 35, 41, 59, 86, 109, 129, 146, 142, 102, 56, 15, -8, -24, -36, -44, -51, -55, -55, -51, -45, -39, -35, -29, -24, -18, -15, -13, -11, -10, -8, -7, -6, -5, -5, -5, -4, -3, -3, -3, -2, -3, -3, -3, -2, -1, 0, -1, -1, -1, -2, -3, -4, -4, -5, -5, -4, -4, -4, -3, -3, -2, -1, -1, -1, -1, -2, -2, -2, -2, -2, -2, -1, -1, -1, -1, -1, -1, -1, -1, -1, 0, 0, 0, 0, 0, 0, 0, 0, 0, 0, 0, 0]
[63, 22, 0, 0, 0, 0, 0, 0, 0, 0, 0, 0, 0, 0, 0, 0, 0, 0, 0, 0, 0, 0, 0, 0, 0, 0, 0, 0, 0, 0, 0, 0, 0, 0, 0, 0, 0, 0, 0, 0, 0, 0, 0, 0, 0, 0, 0, 0, 0, 0, 0, 0, 0, 0, 0, 0, 0, 0, 0, 0, 0, 0, 0, 0, 0, 0, 0, 0, 0, 0, 0, 0, 0, 0, 0, 0, 0, 0, 0, 0, 0, 0, 0, 0, 0, 0, 0, 0, 0, 0, 0, 0, 0, 0, 0, 0, 0, 0, 0, 0]
[0, -7, -6, -21, -11, 23, 55, 83, 106, 126, 127, 112, 109, 116, 119, 118, 116, 124, 137, 152, 159, 151, 124, 86, 59, 34, 11, -5, -15, -26, -34, -37, -35, -31, -27, -23, -21, -20, -20, -18, -17, -16, -16, -15, -14, -12, -10, -8, -7, -6, -6, -5, -5, -5, -5, -4, -4, -4, -4, -3, -3, -3, -3, -2, -2, -2, -2, -2, -3, -2, -2, -2, -2, -2, -2, -2, -1, -1, -1, -1, -2, -2, -3, -3, -3, -3, -3, -2, -2, -2, -2, -2, -2, -2, -1, 0, 0, 0, 0, 0]
[32, 32, 49, 77, 101, 122, 140, 135, 117, 84, 37, -3, 1, -3, -3, 25, 56, 84, 107, 127, 143, 138, 119, 119, 137, 145, 146, 152, 163, 175, 185, 185, 154, 131, 103, 58, 20, 5, -8, -20, -28, -32, -34, -30, -22, -16, -13, -14, -15, -15, -14, -12, -11, -10, -10, -10, -10, -9, -8, -7, -6, -5, -4, -3, -2, -2, -2, -2, -2, -2, -2, -2, -2, -2, -2, -2, -2, -1, -1, -1, -1, -1, -1, -1, -1, -1, -1, -1, 0, 0, 0, 0, 0, -1, -1, -1, -1, -1, -1, -1]
[26, 0, 0, 0, 0, 0, 0, 0, 0, 0, 0, 0, 0, 0, 0, 0, 0, 0, 0, 0, 0, 0, 0, 0, 0, 0, 0, 0, 0, 0, 0, 0, 0, 0, 0, 0, 0, 0, 0, 0, 0, 0, 0, 0, 0, 0, 0, 0, 0, 0, 0, 0, 0, 0, 0, 0, 0, 0, 0, 0, 0, 0, 0, 0, 0, 0, 0, 0, 0, 0, 0, 0, 0, 0, 0, 0, 0, 0, 0, 0, 0, 0, 0, 0, 0, 0, 0, 0, 0, 0, 0, 0, 0, 0, 0, 0, 0, 0, 0, 0]
[30, 47, 76, 100, 121, 139, 146, 133, 111, 74, 40, 15, 1, 11, -6, 1, 34, 64, 91, 113, 132, 149, 133, 107, 89, 78, 63, 41, 43, 69, 95, 116, 135, 142, 114, 80, 53, 32, 10, -16, -38, -50, -59, -61, -59, -55, -51, -46, -38, -31, -25, -21, -18, -16, -13, -10, -7, -3, -1, 0, 0, 0, 1, 0, 0, -1, -2, -2, -2, -2, -2, -2, -2, -2, -2, -2, -2, -1, -1, -1, -1, 0, 0, 0, 0, 0, 0, 0, -1, -1, -1, -1, -1, -1, 0, 0, 0, 0, 0, 0]
[-1, 19, 0, 0, 0, 0, 0, 0, 0, 0, 0, 0, 0, 0, 0, 0, 0, 0, 0, 0, 0, 0, 0, 0, 0, 0, 0, 0, 0, 0, 0, 0, 0, 0, 0, 0, 0, 0, 0, 0, 0, 0, 0, 0, 0, 0, 0, 0, 0, 0, 0, 0, 0, 0, 0, 0, 0, 0, 0, 0, 0, 0, 0, 0, 0, 0, 0, 0, 0, 0, 0, 0, 0, 0, 0, 0, 0, 0, 0, 0, 0, 0, 0, 0, 0, 0, 0, 0, 0, 0, 0, 0, 0, 0, 0, 0, 0, 0, 0, 0]
[0, 32, 52, 80, 104, 124, 134, 116, 74, 35, 0, -33, -18, -26, -20, 17, 50, 78, 103, 123, 141, 155, 47, 18, -17, -35, -39, -44, -69, -82, -78, -70, -60, -52, -46, -42, -39, -36, -29, -23, -18, -15, -13, -11, -10, -8, -7, -6, -5, -5, -4, -3, -3, -3, -2, -2, -3, -3, -3, -3, -2, -2, -2, -2, -2, -2, -2, -2, -2, -2, -2, -2, -2, -2, -2, -2, -2, -2, -2, -1, -1, -1, -1, -1, -1, -1, -1, -1, -1, -1, -1, 0, 0, 0, 0, 0, 0, 0, 0, 0]
[30, 28, 36, 66, 92, 114, 133, 143, 131, 110, 73, 28, -11, -43, -12, -14, -4, 31, 62, 88, 111, 130, 147, 153, 126, 104, 92, 81, 80, 97, 118, 133, 146, 154, 138, 109, 84, 48, 5, -21, -29, -40, -47, -47, -40, -29, -19, -12, -10, -9, -9, -9, -8, -8, -7, -6, -6, -5, -4, -4, -3, -3, -3, -3, -2, -2, -2, -2, -2, -2, -2, -2, -2, -2, -2, -2, -2, -2, -2, -2, -1, 0, 0, 0, 0, 0, 0, 0, -1, -1, -1, -1, -2, -2, -3, -3, -3, -3, -2, -2]
[23, 31, 44, 73, 98, 120, 137, 142, 130, 105, 69, 31, -6, -22, -15, -25, 5, 40, 69, 95, 116, 135, 136, 101, 74, 70, 74, 77, 87, 101, 122, 140, 155, 161, 145, 123, 93, 60, 36, 19, 5, -4, -9, -11, -10, -9, -9, -10, -10, -11, -11, -10, -9, -9, -9, -9, -9, -9, -9, -9, -9, -9, -8, -7, -6, -5, -5, -4, -4, -3, -2, -2, -1, -1, -1, 0, 0, 0, 0, -1, -1, -1, -1, -1, -2, -2, -2, -1, -1, -1, -1, -1, -2, -2, -2, -2, -2, -2, -2, -1]
[-17, -8, 20, 52, 80, 104, 125, 127, 103, 75, 44, 15, -7, -31, -31, 0, 35, 139, 151, 131, 106, 90, 65, 42, 25, 4, -9, -15, -20, -23, -22, -19, -17, -14, -12, -10, -10, -10, -11, -12, -12, -12, -12, -11, -10, -10, -9, -9, -8, -7, -8, -8, -7, -6, -5, -4, -3, -2, -2, -1, -1, -1, -1, -1, -1, -1, 0, 0, 0, 0, 0, 0, 0, 0, 0, 0, 0, 0, 0, 0, 0, -1, -1, -1, -1, -1, -1, -2, -2, -2, -1, 0, 0, 0, 0, 0, 0, 0, 0, 0]
[-1, 116, 84, 53, 20, -14, -39, -33, -22, -7, 2, 19, 44, 64, 82, 98, 107, 99, 80, 58, 48, 38, 34, 21, 7, -3, -8, -4, -2, -3, -5, -6, -7, -4, -2, 0, 0, 0, -1, -3, -4, -5, -6, -6, -7, -8, -9, -8, -7, -7, -6, -5, -4, -4, -4, -3, -3, -2, -2, -2, -1, -1, -1, -1, -2, -2, -1, -1, -1, -1, -1, -1, -1, -1, -1, -1, -2, -2, -3, -3, -2, -2, -2, -2, -1, -1, -1, -1, -1, -1, -1, -1, -1, 0, 0, 0, 0, 0, 0, 0]
[18, 16, 7, 30, 61, 88, 108, 109, 97, 75, 45, 9, -16, -5, -9, -7, 15, 48, 76, 101, 122, 140, 150, 126, 112, 98, 84, 78, 84, 103, 119, 138, 143, 139, 128, 97, 73, 54, 41, 32, 21, 12, 5, 2, 5, 5, 1, -2, -4, -4, -5, -5, -5, -5, -4, -4, -3, -3, -3, -4, -4, -4, -4, -4, -4, -5, -5, -5, -5, -5, -4, -4, -4, -4, -3, -3, -3, -3, -2, -2, -3, -3, -3, -4, -4, -3, -3, -3, -3, -2, -2, -3, -3, -3, -3, -3, -3, -3, -2, -2]
[13, 2, 0, 0, 0, 0, 0, 0, 0, 0, 0, 0, 0, 0, 0, 0, 0, 0, 0, 0, 0, 0, 0, 0, 0, 0, 0, 0, 0, 0, 0, 0, 0, 0, 0, 0, 0, 0, 0, 0, 0, 0, 0, 0, 0, 0, 0, 0, 0, 0, 0, 0, 0, 0, 0, 0, 0, 0, 0, 0, 0, 0, 0, 0, 0, 0, 0, 0, 0, 0, 0, 0, 0, 0, 0, 0, 0, 0, 0, 0, 0, 0, 0, 0, 0, 0, 0, 0, 0, 0, 0, 0, 0, 0, 0, 0, 0, 0, 0, 0]
[0, -5, 20, 53, 81, 104, 119, 113, 91, 52, 8, -17, -10, -6, -17, -3, 32, 63, 89, 112, 131, 147, 129, 108, 99, 97, 97, 103, 117, 131, 144, 145, 140, 135, 113, 94, 69, 53, 38, 22, 9, 0, -3, -2, 1, 2, 0, -2, -6, -6, -6, -5, -6, -6, -5, -4, -4, -3, -3, -2, -2, -2, -2, -2, -2, -2, -2, -2, -2, -1, 0, -1, -1, -1, -1, -1, -1, -1, -1, -1, -1, -1, -1, -1, -1, -1, -2, -2, -2, -2, -2, -1, -1, -1, -1, -1, -1, -1, -1, 0]
[18, 22, 15, 27, 54, 79, 77, 55, 28, -3, -32, -52, -76, -67, -50, -46, -8, 28, 59, 86, 109, 129, 139, 114, 102, 91, 90, 91, 90, 100, 117, 134, 133, 128, 113, 80, 56, 43, 29, 13, 3, -3, -12, -16, -17, -16, -13, -10, -7, -3, -5, -4, -2, 0, 0, 0, -1, -1, -2, -3, -3, -2, -2, -3, -2, -2, -3, -3, -1, 2, 6, 8, 7, 4, 2, 1, 1, 0, 0, -1, -1, -2, -2, -2, -2, -2, -3, -3, -3, -4, -4, -4, -4, -4, -3, -3, -3, -3, -3, 0]
[-3, 5, 0, 0, 0, 0, 0, 0, 0, 0, 0, 0, 0, 0, 0, 0, 0, 0, 0, 0, 0, 0, 0, 0, 0, 0, 0, 0, 0, 0, 0, 0, 0, 0, 0, 0, 0, 0, 0, 0, 0, 0, 0, 0, 0, 0, 0, 0, 0, 0, 0, 0, 0, 0, 0, 0, 0, 0, 0, 0, 0, 0, 0, 0, 0, 0, 0, 0, 0, 0, 0, 0, 0, 0, 0, 0, 0, 0, 0, 0, 0, 0, 0, 0, 0, 0, 0, 0, 0, 0, 0, 0, 0, 0, 0, 0, 0, 0, 0, 0]
[0, 12, 0, -7, 24, 56, 79, 82, 75, 55, 17, -13, -47, -49, -44, -22, 15, 48, 77, 101, 122, 135, 116, 97, 86, 77, 69, 79, 103, 116, 132, 146, 145, 138, 111, 86, 55, 28, 9, -3, -18, -31, -36, -33, -25, -16, -8, -4, -3, -3, -3, -3, -2, -2, -1, -1, -1, 0, 0, 0, -1, -1, -2, -2, -3, -3, -3, -4, -4, -4, -4, -4, -4, -3, -3, -2, -2, -1, -1, 0, 0, 0, 0, 0, -1, -1, -1, -1, -1, -1, -1, -1, -1, -1, -1, -1, -1, -2, -2, -2]
[14, 9, 2, 116, 108, 124, 141, 156, 169, 181, 185, 142, 121, 126, 131, 131, 120, 111, 113, 120, 126, 137, 139, 120, 83, 69, 53, 27, -1, -11, -17, -27, -32, -31, -25, -19, -14, -10, -8, -6, -6, -6, -6, -5, -5, -4, -4, -3, -3, -3, -3, -2, -2, -1, -2, -2, -2, -2, -2, -2, -1, -2, -2, -1, -1, 0, 0, -1, -1, -1, -1, -1, -1, -1, -1, -2, -2, -1, -1, -1, -1, 0, -1, -1, -1, -1, -1, -1, 0, 0, 0, 0, -1, -1, -1, 0, 0, 0, 0, 0]
[13, 11, 3, 19, 52, 80, 104, 124, 140, 141, 120, 82, 37, 10, 21, 13, 38, 68, 94, 115, 134, 150, 146, 107, 85, 71, 62, 66, 77, 96, 118, 131, 132, 131, 119, 98, 86, 73, 58, 39, 29, 21, 7, -2, -5, -6, -6, -8, -7, -6, -6, -6, -8, -9, -9, -9, -9, -10, -9, -8, -7, -6, -6, -5, -5, -4, -3, -3, -3, -2, -2, -2, -1, 0, 0, 0, 0, 0, 0, 0, 0, 0, 1, 1, 0, 0, 0, 0, 0, -1, -1, -2, -2, -2, -2, -2, -2, -2, -2, -1]
[7, 18, 32, 41, 43, 46, 66, 90, 112, 131, 140, 128, 101, 60, 32, 14, -12, -11, 0, 27, 58, 85, 108, 128, 145, 151, 121, 87, 68, 61, 71, 77, 88, 110, 129, 146, 157, 150, 132, 103, 79, 67, 47, 27, 9, 0, -2, 0, 3, 3, 0, 0, 0, 0, 0, 0, 0, 0, 0, 0, 0, 0, 0, 0, 0, 0, -1, -1, -1, -1, -1, -1, -1, -1, -1, -1, -1, -1, -1, -1, 0, 0, 0, -1, 0, 1, 1, -1, -5, -5, -3, -1, -2, -3, -5, -5, -4, -3, -3, -2]
[15, -4, -35, -20, 17, 50, 78, 90, 89, 75, 39, -2, -24, -36, -40, -37, -9, 27, 58, 85, 108, 128, 109, 68, 58, 60, 76, 80, 85, 104, 124, 139, 153, 165, 153, 142, 121, 81, 52, 38, 29, 16, 3, -7, -15, -14, -8, -2, 1, 3, 2, 1, -1, -2, -3, -2, -1, 0, 0, 0, 0, 0, 0, -1, -1, -1, 0, 0, -1, -1, -1, 0, 0, 0, 0, -1, -1, -1, -1, 0, 0, -1, -1, -1, -1, -1, -1, -1, -1, -1, -2, -2, -2, -2, -1, 0, 0, 0, 0, 0]
[14, 6, 24, 56, 83, 107, 121, 123, 113, 91, 50, 8, -13, -17, -18, 1, 35, 65, 91, 114, 133, 137, 107, 80, 67, 75, 90, 105, 122, 138, 152, 146, 130, 115, 97, 83, 80, 65, 45, 29, 21, 18, 17, 18, 19, 19, 18, 16, 14, 12, 10, 9, 9, 9, 9, 9, 9, 9, 10, 9, 8, 6, 5, 4, 2, 2, 1, 1, 1, 0, -1, -2, -2, -1, -1, -1, -1, -1, -1, 0, 0, 0, 0, 0, 0, 0, -1, -1, -1, -1, -2, -2, -2, -1, 0, -1, -2, -3, -2, 0]
[-63, -65, 0, 0, 0, 0, 0, 0, 0, 0, 0, 0, 0, 0, 0, 0, 0, 0, 0, 0, 0, 0, 0, 0, 0, 0, 0, 0, 0, 0, 0, 0, 0, 0, 0, 0, 0, 0, 0, 0, 0, 0, 0, 0, 0, 0, 0, 0, 0, 0, 0, 0, 0, 0, 0, 0, 0, 0, 0, 0, 0, 0, 0, 0, 0, 0, 0, 0, 0, 0, 0, 0, 0, 0, 0, 0, 0, 0, 0, 0, 0, 0, 0, 0, 0, 0, 0, 0, 0, 0, 0, 0, 0, 0, 0, 0, 0, 0, 0, 0]
[0, -33, -9, 9, 43, 72, 97, 106, 115, 134, 150, 164, 172, 145, 96, 46, 3, -32, -63, -86, -81, -66, -43, -28, -25, -18, -3, 6, -3, -8, -3, 1, 1, -1, -3, -2, 2, 7, 10, 11, 11, 11, 10, 8, 7, 6, 5, 4, 2, 1, 0, -1, -2, -3, -4, -5, -6, -5, -4, -3, -2, -2, -2, -2, -1, -1, -1, -2, -2, -2, -3, -2, -2, -2, -2, -1, -1, -1, -1, -2, -2, -2, -1, -1, -1, -1, -2, -1, -1, -1, -1, 0, 0, -1, 0, 0, 0, -1, -1, 0]
[10, -10, -45, -73, -70, -72, -71, -43, -10, 24, 51, 56, 67, 93, 115, 134, 136, 94, 44, 2, -33, -41, -30, -21, 12, 35, 38, 66, 78, 71, 65, 64, 61, 58, 55, 58, 58, 54, 47, 41, 38, 36, 33, 28, 22, 16, 11, 7, 5, 0, 2, 3, 2, 0, -2, -2, -2, -2, -3, -5, -6, -5, -3, -2, -2, -2, -2, -2, -3, -2, -2, -1, 0, 0, 0, -1, -1, -1, -1, 0, 0, 0, -1, -1, -1, -1, -1, -1, -1, -1, -1, 0, 0, 0, 0, 0, 0, 0, 0, 0]
[-46, -64, -60, -27, 11, 45, 74, 98, 120, 138, 154, 167, 178, 172, 132, 77, 30, -9, -44, -73, -88, -77, -35, -8, -3, 12, 24, 30, 31, 26, 18, 19, 25, 33, 36, 36, 35, 34, 32, 28, 24, 20, 17, 14, 11, 7, 5, 3, 2, 1, 0, 0, -1, 0, 0, 0, 0, 0, -2, -2, -1, -1, 0, -1, -1, -2, -2, -2, -2, -3, -4, -3, -3, -3, -3, -2, -2, -2, -1, -1, -1, -1, -1, -1, -1, -1, -1, -1, -1, -1, -1, -1, -1, -1, -1, 0, 0, 0, 0, 0]
[30, -2, 0, 0, 0, 0, 0, 0, 0, 0, 0, 0, 0, 0, 0, 0, 0, 0, 0, 0, 0, 0, 0, 0, 0, 0, 0, 0, 0, 0, 0, 0, 0, 0, 0, 0, 0, 0, 0, 0, 0, 0, 0, 0, 0, 0, 0, 0, 0, 0, 0, 0, 0, 0, 0, 0, 0, 0, 0, 0, 0, 0, 0, 0, 0, 0, 0, 0, 0, 0, 0, 0, 0, 0, 0, 0, 0, 0, 0, 0, 0, 0, 0, 0, 0, 0, 0, 0, 0, 0, 0, 0, 0, 0, 0, 0, 0, 0, 0, 0]
[0, -37, -68, -60, -47, -42, -8, 27, 59, 86, 109, 129, 145, 160, 173, 151, 94, 44, -63, -72, -60, -50, -40, -30, -22, -16, -12, -9, -6, -5, -5, -6, -6, -6, -8, -9, -10, -10, -10, -10, -10, -8, -7, -6, -5, -4, -3, -2, -2, -2, -2, -2, -2, -2, -2, -2, -2, -2, -3, -3, -2, -2, -3, -3, -3, -3, -3, -3, -3, -3, -3, -4, -4, -3, -3, -3, -3, -2, -2, -2, -2, -2, -2, -1, -1, -1, -1, -1, -1, -1, -1, -2, -2, -2, -2, -2, 0, 0, 0, 0]
[-66, -70, 104, 54, 10, -24, -28, -12, 14, 8, -5, -1, -7, -18, -23, -20, -14, -8, -5, 1, 13, 23, 28, 28, 26, 22, 18, 15, 12, 9, 7, 5, 2, 0, -2, -3, -3, -4, -5, -5, -4, -4, -3, -3, -2, -2, -2, -1, -1, -1, -1, 0, 0, 0, 0, 0, 0, 0, 0, 0, 0, 0, 0, 0, 0, 0, 0, 0, 0, -1, -1, -1, -2, -2, -2, -2, -2, -2, -1, -1, -1, -1, -1, -1, -1, -1, -2, -2, -2, -2, -2, -2, 0, 0, 0, 0, 0, 0, 0, 0]
[23, -50, -77, -102, -124, -142, -157, -162, -149, -145, -131, -99, -76, -74, -55, -41, -33, -19, -21, -21, -5, 17, 32, 32, 26, 24, 27, 29, 27, 22, 17, 12, 8, 5, 3, 1, 0, -2, -3, -3, -3, -2, -2, -1, -1, -1, -1, 0, 0, 0, 0, 0, 0, 0, 0, 0, 0, 0, 0, 0, 0, -1, -1, 0, -1, -1, -1, -1, -1, -1, -1, -1, -1, -1, -1, -1, -1, -1, -1, -1, -1, -1, -1, -1, -1, -1, -1, -1, -1, -1, -1, -1, -1, -1, -1, -1, 0, 0, 0, 0]
[-46, -64, -81, -80, -33, 6, 41, 70, 95, 117, 136, 152, 160, 124, 71, -68, -35, -18, -10, -1, 6, 10, 9, 4, 0, -3, -4, -5, -6, -6, -6, -6, -6, -6, -6, -6, -5, -4, -2, -1, -1, -1, -2, -1, 0, 0, -1, -1, -1, -2, -2, -3, -3, -2, -2, -2, -2, -1, -1, -1, -1, -1, -1, -1, -1, -1, -1, -1, -2, -2, -2, -2, -2, -2, -2, -2, -2, -2, -2, -2, -2, -2, -2, -2, -2, -2, -2, -2, -2, 0, 0, 0, 0, 0, 0, 0, 0, 0, 0, 0]
[-38, -39, -25, -5, 27, 110, 58, 16, 2, -2, -8, -3, -6, -17, -21, -6, 5, 0, -5, 3, 18, 27, 28, 27, 28, 30, 34, 34, 31, 27, 23, 19, 15, 12, 9, 6, 3, 1, 0, 0, -1, -1, 0, 0, 0, 0, 0, 0, 0, 0, 0, 0, 0, -1, -2, -2, -3, -3, -3, -3, -3, -2, -2, -2, -1, -1, -1, -1, -1, -1, -1, -1, -1, -2, -1, -2, -2, -2, -2, -2, -2, -2, -2, -2, -2, -2, -2, -2, -2, -2, -2, -2, -2, -2, -1, -2, 0, 0, 0, 0]
[-50, -75, -52, -20, 10, 43, 72, 97, 119, 137, 153, 166, 178, 162, 106, 55, 11, -26, -58, -74, -82, -68, -34, 5, 40, 57, 69, 68, 56, 42, 36, 55, 72, 73, 68, 62, 59, 57, 53, 47, 40, 34, 28, 23, 17, 12, 8, 5, 3, 1, 0, 0, 0, 0, 0, 0, 0, 0, 0, 0, 0, 0, 0, 0, 0, -1, -1, -1, -2, -2, -2, -2, -2, -2, -2, -2, -2, -2, -2, -2, -2, -2, -2, -2, -2, -2, -2, -1, -1, -1, -1, -1, -1, -1, -1, -2, -2, -2, -2, -2]
[-61, -86, -101, -81, -35, 5, 39, 63, 76, 95, 117, 135, 151, 147, 106, 55, 11, -25, -58, -81, -82, -77, -38, -13, -13, 0, 18, 16, 9, -3, -5, 12, 26, 34, 36, 35, 34, 32, 29, 26, 22, 18, 14, 11, 8, 5, 4, 2, 0, -1, -2, -3, -3, -3, -3, -3, -3, -3, -3, -3, -2, -2, -2, -1, -1, -1, -1, -1, -1, -2, -2, -2, -2, -1, -2, -2, -1, -1, -1, -1, -1, -1, -1, -1, -1, -1, -1, -1, -1, -1, -2, -2, -2, -2, -2, -2, -2, -2, -2, -1]
[-65, -3, -38, -62, -64, -44, -9, 20, 24, 28, 42, 51, 49, 45, 42, 39, 43, 48, 50, 51, 49, 47, 44, 38, 33, 27, 22, 17, 14, 11, 8, 5, 2, 1, 1, -4, -3, -3, -2, -2, -2, -2, -2, -2, -2, -2, -2, -2, -2, -2, -2, -2, -2, -2, -1, -1, -1, -1, -1, -1, -1, -1, -1, -1, -1, -1, -1, -1, -1, -1, 0, 0, 0, 0, 0, 0, 0, -1, -1, -1, -2, -2, -2, -2, -2, -2, -2, -1, -1, -1, -1, -1, 0, 0, 0, 0, 0, 0, 0, 0]
[10, -18, -52, -80, -87, -88, -91, -62, -19, 19, 51, 79, 103, 124, 141, 157, 137, 82, 35, -5, -40, -70, -89, -85, -47, -5, 29, 48, 52, 44, 35, 37, 41, 32, 21, 21, 25, 28, 30, 28, 26, 25, 24, 21, 17, 14, 12, 9, 8, 6, 4, 2, 0, 0, 0, -1, -2, -2, -2, -2, -2, -3, -3, -3, -3, -2, -2, -2, -2, -2, -2, -2, -2, -2, -2, -2, -2, -2, -2, -1, -1, -2, -1, -1, -1, -1, -1, -1, -2, -2, -1, -1, -2, -1, -1, -1, -1, -1, -1, -1]
[14, -23, -56, -76, -45, -15, 10, 42, 71, 96, 118, 136, 152, 166, 158, 103, 52, 9, -28, -58, -73, -54, -18, 17, 34, 48, 73, 74, 64, 63, 59, 52, 51, 54, 58, 56, 49, 42, 38, 35, 30, 25, 19, 12, 6, 1, 0, -1, -3, -5, -6, -6, -6, -7, -7, -7, -6, -5, -4, -3, -3, -3, -2, -2, -3, -3, -3, -3, -4, -4, -4, -4, -4, -4, -4, -3, -3, -3, -2, -2, -2, -2, -2, -2, -2, -2, -2, -2, -2, -2, -2, -2, -2, -2, -1, -1, 0, 0, 0, 0]
[-5, 0, 0, 0, 0, 0, 0, 0, 0, 0, 0, 0, 0, 0, 0, 0, 0, 0, 0, 0, 0, 0, 0, 0, 0, 0, 0, 0, 0, 0, 0, 0, 0, 0, 0, 0, 0, 0, 0, 0, 0, 0, 0, 0, 0, 0, 0, 0, 0, 0, 0, 0, 0, 0, 0, 0, 0, 0, 0, 0, 0, 0, 0, 0, 0, 0, 0, 0, 0, 0, 0, 0, 0, 0, 0, 0, 0, 0, 0, 0, 0, 0, 0, 0, 0, 0, 0, 0, 0, 0, 0, 0, 0, 0, 0, 0, 0, 0, 0, 0]
[-37, -62, -55, -38, -31, -29, -1, 32, 60, 87, 110, 129, 146, 161, 160, 116, 63, 18, -20, -53, -81, -97, -73, -27, 11, 45, 74, 88, 90, 95, 87, 82, 85, 87, 82, 69, 56, 47, 40, 34, 27, 20, 15, 11, 8, 5, 4, 3, 3, 2, 2, 1, 1, 1, 0, 0, -1, -2, -3, -2, 0, 2, 3, 2, 3, 3, 2, 1, 0, 0, -1, -3, -4, -4, -3, -1, -1, -1, -1, -1, -1, -2, -2, -2, -1, -1, 0, -1, -2, -2, -2, -2, -2, -2, -3, 0, 0, 0, 0, 0]
[-16, -18, -11, 11, 40, 66, 92, 114, 132, 149, 163, 175, 185, 173, 118, 65, 20, -18, -51, -51, -17, 19, 51, 68, 81, 87, 77, 67, 70, 66, 58, 52, 47, 42, 37, 18, 16, 14, 13, 12, 11, 9, 7, 6, 5, 4, 3, 2, 2, 2, 2, 1, 1, 0, 0, 0, 0, -1, -1, -2, -2, -2, -2, -2, -2, -1, -1, -1, -1, -1, -1, -1, -1, -1, -1, -1, -1, -1, 0, 0, 0, 0, 0, 0, -1, -1, -1, -1, -2, -2, -2, -2, -3, -1, 1, 1, 0, 0, 0, 0]
[66, 0, 0, 0, 0, 0, 0, 0, 0, 0, 0, 0, 0, 0, 0, 0, 0, 0, 0, 0, 0, 0, 0, 0, 0, 0, 0, 0, 0, 0, 0, 0, 0, 0, 0, 0, 0, 0, 0, 0, 0, 0, 0, 0, 0, 0, 0, 0, 0, 0, 0, 0, 0, 0, 0, 0, 0, 0, 0, 0, 0, 0, 0, 0, 0, 0, 0, 0, 0, 0, 0, 0, 0, 0, 0, 0, 0, 0, 0, 0, 0, 0, 0, 0, 0, 0, 0, 0, 0, 0, 0, 0, 0, 0, 0, 0, 0, 0, 0, 0]
[37, -3, -27, -22, 0, 34, 64, 90, 113, 132, 148, 116, 119, 109, 93, 70, 30, -9, -44, -73, -99, -121, -137, -133, -125, -111, -97, -89, -81, -71, -60, -49, -40, -35, -32, -27, -21, -16, -13, -12, -7, -6, -5, -4, -4, -3, -3, -3, -3, -3, -3, -3, -3, -3, -3, -2, -2, -2, -1, -1, -1, -1, -1, -1, -2, -2, -2, -2, -2, -2, -2, -1, -1, -1, -1, -1, -1, -1, -1, -1, -1, -1, -1, -1, -1, -1, -1, -1, -1, -1, -1, 0, 0, 0, 0, 0, 0, 0, 0, 0]
[55, 29, 8, 20, 51, 79, 103, 124, 141, 156, 121, 138, 145, 117, 82, 44, 4, -31, -63, -86, -105, -122, -123, -121, -117, -108, -95, -78, -61, -48, -40, -32, -26, -20, -15, -12, -9, -7, -7, -6, -5, -6, -8, -9, -9, -8, -7, -6, -6, -5, -4, -4, -3, -3, -2, -2, -2, -1, -1, 0, 0, 0, 0, 0, 0, 0, -1, -1, -1, -1, -1, -1, -1, -1, -1, -1, -1, -1, -1, -1, -1, 0, 0, 0, 0, 0, 0, 0, 0, 0, 0, 0, 0, -1, -1, -1, -1, -2, -2, -2]
[-8, -31, -6, 0, 0, 0, 0, 0, 0, 0, 0, 0, 0, 0, 0, 0, 0, 0, 0, 0, 0, 0, 0, 0, 0, 0, 0, 0, 0, 0, 0, 0, 0, 0, 0, 0, 0, 0, 0, 0, 0, 0, 0, 0, 0, 0, 0, 0, 0, 0, 0, 0, 0, 0, 0, 0, 0, 0, 0, 0, 0, 0, 0, 0, 0, 0, 0, 0, 0, 0, 0, 0, 0, 0, 0, 0, 0, 0, 0, 0, 0, 0, 0, 0, 0, 0, 0, 0, 0, 0, 0, 0, 0, 0, 0, 0, 0, 0, 0, 0]
[0, 0, 30, 61, 87, 110, 130, 147, 105, 125, 121, 101, 74, 39, -1, -37, -67, -93, -101, -111, -114, -104, -98, -93, -87, -81, -74, -67, -59, -51, -43, -36, -29, -24, -22, -21, -21, -19, -16, -15, -14, -13, -13, -12, -12, -12, -11, -10, -9, -8, -8, -7, -6, -6, -5, -5, -4, -3, -3, -2, -2, -2, -2, -2, -2, -2, -2, -2, -2, -2, -3, -3, -3, -3, -3, -3, -3, -2, -2, -2, -1, -1, -1, -1, -1, -2, -2, -2, -2, -2, -2, -1, -1, -1, -1, 0, 0, 0, 0, 0]
[12, -7, -22, -1, 34, 64, 90, 113, 132, 148, 114, 130, 130, 116, 99, 71, 29, -10, -44, -74, -99, -105, -111, -109, -103, -104, -102, -93, -81, -66, -54, -46, -40, -36, -31, -26, -22, -19, -16, -16, -21, -25, -23, -19, -16, -15, -13, -11, -10, -9, -9, -8, -7, -7, -6, -6, -5, -5, -4, -4, -3, -3, -3, -2, -2, -2, -2, -1, -1, -1, -1, -1, -2, -2, -1, -1, -1, -1, -1, -1, -1, -1, -2, -2, -2, -2, -2, -2, -3, -3, -3, -2, -2, -2, -2, -2, -2, -2, -2, -1]
[-16, -17, 0, 0, 0, 0, 0, 0, 0, 0, 0, 0, 0, 0, 0, 0, 0, 0, 0, 0, 0, 0, 0, 0, 0, 0, 0, 0, 0, 0, 0, 0, 0, 0, 0, 0, 0, 0, 0, 0, 0, 0, 0, 0, 0, 0, 0, 0, 0, 0, 0, 0, 0, 0, 0, 0, 0, 0, 0, 0, 0, 0, 0, 0, 0, 0, 0, 0, 0, 0, 0, 0, 0, 0, 0, 0, 0, 0, 0, 0, 0, 0, 0, 0, 0, 0, 0, 0, 0, 0, 0, 0, 0, 0, 0, 0, 0, 0, 0, 0]
[0, 19, 51, 79, 103, 124, 142, 132, 127, 133, 115, 92, 54, 11, -26, -58, -85, -109, -123, -136, -138, -130, -123, -112, -100, -90, -80, -69, -60, -53, -50, -46, -37, -25, -17, -13, -12, -11, -11, -10, -10, -10, -11, -10, -10, -9, -8, -7, -6, -5, -4, -3, -2, -2, -1, -1, -1, -1, 0, 0, 0, 0, -1, -1, -1, -1, -1, -1, -1, -1, -1, -1, -1, -2, -2, -2, -2, -2, -2, -2, -2, -1, -1, -1, -1, -1, -1, -1, -1, -1, -1, -1, -1, -1, -1, -1, -2, -1, -1, 0]
[23, 23, 52, 80, 104, 124, 142, 157, 165, 129, 145, 130, 105, 71, 27, -12, -46, -76, -99, -117, -133, -135, -129, -114, -100, -87, -73, -58, -45, -36, -29, -23, -20, -16, -13, -11, -9, -8, -6, -6, -7, -8, -9, -10, -9, -9, -8, -8, -8, -7, -7, -6, -5, -5, -5, -4, -4, -4, -6, -5, -5, -4, -3, -3, -2, -2, -3, -3, -1, -1, 0, 0, 0, -1, -1, -1, -2, -2, -1, -1, -1, -1, -1, 0, 0, 0, 0, 0, -1, -1, -2, -2, -2, -2, -2, -2, -2, -1, -1, 0]
[4, -3, 27, 59, 86, 109, 128, 145, 150, 135, 145, 128, 105, 65, 20, -18, -51, -80, -104, -125, -130, -129, -125, -116, -104, -90, -75, -63, -53, -44, -36, -29, -23, -17, -13, -9, -6, -3, -3, -3, -3, -3, -4, -4, -5, -5, -5, -5, -5, -4, -4, -4, -4, -3, -4, -3, -3, -3, -3, -2, -2, -2, -2, -1, -1, -1, -1, -1, -1, 0, -1, -1, -1, -1, -1, -2, -3, -3, -3, -3, -3, -2, -2, -2, -2, -1, -1, -1, -1, -1, -1, 0, 0, 0, 0, 0, 0, 0, 0, -1]
[1, -6, 22, 54, 82, 105, 126, 143, 158, 124, 138, 128, 106, 71, 27, -12, -46, -75, -101, -110, -113, -119, -118, -111, -102, -91, -77, -64, -53, -44, -35, -28, -22, -17, -12, -8, -6, -5, -3, -3, -4, -5, -4, -4, -4, -4, -3, -3, -2, -2, -1, 0, 0, -1, -1, -1, -1, -1, -1, -2, -2, -3, -3, -3, -3, -3, -3, -3, -3, -2, -2, -2, -1, -1, -1, -1, -1, -1, -1, -1, -2, -2, -1, -2, -1, -1, -1, -1, -1, -1, -1, -1, -1, -1, -1, -1, -1, -1, -1, -1]
[-7, -14, 20, 52, 80, 104, 125, -8, -7, -6, -3, 0, 2, 4, 4, 5, 6, 7, 7, 6, 4, 3, 2, 2, 2, 1, 1, 0, 0, 0, 0, 0, -1, -1, -1, -1, -2, -2, -2, -3, -3, -3, -3, -3, -3, -2, -2, -2, -2, -3, -3, -3, -3, -3, -2, -2, -2, -1, -1, -1, -1, 0, 0, 0, 0, 0, 0, 0, 0, 0, 0, 0, 0, 0, 0, 0, 0, 0, 0, 0, 0, 0, 0, 0, 0, 0, 0, 0, 0, 0, 0, 0, 0, 0, 0, 0, 0, 0, 0, 0]
[-2, -13, 16, 49, 78, 102, 123, 140, 131, 119, 130, 115, 88, 45, 3, -33, -64, -90, -111, -120, -121, -116, -104, -98, -98, -95, -85, -70, -54, -41, -34, -28, -24, -21, -17, -15, -14, -13, -13, -11, -9, -8, -7, -6, -5, -5, -4, -4, -4, -4, -3, -3, -3, -3, -3, -3, -2, -2, -1, -1, -1, -1, -1, -1, -1, -1, -1, -1, -1, -1, -2, -2, -2, -3, -2, -2, -2, -2, -1, -1, -1, -1, -1, -1, -1, -1, -1, -1, -1, -1, -1, -1, -1, 0, 0, 0, 0, 0, 0, 0]
[9, 10, 42, 71, 96, 118, 136, 152, 141, 140, 128, 111, 77, 31, -9, -43, -73, -99, -116, -125, -130, -128, -128, -120, -111, -103, -95, -87, -76, -65, -55, -47, -40, -34, -29, -24, -20, -15, -12, -11, -10, -9, -8, -8, -8, -8, -8, -7, -6, -6, -5, -5, -5, -5, -4, -3, -3, -3, -2, -2, -2, -2, -3, -2, -2, -3, -3, -3, -2, -2, -2, -2, -1, 0, 0, -1, -1, -1, -1, -1, -2, -2, -2, -2, -1, -1, -1, -1, 0, 0, 0, 0, 0, 0, 0, 0, 0, -1, -1, -1]
[9, 0, 0, 0, 0, 0, 0, 0, 0, 0, 0, 0, 0, 0, 0, 0, 0, 0, 0, 0, 0, 0, 0, 0, 0, 0, 0, 0, 0, 0, 0, 0, 0, 0, 0, 0, 0, 0, 0, 0, 0, 0, 0, 0, 0, 0, 0, 0, 0, 0, 0, 0, 0, 0, 0, 0, 0, 0, 0, 0, 0, 0, 0, 0, 0, 0, 0, 0, 0, 0, 0, 0, 0, 0, 0, 0, 0, 0, 0, 0, 0, 0, 0, 0, 0, 0, 0, 0, 0, 0, 0, 0, 0, 0, 0, 0, 0, 0, 0, 0]
[-1, 15, 48, 76, 101, 122, 140, 130, 124, 133, 116, 91, 56, 13, -24, -57, -84, -102, -120, -123, -121, -121, -116, -112, -106, -95, -85, -73, -61, -50, -40, -32, -25, -20, -16, -11, -7, -6, -5, -4, -4, -4, -4, -4, -3, -3, -2, -2, -2, -2, -2, -2, -2, -2, -2, -1, -1, -1, 0, 0, 0, 0, 0, 0, 0, -1, -1, -1, -1, -1, -2, -2, -2, -2, -2, -2, -2, -1, -1, -1, -1, -1, -1, -1, -1, -1, -1, -1, -1, -1, -1, -1, -1, -1, -1, 0, 0, 0, 0, 0]
[31, 38, 50, 78, 102, 123, 141, 156, 129, 146, 144, 118, 82, 35, -5, -40, -71, -94, -102, -109, -106, -101, -103, -100, -90, -81, -75, -66, -56, -46, -38, -31, -24, -17, -11, -6, -4, -3, -3, -3, -4, -4, -5, -4, -3, -2, -3, -4, -4, -4, -4, -3, -3, -3, -2, -2, -2, -1, -1, -1, -1, 0, 0, 0, 0, 0, -1, -1, -2, -2, -3, -3, -3, -3, -2, -2, -1, -1, 0, 0, 0, 0, 0, 0, 0, 0, 0, 0, -1, -1, -1, -1, -1, -1, -2, -1, -1, -1, -1, -1]
[10, 2, 34, 0, 0, 0, 0, 0, 0, 0, 0, 0, 0, 0, 0, 0, 0, 0, 0, 0, 0, 0, 0, 0, 0, 0, 0, 0, 0, 0, 0, 0, 0, 0, 0, 0, 0, 0, 0, 0, 0, 0, 0, 0, 0, 0, 0, 0, 0, 0, 0, 0, 0, 0, 0, 0, 0, 0, 0, 0, 0, 0, 0, 0, 0, 0, 0, 0, 0, 0, 0, 0, 0, 0, 0, 0, 0, 0, 0, 0, 0, 0, 0, 0, 0, 0, 0, 0, 0, 0, 0, 0, 0, 0, 0, 0, 0, 0, 0, 0]
[0, 0, 64, 90, 113, 132, 148, 108, 128, 113, 85, 57, 16, -21, -54, -82, -104, -116, -123, -118, -109, -103, -95, -87, -76, -61, -49, -40, -33, -28, -23, -19, -16, -13, -11, -9, -7, -8, -7, -6, -6, -5, -5, -4, -4, -3, -3, -3, -3, -3, -3, -2, -2, -2, -2, -1, -1, -1, -1, -1, 0, 0, 0, 0, 0, 0, 0, 0, 0, 0, 0, 0, 0, 0, 0, -1, -1, -1, -1, -1, -1, -2, -2, -2, -2, -2, -2, -1, -1, -1, -1, -1, -1, -1, -1, 0, 0, 0, 0, 0]
[24, 25, 50, 78, 102, 123, 141, 156, 123, 140, 126, 90, 49, 6, -30, -62, -89, -110, -116, -122, -121, -111, -103, -90, -74, -64, -56, -47, -37, -28, -24, -23, -22, -18, -15, -11, -9, -8, -7, -7, -7, -7, -7, -7, -7, -6, -5, -5, -4, -4, -4, -3, -3, -3, -2, -2, -2, -2, -2, -2, -2, -2, -1, -1, -1, -1, -1, -1, 0, 0, -1, 0, 0, 0, 0, -1, -1, -1, 0, -1, -1, 0, 0, -1, -1, -1, -1, -1, -1, -1, -1, -1, -1, -1, -1, -1, -1, -1, -1, -1]
[13, 18, 47, 75, 100, 121, 139, 154, 129, 146, 129, 112, 81, 35, -5, -40, -71, -96, -110, -125, -128, -118, -108, -99, -92, -86, -81, -73, -63, -53, -45, -37, -32, -27, -23, -18, -13, -9, -7, -6, -5, -5, -4, -4, -4, -4, -5, -4, -3, -4, -4, -3, -3, -3, -2, -2, -1, -2, -2, -1, -1, -2, -2, -2, -2, -2, -2, -2, -1, -1, -1, -1, -1, -1, -1, -1, -1, -1, -1, -1, -1, -1, -1, -1, -1, -1, -1, -1, -1, -1, -1, -1, -1, -1, -1, -1, -1, -2, -2, -2]
[97, 0, 0, 0, 0, 0, 0, 0, 0, 0, 0, 0, 0, 0, 0, 0, 0, 0, 0, 0, 0, 0, 0, 0, 0, 0, 0, 0, 0, 0, 0, 0, 0, 0, 0, 0, 0, 0, 0, 0, 0, 0, 0, 0, 0, 0, 0, 0, 0, 0, 0, 0, 0, 0, 0, 0, 0, 0, 0, 0, 0, 0, 0, 0, 0, 0, 0, 0, 0, 0, 0, 0, 0, 0, 0, 0, 0, 0, 0, 0, 0, 0, 0, 0, 0, 0, 0, 0, 0, 0, 0, 0, 0, 0, 0, 0, 0, 0, 0, 0]
[80, 35, -5, -40, -70, -96, -117, -131, -131, -120, -104, -87, -72, -64, -60, -57, -55, -49, -42, -35, -8, -6, -4, -3, -2, -2, -1, 0, 0, 0, 0, 0, 0, 0, 0, 0, 0, 0, -1, -1, -1, -1, -1, -1, -1, -2, -1, -1, -1, -1, -1, -1, -1, -1, -1, -1, -1, -1, -1, -1, -1, -1, -1, -1, 0, 0, 0, 0, 0, 0, 0, 0, -1, 0, -1, -1, -1, -1, -1, -1, -1, -1, -1, -1, -1, 0, 0, 0, 0, -1, 0, 0, 0, 0, 0, 0, 0, 0, 0, 0]
[-16, -25, 11, 45, 74, 99, 120, 138, 109, 127, 130, 114, 94, 59, 15, -22, -55, -83, -107, -127, -135, -131, -131, -125, -113, -104, -97, -89, -78, -68, -60, -53, -45, -38, -29, -20, -14, -10, -7, -5, -4, -4, -4, -6, -10, -11, -9, -7, -7, -7, -6, -5, -4, 0, 1, 0, 0, 0, 0, 0, 0, 0, 0, 0, 0, 0, 0, 0, -1, -1, -1, -1, -1, -1, -1, -2, -1, -1, -1, -1, -1, -1, -2, -2, -1, -1, -1, -1, -1, -1, -1, -1, -2, -2, -1, -1, -1, -1, -1, -1]
[31, 42, 64, 90, 113, 132, 148, 162, 128, 145, 132, 102, 74, 40, 0, -36, -67, -93, -115, -134, -138, -128, -121, -112, -98, -88, -80, -70, -60, -50, -42, -34, -26, -19, -11, -6, -2, -1, 0, 0, 0, -1, -2, -2, -2, -3, -4, -4, -3, -4, -4, -4, -3, -2, -2, -2, -1, -1, -1, -1, -1, 0, 0, 0, -1, -1, 0, -1, -1, -1, -1, -1, -1, 0, 0, 0, 0, 0, 0, 0, 0, 0, 0, 0, 0, 0, 0, 0, -1, -1, -1, -1, -1, -1, -1, -1, -1, -1, -1, -1]
[-15, -20, 0, 0, 0, 0, 0, 0, 0, 0, 0, 0, 0, 0, 0, 0, 0, 0, 0, 0, 0, 0, 0, 0, 0, 0, 0, 0, 0, 0, 0, 0, 0, 0, 0, 0, 0, 0, 0, 0, 0, 0, 0, 0, 0, 0, 0, 0, 0, 0, 0, 0, 0, 0, 0, 0, 0, 0, 0, 0, 0, 0, 0, 0, 0, 0, 0, 0, 0, 0, 0, 0, 0, 0, 0, 0, 0, 0, 0, 0, 0, 0, 0, 0, 0, 0, 0, 0, 0, 0, 0, 0, 0, 0, 0, 0, 0, 0, 0, 0]
[0, -22, -22, -20, -21, -21, -21, -20, -18, -15, -13, -11, -9, -8, -8, -8, -8, -8, -8, -7, -6, -6, -5, -5, -4, -3, -3, -3, -3, -4, -4, -3, -4, -4, -4, -5, -5, -5, -4, -4, -4, -3, -3, -3, -3, -4, -3, -3, -3, -3, -3, -2, -2, -2, -1, -1, -1, -1, -1, -1, -2, -3, -3, -3, -1, 0, 0, 0, -1, 0, 0, 0, -1, -2, -3, -3, -3, -3, -3, -3, -2, -2, -1, -1, -1, -1, -1, -1, -1, 0, 0, 0, 0, 0, 0, 0, 0, 0, 0, 0]
[-29, -40, 0, 0, 0, 0, 0, 0, 0, 0, 0, 0, 0, 0, 0, 0, 0, 0, 0, 0, 0, 0, 0, 0, 0, 0, 0, 0, 0, 0, 0, 0, 0, 0, 0, 0, 0, 0, 0, 0, 0, 0, 0, 0, 0, 0, 0, 0, 0, 0, 0, 0, 0, 0, 0, 0, 0, 0, 0, 0, 0, 0, 0, 0, 0, 0, 0, 0, 0, 0, 0, 0, 0, 0, 0, 0, 0, 0, 0, 0, 0, 0, 0, 0, 0, 0, 0, 0, 0, 0, 0, 0, 0, 0, 0, 0, 0, 0, 0, 0]
[0, -47, -48, -43, -34, -24, -15, -6, 3, 12, 19, 27, 34, 39, 61, 62, 61, 60, 61, 64, 67, 67, 11, 0, 0, 0, 0, 0, 0, 0, 0, 0, 0, 0, 0, 0, 0, 0, 0, 0, 0, 0, 0, 0, 0, 0, 0, 0, 0, 0, 0, 0, 0, 0, 0, 0, 0, 0, 0, 0, 0, 0, 0, 0, 0, 0, 0, 0, 0, 0, 0, 0, 0, 0, 0, 0, 0, 0, 0, 0, 0, 0, 0, 0, 0, 0, 0, 0, 0, 0, 0, 0, 0, 0, 0, 0, 0, 0, 0, 0]
[-10, -8, -7, -6, -5, -4, -4, -3, -3, -2, -2, -2, -2, -2, -2, -2, 19, 13, 7, 3, -19, -16, -13, -9, -6, -1, 0, 0, 0, 0, 0, 0, 0, 0, 0, 0, 0, 0, 0, 0, 0, 0, 0, 0, 0, 0, 0, 0, 0, 0, 0, 0, 0, 0, 0, 0, 0, 0, 0, 0, 0, 0, 0, 0, 0, 0, 0, 0, 0, 0, 0, 0, 0, 0, 0, 0, 0, 0, 0, 0, 0, 0, 0, 0, 0, 0, 0, 0, 0, 0, 0, 0, 0, 0, 0, 0, 0, 0, 0, 0]
[-8, 0, 0, 0, 0, 0, 0, 0, 0, 0, 0, 0, 0, 0, 0, 0, 0, 0, 0, 0, 0, 0, 0, 0, 0, 0, 0, 0, 0, 0, 0, 0, 0, 0, 0, 0, 0, 0, 0, 0, 0, 0, 0, 0, 0, 0, 0, 0, 0, 0, 0, 0, 0, 0, 0, 0, 0, 0, 0, 0, 0, 0, 0, 0, 0, 0, 0, 0, 0, 0, 0, 0, 0, 0, 0, 0, 0, 0, 0, 0, 0, 0, 0, 0, 0, 0, 0, 0, 0, 0, 0, 0, 0, 0, 0, 0, 0, 0, 0, 0]
[-14, -16, -16, -15, -15, -15, -12, -9, -3, 3, 12, 21, 31, 40, 48, 55, 61, 64, 66, 67, 70, 72, 76, 78, 76, 64, 42, 24, 12, 8, 6, 6, 4, 2, 0, -3, -3, -1, 0, 0, 0, 0, 0, 0, 0, 0, 0, 0, 0, 0, 0, 0, 0, 0, 0, 0, 0, 0, 0, 0, 0, 0, 0, 0, 0, 0, 0, 0, 0, 0, 0, 0, 0, 0, 0, 0, 0, 0, 0, 0, 0, 0, 0, 0, 0, 0, 0, 0, 0, 0, 0, 0, 0, 0, 0, 0, 0, 0, 0, 0]
[-37, -42, -38, -30, -19, -8, 1, 8, 14, 19, 20, 20, 20, 18, 15, 10, 5, 0, -5, -10, -13, -16, -16, -16, -15, -14, -13, -11, -10, -8, -6, -4, 0, 3, 6, 8, 10, 11, 10, 8, 6, 4, 2, 0, -2, -5, -8, -11, -12, -10, -9, -8, -7, -6, -5, -4, -3, -2, -1, 0, 2, 4, 7, 11, 15, 19, 23, 26, 28, 30, 31, 30, 28, 23, 16, 7, -1, -7, -12, -15, -17, -18, -19, -19, -19, -17, -12, -1, 11, 24, 33, 36, 35, 32, 30, 30, 29, 28, 25, 23]
[23, 23, 21, 18, 14, 11, 9, 8, 7, 7, 6, 6, 5, 4, 4, 3, 2, 1, 0, 0, -1, -1, -1, -1, -1, -1, 0, 0, 0, 0, 0, -1, 0, 0, 0, 0, -1, -2, -2, -1, -1, -1, -2, -2, -2, -2, -2, -2, -2, -2, -2, -2, -2, -1, -1, -1, -1, -1, 0, -1, 0, 0, 0, 0, 0, 0, 0, 0, 0, 0, 0, -1, -1, -1, -1, -1, -2, -2, -2, -1, -1, -1, -1, -1, -1, -1, -1, -1, -1, -1, -1, -1, -1, -1, -1, -1, -1, -1, -1, -1]
[28, 34, 0, 0, 0, 0, 0, 0, 0, 0, 0, 0, 0, 0, 0, 0, 0, 0, 0, 0, 0, 0, 0, 0, 0, 0, 0, 0, 0, 0, 0, 0, 0, 0, 0, 0, 0, 0, 0, 0, 0, 0, 0, 0, 0, 0, 0, 0, 0, 0, 0, 0, 0, 0, 0, 0, 0, 0, 0, 0, 0, 0, 0, 0, 0, 0, 0, 0, 0, 0, 0, 0, 0, 0, 0, 0, 0, 0, 0, 0, 0, 0, 0, 0, 0, 0, 0, 0, 0, 0, 0, 0, 0, 0, 0, 0, 0, 0, 0, 0]
[0, 38, 29, 27, 29, 33, 34, 34, 32, 29, 26, 24, 23, 22, 20, 19, 17, 14, 12, 10, 7, 6, 5, 4, 3, 2, 2, 1, 0, 0, -1, 0, 0, -1, -1, -1, -1, -1, -1, 0, -1, -1, 0, 0, 0, 0, 0, 0, 0, -1, -1, -1, -1, -1, -1, -1, -1, -1, -1, -1, -1, 0, 0, 0, 0, 0, 0, 0, 0, 0, 0, -1, -1, -1, -1, -1, -1, -1, -2, -2, -2, -2, -2, -1, -1, -1, -1, -2, -2, -2, -1, 0, 0, 0, 0, 0, 0, 0, 0, 0]
[27, 40, 45, 45, 46, 48, 50, 50, 46, 38, 28, 19, 10, 4, 0, -2, -2, 0, 4, 10, 13, 13, 11, 8, 7, 6, 4, 2, 1, 1, 1, 0, 0, 0, 0, 0, 0, -1, -1, -2, -2, -3, -3, -3, -3, -2, -2, -2, -2, -1, -1, -1, -1, -1, -1, 0, 0, 0, 0, 0, 0, -1, -1, -1, -1, -1, -2, -2, -2, -2, -2, -2, -2, -1, -1, 0, -1, -1, -2, -2, -2, -2, -2, -2, -1, -2, -2, -2, -2, -2, -1, -1, -1, -1, -1, -1, -1, -1, -1, -1]
[71, 67, 66, 63, 59, 54, 45, 36, 30, 26, 23, 22, 20, 18, 17, 16, 15, 13, 11, 8, 5, 3, 2, 2, 1, 0, -1, -1, -1, -1, -1, -1, -1, -1, -1, 0, 0, 0, 0, 0, 0, 0, -1, -1, -1, -1, -2, -2, -2, -2, -2, -2, -2, -1, -1, -2, -2, -2, -2, -2, -3, -3, -3, -2, -2, -2, -2, -2, -2, -2, -1, -1, -1, -2, -2, -2, -2, -2, -1, -1, -1, -1, -1, -1, -1, -1, -1, -1, -1, -1, -1, 0, 0, 0, 0, 0, 0, 0, 0, 0]
[-42, -58, -67, -67, -61, -52, -41, -29, -16, -6, 2, 14, 26, 36, 42, 45, 47, 52, 58, 62, 63, 64, 62, 61, 60, 56, 49, 39, 30, 22, 14, 9, 4, 1, -1, -5, -7, -9, -11, -11, -10, -9, -7, -6, -5, -5, -5, -5, -4, -3, -3, -4, -4, -5, -5, -6, -6, -6, -6, -6, -5, -5, -5, -4, -4, -3, -3, -2, -2, -2, -1, -1, -1, 0, 0, 0, 0, 0, 0, 0, 0, 0, 0, 0, 0, -1, -1, -1, 0, 0, 0, 0, 0, 0, 0, 0, 0, 0, 0, 0]
[-45, -23, 0, 0, 0, 0, 0, 0, 0, 0, 0, 0, 0, 0, 0, 0, 0, 0, 0, 0, 0, 0, 0, 0, 0, 0, 0, 0, 0, 0, 0, 0, 0, 0, 0, 0, 0, 0, 0, 0, 0, 0, 0, 0, 0, 0, 0, 0, 0, 0, 0, 0, 0, 0, 0, 0, 0, 0, 0, 0, 0, 0, 0, 0, 0, 0, 0, 0, 0, 0, 0, 0, 0, 0, 0, 0, 0, 0, 0, 0, 0, 0, 0, 0, 0, 0, 0, 0, 0, 0, 0, 0, 0, 0, 0, 0, 0, 0, 0, 0]
[0, -11, -5, 0, 4, 10, 15, 19, 22, 23, 24, 23, 23, 24, 23, 20, 17, 14, 11, 8, 5, 2, 0, -3, -5, -6, -8, -8, -9, -10, -9, -9, -8, -7, -7, -6, -5, -4, -4, -3, -2, -2, -2, -1, -1, -2, -1, -1, -1, -1, -1, -1, -1, -1, 0, 0, 0, 0, -1, -1, -1, -1, -1, -1, -1, -1, -1, -1, -1, -1, -1, -1, -1, -1, -1, -1, -1, -1, -1, 0, 0, 0, 0, 0, 0, 0, 0, 0, -1, -1, -1, 0, 0, 0, 0, 0, 0, 0, 0, 0]
[-39, -57, -65, -64, -57, -42, -26, -15, -8, -2, 4, 16, 31, 44, 56, 63, 65, 64, 60, 54, 46, 38, 32, 26, 22, 18, 15, 12, 10, 8, 6, 4, 3, 2, 1, 1, 1, 1, 0, 0, 0, 0, 0, 0, 0, 0, 0, 0, 0, 0, 0, 0, 0, 0, 0, 0, -1, 0, -1, -1, -1, -1, -1, -1, -1, -1, -1, -2, -2, -2, -2, -2, -2, -2, -2, -2, -2, -2, -2, -2, -2, -2, -2, -1, -1, -3, -3, -2, 0, 0, -1, -2, -1, 0, -1, -1, -2, -1, -1, -2]
[-44, -62, -79, -83, -77, -63, -46, -31, -17, -3, 10, 21, 29, 35, 41, 47, 52, 56, 58, 58, 55, 49, 43, 37, 30, 23, 17, 11, 6, 1, -2, -4, -5, -5, -6, -6, -5, -5, -4, -3, -2, -2, -1, -1, -1, -1, -1, 0, 0, -1, -1, -1, -1, -1, -1, -2, -2, -2, -2, -2, -2, -1, -1, -1, -1, -1, -1, -1, -1, 0, 0, 0, 0, 0, 0, 0, -1, -2, -2, -3, -5, -5, -4, -4, -3, -3, -3, -2, -2, -2, -2, -1, -1, -1, -2, -2, -2, -3, -2, -2]
[-41, -58, -68, -73, -68, -54, -40, -29, -22, -14, -4, 9, 23, 33, 39, 44, 48, 51, 54, 55, 55, 50, 44, 39, 35, 31, 26, 21, 16, 12, 9, 6, 4, 3, 1, 0, 0, 0, 0, 0, 0, 0, 0, 0, 0, -1, -2, -2, -2, -2, -2, -2, -3, -3, -3, -3, -3, -2, -2, -2, -2, -2, -3, -3, -2, -2, -2, -2, -2, -2, -2, -2, -1, -1, -1, -1, -1, -1, -1, -1, -1, -1, 0, 0, 0, 0, -1, -1, -1, -1, -1, -1, -1, -1, 0, 0, 0, 0, 0, 0]
[-47, -62, -71, -74, -69, -58, -45, -32, -19, -4, 8, 20, 31, 42, 51, 58, 61, 62, 59, 53, 45, 38, 31, 25, 19, 15, 11, 2, 1, 1, 0, 0, 0, 0, 0, -1, -1, -1, -1, -1, -1, -1, -1, -1, -1, -1, -1, -1, -1, -1, -1, -1, -1, -1, -1, -1, -1, -1, -1, -1, -1, -1, -1, -1, -1, -1, -1, -1, -1, -1, -1, -1, -1, -1, -1, -1, -1, -1, -1, -1, -1, -1, -1, -1, -1, 0, 0, 0, 0, 0, -1, -1, -1, -1, -1, -1, 0, 0, 0, 0]
[-44, -59, -67, -68, -64, -54, -40, -27, -13, 0, 15, 28, 38, 45, 50, 52, 52, 51, 48, 44, 39, 33, 28, 24, 20, 16, 13, 10, 7, 4, 2, 0, 0, -1, -1, -1, -2, -2, -2, -2, -1, -1, -1, -1, -1, -1, -1, -1, -1, -2, -2, -2, -2, -2, -2, -2, -2, -2, -2, -2, -2, -2, -2, -1, -1, 0, 0, 0, 0, 0, 0, 0, 0, 0, -1, -1, -1, -1, -1, -1, -1, -1, -1, -1, -1, -1, -1, -1, -1, -1, -1, -1, -1, -1, -1, -1, -1, -1, -1, -1]
[-59, -83, -90, -80, -59, -35, -15, 3, 20, 36, 48, 56, 61, 65, 67, 63, 56, 51, 47, 41, 36, 30, 25, 20, 15, 11, 8, 5, 3, 1, 0, -2, -4, -5, -6, -6, -5, -5, -4, -3, -2, -1, -1, -1, -1, 0, 0, 0, -1, -1, -2, -2, -2, -2, -2, -2, -2, -2, -2, -1, -1, -1, -1, 0, 0, 0, 0, 0, -1, -1, -1, -1, -1, -1, -1, -1, -1, -1, -1, -1, -1, -1, -1, -1, -1, -1, -1, -1, -1, -1, -1, -1, -1, -1, -1, -1, -1, 0, 0, 0]
[-71, 0, 0, 0, 0, 0, 0, 0, 0, 0, 0, 0, 0, 0, 0, 0, 0, 0, 0, 0, 0, 0, 0, 0, 0, 0, 0, 0, 0, 0, 0, 0, 0, 0, 0, 0, 0, 0, 0, 0, 0, 0, 0, 0, 0, 0, 0, 0, 0, 0, 0, 0, 0, 0, 0, 0, 0, 0, 0, 0, 0, 0, 0, 0, 0, 0, 0, 0, 0, 0, 0, 0, 0, 0, 0, 0, 0, 0, 0, 0, 0, 0, 0, 0, 0, 0, 0, 0, 0, 0, 0, 0, 0, 0, 0, 0, 0, 0, 0, 0]
[-96, -86, -70, -59, -50, -43, -38, -33, -28, -24, -22, -19, -17, -16, -15, -15, -14, -13, -11, -10, -9, -8, -7, -5, -4, -3, -3, -2, -2, -1, -1, -1, -1, -1, -1, -2, -2, -2, -2, -2, -2, -2, -2, -2, -2, -2, -1, -1, -1, -1, -1, 0, 0, 0, -1, -1, -1, -1, -1, -1, -1, -1, -1, -1, -1, -1, -1, -1, -1, -1, -1, -1, -1, -1, -1, -1, -1, -1, -1, 0, 0, 0, 0, 0, 0, -1, -1, -1, -1, -1, -1, 0, 0, 0, 0, 0, 0, 0, 0, 0]
[-41, -59, -77, -89, -92, -87, -75, -57, -34, -7, 18, 42, 58, 68, 74, 75, 72, 65, 61, 31, 25, 21, 17, 14, 11, 10, 8, 7, 6, 6, 5, 4, 3, 2, 2, 1, 1, 0, 0, 0, 0, -1, -1, -2, -2, -2, -1, -1, -1, 0, 0, 0, 0, 0, 0, 0, 0, 0, 0, 0, -1, -1, -1, -1, -1, -1, -2, -1, -1, -1, -1, -1, -1, -1, 0, 0, -1, -1, -1, -1, -2, -2, -2, -2, -2, -2, -2, -2, -2, -2, -2, 0, 0, 0, 0, 0, 0, 0, 0, 0]
[-40, -60, -78, -88, -88, -76, -58, -42, -26, -9, 8, 27, 45, 58, 66, 70, 73, 74, 73, 70, 63, 54, 44, 35, 27, 20, 13, 8, 5, 2, 0, -1, -3, -3, -4, -5, -5, -5, -5, -4, -3, -3, -2, -2, -2, -3, -4, -4, -5, -5, -5, -5, -5, -4, -3, -3, -3, -2, -2, -2, -2, -1, -1, -1, -1, -1, -1, 0, -1, -1, -1, -1, -1, -2, -2, -2, -2, -1, -1, -1, -1, -1, -2, -2, -3, -2, -2, -2, -2, -2, -2, -1, 0, 0, 0, 0, 0, -1, -1, -1]
[-53, -74, -88, -93, -89, -77, -61, -42, -22, -1, 17, 30, 39, 46, 52, 57, 60, 60, 58, 53, 48, 41, 34, 28, 23, 18, 14, 10, 7, 4, 2, 0, 0, -2, -2, -2, -2, -2, -2, -2, -2, -2, -2, -2, -2, -2, -2, -2, -2, -2, -3, -3, -3, -3, -3, -3, -3, -3, -3, -2, -2, -2, -2, -1, -1, -1, -1, -1, -1, -1, -1, -1, -1, -1, 0, 0, 0, 0, 0, -1, -1, -1, -1, -1, -1, -1, -1, -1, -1, -1, -1, -1, -1, -1, -1, -1, -1, -1, -1, -1]
[-43, 0, 0, 0, 0, 0, 0, 0, 0, 0, 0, 0, 0, 0, 0, 0, 0, 0, 0, 0, 0, 0, 0, 0, 0, 0, 0, 0, 0, 0, 0, 0, 0, 0, 0, 0, 0, 0, 0, 0, 0, 0, 0, 0, 0, 0, 0, 0, 0, 0, 0, 0, 0, 0, 0, 0, 0, 0, 0, 0, 0, 0, 0, 0, 0, 0, 0, 0, 0, 0, 0, 0, 0, 0, 0, 0, 0, 0, 0, 0, 0, 0, 0, 0, 0, 0, 0, 0, 0, 0, 0, 0, 0, 0, 0, 0, 0, 0, 0, 0]
[-67, -82, -84, -17, -13, -12, -14, -15, -16, -16, -17, -17, -17, -16, -15, -14, -14, -13, -12, -11, -10, -9, -7, -7, -6, -5, -4, -4, -3, -3, -3, -3, -3, -3, -3, -3, -3, -4, -4, -5, -5, -4, -3, -3, -2, -2, -2, -2, -1, -1, -1, 0, 0, 0, 0, 0, 0, -1, -1, -1, -2, -1, -1, -1, -1, -1, -1, -1, -1, -1, -1, -1, -1, -1, 0, 0, 0, 0, 0, 0, 0, 0, -1, -1, -1, -1, -1, -1, -1, -1, 0, 0, 0, 0, 0, 0, 0, 0, 0, 0]
[-60, -80, -91, -94, -85, -68, -45, -21, 1, 22, 39, 49, 54, 59, 62, 64, 61, 57, 51, 43, 36, 29, 22, 17, 13, 10, 8, 5, 2, 0, 0, -1, -1, -1, -2, -2, -1, -1, -1, -1, -1, -1, -1, -1, -1, -1, -1, -2, -2, -2, -2, -2, -2, -2, -2, -2, -2, -3, -2, -2, -2, -2, -2, -2, -1, -1, -1, -1, -1, -1, -1, -1, -1, -1, -1, -1, -1, -1, -1, -1, -1, -1, 0, 0, 0, -1, -1, -2, -2, -2, -2, -2, -1, -1, -1, -1, -1, -1, -1, -1]
[-55, -76, -87, -88, -79, -62, -42, -19, 2, 24, 43, 55, 62, 66, 68, 69, 68, 64, 58, 49, 40, 33, 27, 21, 16, 12, 9, 6, 3, 0, 0, -2, -3, -3, -3, -3, -3, -3, -2, -2, -1, 0, 0, 0, 0, -1, -1, -2, -2, -2, -2, -3, -3, -4, -4, -4, -4, -4, -4, -3, -3, -2, -2, -1, -1, 0, 0, 0, 0, 0, 0, 0, 0, -1, -1, -2, -2, -3, -3, -2, -2, -2, -2, -2, -1, -1, -1, -1, -1, -1, -1, -1, -1, -2, -1, -1, -1, 0, 0, 0]
[-44, -68, -88, -99, -101, -95, -81, -65, -50, -36, -19, 1, 24, 44, 58, 66, 71, 75, 76, 75, 69, 61, 54, 47, 40, 33, 27, 21, 16, 12, 9, 7, 4, 3, 2, 1, 1, 0, 0, 0, 0, 0, 0, -1, -1, -1, -1, -2, -2, -2, -2, -1, -1, -1, -1, -1, -1, -1, -1, -1, -1, -1, -1, -1, -1, -1, -1, 0, 0, 0, 0, 0, 0, -1, -1, -1, -1, -1, -1, -1, -1, -1, -1, -1, -1, -1, -1, -1, -1, -1, -1, 0, 0, -1, 0, 0, 0, 0, 0, 0]
[-47, -72, -87, -91, -82, -64, -43, -21, 1, 24, 45, 59, 68, 74, 74, 72, 69, 63, 57, 51, 45, 39, 32, 26, 20, 16, 12, 9, 7, 4, 2, 0, -1, -2, -3, -3, -3, -2, -2, -2, -1, -1, -1, -1, -1, -1, 0, 0, 0, -1, -1, -1, -2, -2, -2, -2, -2, -2, -1, -1, -1, -1, -1, -1, -1, -1, -1, 0, 0, 0, 0, -1, -1, -2, -2, -2, -1, -1, -1, -1, -1, -1, -1, -1, -1, -1, -1, -1, -1, -2, -2, -2, -2, -2, -1, -1, -1, -1, -1, -1]
[-50, -75, -93, -99, -94, -77, -54, -29, -4, 21, 44, 61, 71, 78, 80, 78, 74, 69, 62, 54, 46, 37, 30, 24, 19, 16, 13, 10, 7, 5, 3, 1, 0, -1, -3, -4, -5, -6, -6, -6, -5, -5, -4, -4, -4, -4, -3, -3, -3, -2, -2, -2, -1, -1, -1, -1, -1, -1, -1, -1, -1, -1, -1, -1, -1, -1, -1, -1, -1, -1, 0, 0, 0, -1, -2, -2, -2, -1, 0, -1, -1, -2, -2, -1, -1, -1, -1, -1, -1, -1, -1, -1, -1, -1, -1, 0, 0, 0, 0, 0]
[-66, -71, -54, -45, -40, -37, -33, -29, -25, -22, -20, -18, -17, -15, -13, -12, -12, -11, -11, -10, -8, -6, -6, -6, -6, -5, -4, -3, -2, -2, -2, -2, -2, -2, -2, -2, -2, -3, -3, -3, -3, -3, -2, -2, -2, -1, -1, -1, -1, 0, 0, 0, 0, 0, 0, -1, -1, -1, -1, -1, -2, -2, -2, -1, -1, -1, -1, -1, -1, -1, -1, -1, -1, -1, -1, -1, -1, 0, 0, 0, 0, -1, -1, -1, -1, -1, -1, -1, -1, -1, -1, 0, 0, 0, 0, 0, 0, 0, 0, 0]
[-73, -99, -112, -99, -66, -29, 8, 42, 70, 87, 96, 103, 104, 99, 88, 77, 67, 58, 51, 43, 34, 26, 21, 17, 15, 13, 10, 7, 3, 0, -2, -3, -4, -4, -5, -4, -4, -4, -4, -3, -3, -2, -2, -1, -1, -1, -1, -1, -1, -1, -1, -1, -1, -2, -1, -2, -2, -2, -2, -2, -1, -1, 0, 0, 0, 0, 0, 0, 0, 0, -1, -1, -1, -1, -1, -1, -2, -1, -1, -1, -1, -1, 0, 0, 0, 0, 0, -1, -1, -1, -2, -2, -1, -1, -1, -1, -1, -1, 0, -1]
[-66, -92, -112, -122, -117, -95, -65, -32, 1, 34, 61, 80, 92, 101, 102, 93, 81, 70, 62, 54, 45, 37, 29, 23, 18, 13, 10, 6, 4, 1, 0, -2, -3, -4, -4, -4, -4, -3, -3, -3, -2, -2, -2, -1, -1, -1, -1, 0, 0, 0, 0, 0, 0, 0, 0, 0, 0, 0, -1, -1, -1, -1, -1, -1, -1, -1, -1, 0, 0, 0, 0, -1, -1, -1, -1, -1, -1, -1, -1, -1, -1, -1, -1, -1, 0, 0, 0, 0, 0, 0, 0, -1, -1, -1, 0, 0, 0, 0, 0, 0]
[-56, -84, -99, -97, -79, -50, -16, 18, 51, 76, 90, 95, 93, 86, 81, 76, 69, 60, 52, 43, 35, 29, 24, 19, 15, 11, 8, 5, 2, 1, -1, -2, -3, -4, -4, -4, -3, -3, -2, -2, -1, -1, 0, 0, 0, 0, 0, 0, 0, 0, -1, -2, -3, -3, -3, -3, -2, -1, 0, 0, 0, 0, 1, 1, -2, -1, -1, 0, 0, 0, 0, 0, -1, -1, -2, -2, -2, -2, -2, -1, -1, -1, -1, -1, -1, 0, 0, 0, 0, 0, 0, 0, 0, 0, 0, 0, 0, 0, 0, 0]
[-64, -91, -108, -111, -98, -73, -40, -2, 33, 61, 78, 87, 86, 79, 72, 69, 66, 61, 54, 47, 40, 34, 29, 25, 21, 16, 12, 8, 6, 4, 2, 1, 0, -1, -1, -1, -1, -1, 0, 0, 0, 0, 0, 0, 0, -1, -1, -1, -1, -1, -1, -1, -2, -2, -2, -2, -2, -2, -2, -1, -1, -1, -1, -1, -1, 0, 0, 0, 0, 0, -1, -1, -1, -1, -1, -1, -1, -1, -1, -1, -1, -1, -1, -1, -1, -1, 0, 0, -1, -1, -1, -1, -1, -1, -1, -1, -1, -1, -1, -1]
[-72, -96, -103, -96, -80, -57, -27, 78, 66, 56, 47, 38, 31, 25, 20, 15, 11, 7, 4, 2, 1, 1, 1, 0, 0, 0, 0, 0, 0, 0, 0, 0, -1, -1, -2, -2, -2, -3, -3, -2, -2, -2, -1, -1, -1, 0, 0, 0, 0, 0, 0, -1, -1, 0, 0, 0, -1, -1, -1, -2, -2, -1, -1, -1, -1, -1, -1, -1, -1, -1, -1, -1, -1, -1, -1, -1, 0, 0, 0, 0, 0, 0, 0, 0, 0, -1, -1, -1, -1, -2, -2, 0, 0, 0, 0, 0, 0, 0, 0, 0]
[-76, -100, -111, -106, -92, -72, -44, -8, 28, 59, 86, 109, 111, 90, 68, 36, 30, 24, 20, 17, 14, 12, 10, 8, 7, 6, 5, 4, 3, 3, 2, 2, 2, 1, 1, 1, 0, 0, -1, -2, -3, -3, -2, -2, -1, 0, 0, 0, -1, -1, -1, -1, 0, -1, -1, -1, -1, -1, -1, -1, -1, -1, -1, -2, -3, -3, -4, -3, -2, -2, -2, -2, -2, -2, -2, -2, -3, -3, -3, -2, -2, -2, -1, -1, -1, -1, -1, -1, 0, 0, 0, 0, 0, 0, 0, 0, 0, 0, 0, 0]
[-69, -95, -112, -113, -97, -62, -18, 19, 52, 77, 75, 54, 36, 31, 32, 32, 28, 24, 18, 13, 10, 8, 6, 5, 4, 3, 2, 1, 0, 0, 0, 0, -1, -1, -1, -2, -1, -1, -1, -1, 0, 0, 0, 0, 0, 0, 0, 0, -1, -1, -1, 0, -1, -2, -2, -2, -1, -1, -1, -1, -1, 0, 0, 0, 0, 0, 0, 0, 0, 0, 0, 0, 0, -1, -1, -1, 0, 0, 0, 0, 0, -1, -1, -1, -1, -1, -1, -1, -1, -1, -1, -1, -1, -1, -1, -1, -1, -1, -1, 0]
[-54, 0, 0, 0, 0, 0, 0, 0, 0, 0, 0, 0, 0, 0, 0, 0, 0, 0, 0, 0, 0, 0, 0, 0, 0, 0, 0, 0, 0, 0, 0, 0, 0, 0, 0, 0, 0, 0, 0, 0, 0, 0, 0, 0, 0, 0, 0, 0, 0, 0, 0, 0, 0, 0, 0, 0, 0, 0, 0, 0, 0, 0, 0, 0, 0, 0, 0, 0, 0, 0, 0, 0, 0, 0, 0, 0, 0, 0, 0, 0, 0, 0, 0, 0, 0, 0, 0, 0, 0, 0, 0, 0, 0, 0, 0, 0, 0, 0, 0, 0]
[-82, -104, -109, -99, -76, -43, -3, 32, 62, 72, 60, 50, 42, 35, 30, 25, 21, 18, 14, 12, 10, 8, 7, 6, 5, 5, 5, 5, 4, 3, 2, 1, 1, 0, 0, 0, -1, -2, -2, -3, -3, -3, -4, -4, -3, -3, -3, -2, -1, 0, 0, 0, 0, 0, 0, 0, 0, -1, -1, -1, -1, -1, 0, 0, 0, -1, -1, -1, -1, 0, 0, 0, 0, 0, 0, 0, 0, -1, -1, -1, -1, -2, -2, -2, -2, -2, -2, -2, -1, -1, -1, 0, 0, 0, 0, 0, 0, 0, 0, 0]
[-54, -83, -107, -113, -96, -64, -22, 15, 48, 75, 85, 83, 75, 68, 65, 64, 60, 54, 47, 39, 32, 26, 22, 18, 15, 12, 10, 8, 6, 4, 3, 2, 0, 0, 0, 0, 0, 0, 0, 0, 0, -1, -1, -2, -3, -3, -3, -3, -2, -2, -2, -2, -2, -2, -2, -2, -2, -1, -2, -2, -1, -1, -1, 0, 0, 0, 0, -1, -1, -1, -1, -1, -1, -1, -1, -1, -1, -1, -2, -2, -2, -2, -2, -2, -2, -2, -2, -2, -2, -2, -1, -1, -1, -1, -1, -1, -1, -1, -1, -1]
[-71, -97, -109, 0, 0, 0, 0, 0, 0, 0, 0, 0, 0, 0, 0, 0, 0, 0, 0, 0, 0, 0, 0, 0, 0, 0, 0, 0, 0, 0, 0, 0, 0, 0, 0, 0, 0, 0, 0, 0, 0, 0, 0, 0, 0, 0, 0, 0, 0, 0, 0, 0, 0, 0, 0, 0, 0, 0, 0, 0, 0, 0, 0, 0, 0, 0, 0, 0, 0, 0, 0, 0, 0, 0, 0, 0, 0, 0, 0, 0, 0, 0, 0, 0, 0, 0, 0, 0, 0, 0, 0, 0, 0, 0, 0, 0, 0, 0, 0, 0]
[0, 0, -101, -81, -56, -27, 6, 38, 62, 76, 81, 78, 69, 63, 60, 56, 51, 45, 38, 32, 26, 21, 16, 13, 10, 8, 6, 4, 3, 1, 0, -1, -2, -2, -2, -2, -2, -2, -2, -1, -1, 0, 0, 0, 0, 0, 0, 0, 0, -1, -1, -1, -1, -2, -2, -2, -1, -1, -1, -1, 0, 0, 0, 0, 0, 0, 0, 0, 0, 0, -1, -1, -1, -1, 0, -1, -1, -1, -1, -1, 0, 0, 0, 0, 0, 0, 0, 0, 0, 0, -1, -1, 0, 0, 0, 0, 0, 0, 0, 0]
[-69, -92, -100, -94, -77, -54, -24, 12, 45, 71, 81, 78, 69, 60, 55, 52, 49, 44, 40, 35, 30, 25, 22, 18, 16, 13, 11, 9, 7, 5, 3, 2, 1, 0, 0, 0, -1, -1, -1, -1, 0, 0, 0, 0, 0, 0, 0, 0, 0, 0, -1, -1, -1, -2, -2, -2, -2, -2, -1, -1, -1, -1, 0, 0, 0, 0, -1, -1, -1, -1, -1, -1, -1, -2, -2, -1, -1, -1, -1, -1, -1, -1, -1, -2, -2, -2, -2, -1, -1, -1, -1, -1, -1, -1, -1, -1, 0, 0, 0, 0]
[-72, 0, 0, 0, 0, 0, 0, 0, 0, 0, 0, 0, 0, 0, 0, 0, 0, 0, 0, 0, 0, 0, 0, 0, 0, 0, 0, 0, 0, 0, 0, 0, 0, 0, 0, 0, 0, 0, 0, 0, 0, 0, 0, 0, 0, 0, 0, 0, 0, 0, 0, 0, 0, 0, 0, 0, 0, 0, 0, 0, 0, 0, 0, 0, 0, 0, 0, 0, 0, 0, 0, 0, 0, 0, 0, 0, 0, 0, 0, 0, 0, 0, 0, 0, 0, 0, 0, 0, 0, 0, 0, 0, 0, 0, 0, 0, 0, 0, 0, 0]
[-98, -108, -101, -82, -55, -15, 21, 54, 77, 83, 77, 66, 57, 56, 56, 53, 48, 43, 36, 30, 24, 19, 15, 12, 9, 7, 4, 2, 0, 0, -1, -2, -2, -3, -3, -3, -2, -2, -2, -1, -1, -1, -1, -1, 0, 0, 0, 0, -1, -1, -1, -1, -2, -2, -2, -2, -1, -1, -1, -1, -1, 0, 0, 0, 0, 0, 0, 0, 0, 0, 0, 0, 0, -1, -1, -1, -1, -1, -1, -1, -1, -1, -1, -1, -1, -1, -1, -1, -1, -1, -1, -1, -1, -1, -1, -1, -1, -1, -1, 0]
[-79, -103, -116, -96, -64, -32, -1, 28, 53, 69, 75, 79, 84, 85, 83, 80, 75, 67, 58, 50, 42, 35, 30, 25, 21, 17, 14, 11, 9, 7, 5, 2, 0, 0, 0, -1, -1, -1, -1, -2, -2, 0, 0, 0, -1, -2, -1, -1, 0, -1, -1, -1, -2, -2, -2, -2, -2, -2, -2, -2, -2, -2, -1, -1, -1, -1, -1, -1, -1, -1, -1, -1, -1, -1, -1, -1, -1, -1, -1, -1, -1, -1, -1, -1, -1, -1, -1, -1, -1, -1, -1, -1, -1, -1, -1, -1, -1, 0, -1, -2]
[-67, 0, 0, 0, 0, 0, 0, 0, 0, 0, 0, 0, 0, 0, 0, 0, 0, 0, 0, 0, 0, 0, 0, 0, 0, 0, 0, 0, 0, 0, 0, 0, 0, 0, 0, 0, 0, 0, 0, 0, 0, 0, 0, 0, 0, 0, 0, 0, 0, 0, 0, 0, 0, 0, 0, 0, 0, 0, 0, 0, 0, 0, 0, 0, 0, 0, 0, 0, 0, 0, 0, 0, 0, 0, 0, 0, 0, 0, 0, 0, 0, 0, 0, 0, 0, 0, 0, 0, 0, 0, 0, 0, 0, 0, 0, 0, 0, 0, 0, 0]
[-89, -95, -87, -67, -42, -14, 15, 39, 53, 58, 57, 54, 53, 55, 58, 61, 60, 56, 51, 45, 37, 30, 23, 17, 13, 10, 8, 5, 3, 1, 0, 0, -1, -2, -2, -2, -2, -1, -1, -1, -2, -3, -3, -3, -3, -3, -3, -3, -5, -6, -6, -5, -4, -4, -3, -3, -3, -4, -4, -3, -3, -3, -3, -3, -3, 0, -1, -1, -1, -2, -2, -2, -2, -2, -1, -1, -1, -2, -2, -2, -2, -2, -2, -1, -1, -1, -1, -1, 0, 0, 0, 0, 0, 0, 0, 0, 0, 0, 0, 0]
[-53, -61, -62, -60, -61, -66, -70, -69, -60, -43, -16, 17, 50, 71, 81, 81, 75, 69, 63, 58, 54, 50, 46, 41, 38, 35, 30, 25, 20, 16, 12, 9, 6, 3, 1, 0, -1, -2, -1, -1, -1, 0, 0, 0, 0, 0, 0, 0, 0, 0, 0, 0, 0, -1, -1, -1, -1, -2, -4, -6, -7, -7, -6, -4, -3, -3, -4, -4, -4, -3, -2, -1, 0, 0, 0, 0, 0, 0, 0, 0, 1, 1, 1, 1, 0, 0, 0, -1, -2, -2, -3, -4, -5, -6, -5, -4, -3, -3, -4, 0]
[-4, -63, -81, -85, -84, -79, 32, 31, 30, 28, 26, 23, 22, 20, 17, 12, 9, 9, 10, 10, 8, 4, 1, -1, -2, -1, -1, -1, -2, -2, -3, -2, -2, -2, -2, -4, -6, -6, -6, -8, -10, -11, -10, -9, -8, -7, -6, -6, -5, -4, -2, 0, 0, 1, 1, 1, 1, 0, 0, 0, 0, 0, -1, -3, -6, -7, -7, -7, -7, -6, -5, -4, -4, -3, -2, -2, -2, -2, -2, -1, -1, -1, -1, -2, -3, -4, -3, -2, -1, -1, 0, 0, 0, 0, 0, 0, 0, 0, 0, 0]
[-53, -81, -94, -94, -86, -70, -44, -13, 19, 46, 64, 69, 68, 66, 67, 70, 72, 70, 64, 56, 48, 39, 31, 25, 18, 12, 7, 3, 0, -1, -3, -3, -4, -4, -4, -4, -3, -2, -4, -5, -4, -3, -2, -1, 0, 0, 0, 1, 1, 0, 0, 0, 0, 0, 0, -1, -2, -2, -2, -2, -3, -3, -4, -5, -6, -7, -8, -7, -6, -6, -6, -5, -4, -3, -3, -3, -3, -4, -4, -4, -3, -3, -2, -2, -2, -2, -1, -1, 0, 0, 0, 0, 0, 0, 1, 0, 0, 0, 0, 0]
[-61, -88, -100, -100, -89, -70, -43, -12, 19, 49, 70, 82, 87, 85, 77, 71, 65, 57, 48, 38, 29, 22, 17, 13, 10, 7, 4, 2, 1, 0, 0, 0, -1, -2, -2, -2, -2, -2, -1, -1, -1, -1, -1, -1, -2, -3, -4, -4, -4, -4, -4, -4, -4, -4, -5, -4, -3, -3, -2, -1, 0, 0, 0, 0, 0, 0, 0, 0, 0, 0, -1, -2, -2, -3, -3, -3, -3, -3, -3, -3, -3, -3, -2, -2, -2, -1, -1, -1, -1, -1, 0, 0, 0, 0, 0, 0, 0, 0, 0, 0]
[-69, -94, -108, -108, -93, -67, -35, 1, 34, 56, 68, 79, 88, 92, 86, 76, 65, 55, 44, 36, 28, 22, 17, 16, 17, 16, 13, 10, 6, 3, 2, 1, 0, -1, -2, -2, -2, -2, -2, -2, -2, -1, 0, 0, 0, 0, 0, 0, -1, -1, -1, -2, -3, -4, -4, -4, -4, -4, -3, -3, -2, -2, -1, -1, -1, 0, 0, 0, 0, 0, 0, 0, 0, 0, 0, 0, -1, -1, -1, -1, -1, -1, 0, 0, -1, -1, -1, -1, -1, -1, -2, -1, -1, -1, -1, -1, -1, -1, -1, -1]
[-72, -97, -111, -109, -90, -59, -24, 12, 45, 67, 77, 79, 75, 70, 66, 64, 61, 57, 51, 44, 36, 29, 24, 20, 16, 13, 11, 8, 6, 5, 3, 2, 2, 1, 1, 0, 0, 0, 0, 0, 1, 1, 1, 0, -1, -3, -2, -2, -2, -3, -4, -4, -5, -5, -5, -5, -5, -5, -4, -4, -3, -3, -3, -2, -2, -2, -2, -1, -1, -1, -1, -1, 0, 0, 0, -1, -1, -1, -2, -2, -2, -1, -1, -1, -1, -1, -1, -1, 0, -1, -1, -1, -1, -1, -1, -1, -1, -1, 0, 0]
[0, -66, -90, -99, -96, -79, -51, -14, 23, 55, 75, 83, 81, 75, 71, 68, 63, 57, 50, 42, 34, 27, 21, 15, 11, 8, 5, 2, 0, -1, -2, -3, -3, -3, -4, -5, -5, -4, -2, -2, -1, -2, -1, -1, -1, -1, -1, -1, -1, -1, -1, -1, -2, -2, -3, -5, -7, -8, -7, -6, -6, -5, -4, -4, -3, -3, -2, -2, -1, 0, 0, 0, 0, 0, 0, -1, -2, -3, -3, -3, -2, -2, -2, -2, -2, -1, -1, -1, -1, 0, 0, 0, 0, 0, 0, 0, 0, 0, 0, 0]
[-71, -95, -105, -99, -78, -50, -17, 18, 51, 75, 88, 92, 90, 85, 80, 73, 65, 56, 48, 40, 32, 25, 20, 17, 14, 12, 9, 8, 6, 5, 3, 1, 0, -1, -2, -1, -1, -1, -1, -1, -1, 0, 0, -1, -1, -1, -1, -1, -1, -2, -2, -2, -2, -2, -2, -2, -2, -2, -2, -2, -2, -2, -2, -1, 0, 0, 0, 0, -1, -1, -2, -3, -3, -4, -4, -4, -3, -2, -2, -1, -1, 0, -1, -1, -1, -1, -1, -1, -1, -1, -2, -2, -2, -1, -2, -2, -3, -4, -4, -3]
[1, 0, 0, 0, 0, 0, 0, 0, 0, 0, 0, 0, 0, 0, 0, 0, 0, 0, 0, 0, 0, 0, 0, 0, 0, 0, 0, 0, 0, 0, 0, 0, 0, 0, 0, 0, 0, 0, 0, 0, 0, 0, 0, 0, 0, 0, 0, 0, 0, 0, 0, 0, 0, 0, 0, 0, 0, 0, 0, 0, 0, 0, 0, 0, 0, 0, 0, 0, 0, 0, 0, 0, 0, 0, 0, 0, 0, 0, 0, 0, 0, 0, 0, 0, 0, 0, 0, 0, 0, 0, 0, 0, 0, 0, 0, 0, 0, 0, 0, 0]
[19, 19, -6, -40, -55, -49, -20, 12, 38, 68, 92, 108, 127, 131, 113, 90, 64, 31, -6, -41, -70, -88, -92, -86, -71, -51, -26, 3, 36, 63, 77, 81, 79, 63, 42, 51, 65, 67, 70, 76, 77, 65, 51, 43, 38, 34, 29, 23, 16, 9, 7, 7, 7, 4, 0, -2, -3, -2, -1, 0, 0, 1, 5, 10, 12, 10, 7, 3, 2, 2, 2, 1, 1, 0, 0, 0, 0, 0, 0, 0, 0, 0, 0, 0, 0, 0, -1, -2, -2, -3, -3, -3, -3, -4, -4, -4, 0, 0, 0, 0]
[0, 9, 13, 0, -24, -53, -81, -106, -124, -126, -119, -122, -132, -144, -148, -137, -117, -83, -40, -4, 30, 61, 88, 111, 128, 134, 130, 114, 92, 57, 22, -13, -47, -68, -80, -83, -76, -68, -56, -41, -19, 10, 39, 63, 87, 108, 120, 131, 129, 118, 114, 104, 90, 84, 85, 77, 63, 51, 43, 36, 32, 30, 28, 24, 18, 13, 8, 5, 3, 0, -2, -4, -6, -7, -8, -9, -10, -10, -10, -8, -5, -2, 0, 0, 1, 2, 3, 3, 3, 2, 2, 2, 1, 0, -1, -1, -2, -2, -2, 0]
[-2, 2, 5, -5, -18, -31, -51, -76, -99, -119, -133, -137, -136, -127, -120, -120, -129, -139, -140, -135, -118, -85, -44, -3, 31, 60, 87, 107, 112, 104, 83, 63, 43, 22, -6, -38, -64, -80, -84, -79, -71, -55, -28, 5, 37, 64, 90, 106, 120, 129, 131, 128, 116, 103, 94, 86, 75, 62, 56, 48, 37, 28, 23, 23, 23, 20, 18, 16, 16, 13, 5, 4, 3, 2, 1, 0, 0, 0, 0, 0, 0, 0, 0, 0, 0, 0, 0, 0, 0, -1, -1, -1, -1, -1, -1, -1, -1, 0, 0, 0]
[0, 1, -2, -8, -14, -22, -48, -77, -102, -118, -132, -134, -122, -107, -106, -117, -134, -145, -146, -140, -126, -97, -56, -22, 7, 39, 67, 91, 107, 114, 108, 85, 57, 29, -2, -36, -65, -86, -98, -96, -82, -66, -48, -22, 11, 45, 72, 90, 111, 125, 136, 141, 140, 132, 121, 111, 99, 86, 76, 62, 48, 39, 35, 31, 28, 22, 15, 9, 7, 6, 4, 2, 0, 0, 0, 0, 0, 0, 0, 0, 1, 1, 0, 0, 0, 0, 0, 0, 0, 0, 0, -1, -1, -2, -2, 0, 0, 0, 0, 0]
[-2, 4, -1, -9, -16, -24, -47, -76, -101, -123, -138, -142, -137, -126, -116, -112, -116, -126, -135, -137, -137, -134, -120, -93, -55, -24, 2, 29, 54, 73, 87, 82, 60, 33, 4, -24, -50, -74, -91, -96, -91, -79, -64, -42, -16, 13, 46, 74, 99, 115, 132, 139, 141, 139, 131, 123, 119, 108, 85, 70, 62, 55, 47, 39, 32, 27, 24, 20, 16, 13, 11, 10, 7, 6, 4, 3, 3, 3, 3, 2, 1, 1, 0, 0, 1, 1, 1, 1, 1, 0, 0, 0, 0, 0, 0, -1, -1, -2, -2, -2]
[-2, 5, 2, -3, -10, -13, -33, -64, -91, -114, -133, -144, -136, -123, -106, -96, -101, -113, -122, -122, -116, -100, -64, -24, 5, 34, 60, 76, 82, 83, 76, 48, 14, -18, -40, -59, -67, -61, -50, -37, -19, 5, 32, 62, 88, 111, 128, 134, 135, 130, 119, 104, 94, 90, 83, 72, 58, 47, 41, 34, 28, 24, 22, 19, 17, 14, 11, 8, 5, 3, 1, 0, 0, 0, 0, 0, -1, -1, -3, -4, -4, -3, -3, -2, -1, 0, 0, 0, 0, 0, 0, 0, 0, 0, 0, 0, 0, 0, -1, -1]
[-1, 2, -3, -11, -20, -29, -50, -78, -103, -124, -142, -156, -153, -140, -124, -119, -127, -134, -135, -132, -126, -114, -93, -63, -28, 1, 25, 53, 77, 91, 102, 103, 85, 57, 29, 4, -19, -43, -64, -73, -71, -63, -52, -40, -23, 0, 24, 42, 52, 63, 78, 83, 89, 90, 91, 95, 98, 86, 65, 55, 50, 42, 36, 31, 27, 23, 19, 15, 13, 11, 9, 5, 1, -2, -5, -7, -8, -7, -6, -5, -4, -3, -3, -3, -3, -3, -3, -2, -2, -2, -2, -1, -1, -1, -1, -1, 0, 0, 0, 0]
[0, 5, 0, 0, 0, 0, 0, 0, 0, 0, 0, 0, 0, 0, 0, 0, 0, 0, 0, 0, 0, 0, 0, 0, 0, 0, 0, 0, 0, 0, 0, 0, 0, 0, 0, 0, 0, 0, 0, 0, 0, 0, 0, 0, 0, 0, 0, 0, 0, 0, 0, 0, 0, 0, 0, 0, 0, 0, 0, 0, 0, 0, 0, 0, 0, 0, 0, 0, 0, 0, 0, 0, 0, 0, 0, 0, 0, 0, 0, 0, 0, 0, 0, 0, 0, 0, 0, 0, 0, 0, 0, 0, 0, 0, 0, 0, 0, 0, 0, 0]
[0, 6, 0, -13, -29, -55, -83, -107, -128, -145, -153, -141, -126, -109, -97, -101, -108, -109, -105, -100, -86, -60, -29, -3, 17, 43, 63, 78, 90, 96, 93, 79, 60, 37, 10, -17, -45, -68, -82, -85, -77, -68, -57, -41, -22, -6, 13, 39, 68, 93, 115, 134, 141, 145, 142, 131, 105, 85, 75, 72, 65, 56, 47, 40, 35, 31, 27, 23, 19, 14, 11, 10, 8, 6, 4, 3, 2, 0, 0, 0, 0, 0, 0, 0, 0, 0, -1, -1, -1, -1, 0, 0, 0, 0, -1, -1, -1, -1, -1, 0]
[-1, 5, 5, 0, -7, -20, -46, -75, -100, -122, -140, -154, -155, -150, -136, -118, -115, -124, -127, -126, -124, -120, -106, -86, -60, -29, -2, 18, 42, 65, 77, 89, 96, 91, 76, 51, 21, -7, -35, -58, -77, -90, -94, -86, -74, -62, -47, -29, -5, 22, 50, 78, 102, 121, 129, 142, 148, 132, 103, 82, 71, 64, 57, 53, 51, 52, 49, 45, 40, 34, 30, 27, 25, 23, 20, 17, 13, 11, 9, 7, 6, 5, 4, 3, 2, 1, 0, 0, 0, -1, -1, -1, -1, -1, 0, 0, 0, 0, 0, 0]
[0, 0, -6, -17, -29, -47, -75, -100, -121, -140, -156, -160, -153, -140, -121, -106, -102, -109, -116, -116, -109, -95, -79, -53, -19, 12, 34, 63, 84, 99, 108, 112, -72, -90, -102, -103, -92, -68, -55, -42, -26, -2, 11, 9, 3, 5, 11, 14, 13, 10, 6, 3, 1, 0, -2, -2, -3, -3, -4, -4, -5, -5, -4, -4, -3, -3, -2, -2, -2, -2, -2, -2, -2, -1, -1, 0, 0, 0, 0, -1, -1, 0, 0, 0, 0, -1, -2, -3, -3, -2, -1, -1, -1, -1, -1, 0, 0, 0, 0, 0]
[9, 0, -17, -35, -57, -84, -108, -129, -145, -147, -139, -130, -126, -127, -133, -139, -139, -136, -128, -109, -78, -47, -20, 1, 27, 49, 65, 89, 103, 105, 98, 82, 60, 31, 0, -27, -53, -74, -85, -83, -77, -61, -44, -33, -24, -17, -8, 4, 25, 52, 79, 101, 120, 138, 146, 146, 132, 100, 77, 69, 63, 54, 45, 41, 40, 43, 42, 38, 31, 25, 21, 17, 15, 13, 11, 10, 8, 7, 6, 5, 4, 3, 3, 2, 1, 1, 1, 1, 1, 1, 1, 1, 1, 2, 1, 1, 1, 1, 0, 0]
[5, 5, -4, -15, -30, -58, -86, -110, -130, -144, -148, -146, -142, -145, -155, -156, -149, -139, -124, -96, -63, -34, -13, 18, 46, 67, 85, 95, 95, 86, 63, 34, 5, -20, -49, -73, -88, -94, -91, -81, -69, -53, -32, -8, 17, 41, 65, 85, 100, 118, 126, 130, 126, 117, 111, 108, 106, 101, 86, 67, 56, 51, 46, 41, 35, 30, 27, 26, 22, 16, 12, 10, 8, 6, 4, 3, 1, 1, 0, 0, 0, 0, 0, 1, 2, 0, 0, 0, 0, 0, 0, 0, 0, 0, 0, 0, 0, 0, 0, 0]
[3, 0, 0, 0, 0, 0, 0, 0, 0, 0, 0, 0, 0, 0, 0, 0, 0, 0, 0, 0, 0, 0, 0, 0, 0, 0, 0, 0, 0, 0, 0, 0, 0, 0, 0, 0, 0, 0, 0, 0, 0, 0, 0, 0, 0, 0, 0, 0, 0, 0, 0, 0, 0, 0, 0, 0, 0, 0, 0, 0, 0, 0, 0, 0, 0, 0, 0, 0, 0, 0, 0, 0, 0, 0, 0, 0, 0, 0, 0, 0, 0, 0, 0, 0, 0, 0, 0, 0, 0, 0, 0, 0, 0, 0, 0, 0, 0, 0, 0, 0]
[3, -1, -12, -23, -43, -73, -99, -120, -139, -153, -154, -147, -142, -146, -152, -151, -144, -134, -120, -94, -60, -34, -14, 7, 34, 53, 72, 88, 93, 90, 76, 51, 25, 1, -27, -56, -75, -87, -93, -87, -76, -61, -45, -24, -3, 13, 25, 36, 50, 62, 74, 84, 92, 100, 111, 117, 111, 98, 91, 87, 79, 71, 69, 67, 64, 58, 54, 51, 47, 41, 34, 29, 24, 20, 16, 13, 10, 8, 6, 5, 5, 5, 4, 3, 1, 0, 0, 0, 0, 0, 0, 0, 0, 0, 0, -1, -1, 0, 0, 0]
[0, 6, 6, 1, -13, -33, -62, -89, -112, -132, -149, -158, -154, -145, -133, -123, -119, -119, -116, -111, -101, -84, -53, -23, 2, 27, 54, 72, 78, 82, 86, 81, 71, 57, 37, 11, -16, -41, -64, -83, -91, -87, -78, -68, -56, -39, -15, 10, 37, 56, 75, 92, 98, 106, 111, 120, 113, 89, 69, 67, 70, 69, 62, 57, 55, 54, 55, 53, 46, 34, 25, 22, 21, 19, 16, 13, 11, 9, 8, 6, 5, 3, 2, 1, 0, 0, 0, 0, -1, -1, -1, -1, -1, -1, -1, -1, 0, 0, 0, 0]
[0, 0, 0, 0, 0, 0, 0, 0, 0, 0, 0, 0, 0, 0, 0, 0, 0, 0, 0, 0, 0, 0, 0, 0, 0, 0, 0, 0, 0, 0, 0, 0, 0, 0, 0, 0, 0, 0, 0, 0, 0, 0, 0, 0, 0, 0, 0, 0, 0, 0, 0, 0, 0, 0, 0, 0, 0, 0, 0, 0, 0, 0, 0, 0, 0, 0, 0, 0, 0, 0, 0, 0, 0, 0, 0, 0, 0, 0, 0, 0, 0, 0, 0, 0, 0, 0, 0, 0, 0, 0, 0, 0, 0, 0, 0, 0, 0, 0, 0, 0]
[3, 3, -3, 0, 0, 0, 0, 0, 0, 0, 0, 0, 0, 0, 0, 0, 0, 0, 0, 0, 0, 0, 0, 0, 0, 0, 0, 0, 0, 0, 0, 0, 0, 0, 0, 0, 0, 0, 0, 0, 0, 0, 0, 0, 0, 0, 0, 0, 0, 0, 0, 0, 0, 0, 0, 0, 0, 0, 0, 0, 0, 0, 0, 0, 0, 0, 0, 0, 0, 0, 0, 0, 0, 0, 0, 0, 0, 0, 0, 0, 0, 0, 0, 0, 0, 0, 0, 0, 0, 0, 0, 0, 0, 0, 0, 0, 0, 0, 0, 0]
[0, 0, -17, -33, -55, -83, -107, -128, -146, -160, -161, -153, -144, -143, -148, -149, -141, -128, -114, -91, -56, -18, 6, 31, 57, 81, 96, 104, 103, 90, 69, 41, 9, -22, -49, -73, -94, -104, -100, -90, -78, -64, -45, -22, 1, 29, 54, 77, 93, 104, 107, 106, 108, 108, 111, 112, 98, 84, 82, 81, 72, 58, 49, 43, 37, 32, 27, 23, 19, 15, 13, 11, 10, 8, 6, 5, 4, 2, 1, 1, 0, 0, 0, 0, 0, -1, -1, -1, -1, -1, -1, 0, 0, 0, 0, 0, 0, 0, 0, 0]
[5, 4, -2, -13, -22, -39, -69, -95, -118, -137, -152, -145, -128, -110, -91, -80, -76, -79, -85, -92, -94, -91, -85, -70, -44, -17, 0, 21, 43, 61, 72, 85, 91, 88, 74, 50, 17, -16, -44, -68, -89, -102, -98, -83, -67, -55, -42, -23, -4, 15, 38, 60, 76, 94, 105, 114, 120, 123, 121, 112, 99, 90, 85, 78, 71, 67, 64, 59, 54, 47, 41, 34, 28, 22, 18, 16, 14, 11, 9, 7, 6, 4, 4, 3, 3, 2, 1, 0, 0, 0, 0, 0, 0, 0, 0, 0, 0, 0, 0, 0]
[-6, -5, -8, -17, -34, -62, -89, -112, -132, -149, -163, -155, -140, -126, -117, -116, -120, -121, -117, -111, -104, -86, -55, -28, -4, 19, 51, 72, 92, 107, 111, 103, 81, 52, 15, -22, -54, -82, -94, -62, -34, -17, 6, 40, 48, 42, 42, 46, 46, 42, 36, 31, 28, 28, 26, 21, 18, 16, 15, 14, 12, 10, 8, 6, 4, 3, 2, 2, 1, 0, 0, 0, -1, -1, -1, -1, -1, -1, -1, -1, -1, -1, -1, -1, 0, 0, 0, 0, 0, 0, 0, 0, 0, 0, 0, 0, 0, 0, 0, 0]
[7, 5, 5, -2, -20, -52, -80, -105, -126, -143, -144, -134, -124, -119, -119, -94, -82, -82, -93, -111, -129, -143, -155, -163, -157, -139, -118, -96, -72, -45, -21, -2, 14, 28, 41, 57, 65, 76, 86, 92, 99, 89, 79, 74, 73, 69, 63, 55, 48, 45, 43, 40, 35, 29, 24, 21, 19, 17, 15, 13, 11, 8, 6, 4, 3, 1, 1, 0, 0, 0, -1, -1, -1, -2, -2, -2, -2, -2, -2, -2, -2, -1, -1, -1, -1, -1, 0, 0, 0, 0, 0, 0, 0, 0, 0, 0, 0, 0, 0, 0]
[3, 1, -11, -31, -49, -73, -99, -120, -139, -155, -164, -162, -153, -146, -153, -160, -159, -149, -134, -111, -78, -33, 5, 27, 48, 67, 79, 87, 93, 92, 78, 57, 30, -2, -35, -61, -87, -109, -113, -99, -83, -67, -50, -29, -8, 12, 32, 48, 66, 78, 91, 103, 111, 122, 138, 138, 123, 103, 89, 81, 76, 69, 61, 51, 44, 37, 32, 27, 23, 19, 17, 17, 16, 14, 11, 10, 8, 6, 5, 4, 2, 1, 0, 0, 0, -1, -1, -1, -1, -2, -2, -2, -2, -2, -1, -1, -1, -1, -1, -1]
[5, 2, -5, -15, -27, -51, -79, -104, -125, -143, -157, -155, -150, -144, -141, -142, -140, -128, -110, -90, -64, -29, 6, 33, 57, 74, 89, 103, 108, 104, 92, 69, 38, 3, -32, -63, -88, -108, -122, -124, -112, -94, -77, -60, -39, -17, 5, 28, 46, 62, 73, 84, 94, 100, 109, 124, 131, 127, 123, 118, 109, 100, 91, 84, 76, 67, 56, 47, 41, 35, 29, 23, 19, 15, 11, 8, 5, 3, 2, 0, 0, 0, -1, -1, -2, -1, -1, -1, -1, -1, -1, -1, -1, -2, -2, -2, -2, -2, -1, -2]
[7, 7, 0, -13, -32, -51, -75, -100, -122, -140, -156, -170, -179, -175, -163, -150, -139, -129, -116, -101, -84, -52, -14, 14, 38, 65, 90, 107, 119, 124, 117, 94, 63, 29, -4, -38, -66, -86, -94, -85, -71, -61, -52, -42, -32, -17, 1, 23, 55, 51, 45, 43, 42, 38, 32, 26, 20, 16, 12, 10, 7, 5, 3, 2, 2, 2, 1, 1, 2, 2, 2, 2, 2, 1, 1, 1, 0, 0, 0, 0, 0, 0, 0, 0, 0, 0, 0, 0, 0, 0, 0, 0, -1, -1, -1, -2, 0, 0, 0, 0]
[6, 10, 9, 4, -9, -32, -62, -89, -112, -132, -149, -160, -154, -145, -145, -146, -146, -142, -133, -119, -102, -81, -59, -33, -4, 26, 52, 72, 89, 98, 101, 95, 82, 62, 32, -2, -36, -63, -83, -101, -114, -114, -104, -91, -79, -61, -39, -19, -1, 14, 31, 44, 55, 62, 66, 68, 69, 67, 68, 71, 74, 75, 74, 69, 62, 59, 59, 61, 60, 57, 48, 38, 31, 27, 24, 22, 19, 16, 14, 13, 12, 10, 8, 6, 4, 3, 2, 1, 0, 0, 0, 0, 0, 0, 0, 0, 0, 0, 0, 0]
[3, 6, 3, -5, -22, -49, -78, -103, -124, -142, -157, -162, -159, -155, -153, -151, -147, -139, -125, -106, -80, -46, -8, 20, 43, 66, 87, 98, 107, 111, 103, 85, 63, 36, 1, -30, -55, -77, -96, -105, -98, -83, -67, -53, -37, -14, 11, 32, 45, 53, 59, 70, 74, 76, 83, 85, 77, 74, 77, 75, 67, 60, 56, 52, 46, 40, 35, 29, 25, 21, 16, 12, 9, 7, 6, 5, 3, 2, 1, 0, 0, -1, -1, -1, -2, -1, -1, -1, -1, -1, -1, -1, -1, 0, 0, 0, 0, 0, 0, 0]
[2, 9, 8, -5, -26, -55, -83, -107, -128, -145, -154, -156, -152, -149, -147, -143, -136, -127, -115, -103, -90, -65, -44, -26, -6, 16, 38, 56, 70, 82, 81, 66, 42, 17, -7, -27, -43, -62, -80, -88, -81, -66, -50, -37, -27, -10, 18, 49, 69, 78, 86, 88, 91, 93, 94, 91, 78, 69, 69, 69, 65, 60, 57, 56, 53, 47, 38, 30, 24, 18, 14, 12, 10, 9, 7, 6, 5, 4, 3, 3, 2, 2, 1, 1, 1, 0, 0, 0, 0, 0, 0, 0, 0, 0, 0, 0, 0, 0, 0, 0]
[5, 10, 0, 0, 0, 0, 0, 0, 0, 0, 0, 0, 0, 0, 0, 0, 0, 0, 0, 0, 0, 0, 0, 0, 0, 0, 0, 0, 0, 0, 0, 0, 0, 0, 0, 0, 0, 0, 0, 0, 0, 0, 0, 0, 0, 0, 0, 0, 0, 0, 0, 0, 0, 0, 0, 0, 0, 0, 0, 0, 0, 0, 0, 0, 0, 0, 0, 0, 0, 0, 0, 0, 0, 0, 0, 0, 0, 0, 0, 0, 0, 0, 0, 0, 0, 0, 0, 0, 0, 0, 0, 0, 0, 0, 0, 0, 0, 0, 0, 0]
[0, 6, -9, -36, -67, -93, -116, -135, -152, -165, -164, -155, -148, -149, -150, -146, -138, -127, -115, -98, -75, -41, -11, 13, 36, 61, 78, 92, 103, 104, 93, 77, 57, 26, -6, -32, -49, -64, -77, -86, -84, -74, -62, -50, -35, -16, 1, 18, 34, 46, 59, 70, 75, 85, 91, 83, 77, 76, 78, 77, 72, 67, 61, 56, 52, 46, 41, 36, 31, 25, 20, 16, 13, 10, 6, 3, 1, 1, 0, 0, 0, 0, 0, 0, 0, 0, 0, 0, 0, 0, 0, 0, -1, -1, -1, -1, 0, 0, 0, 0]
[7, 7, 0, -13, -32, -56, -84, -108, -128, -146, -156, -161, -158, -150, -146, -147, -148, -146, -140, -129, 53, 39, 30, 24, 28, 40, 53, 64, 70, 72, 74, 77, 78, 77, 80, 82, 82, 77, 70, 67, 66, 61, 57, 57, 53, 49, 47, 44, 39, 34, 27, 22, 17, 14, 10, 8, 7, 6, 5, 4, 3, 2, 1, 1, 0, 0, 0, 0, -1, -1, -1, 0, 0, 0, 0, 0, 0, 0, 0, 0, 0, 0, 0, 0, 0, 0, 0, 0, 0, 0, 0, -1, -1, 0, 0, 0, 0, 0, 0, 0]
[5, 7, 6, -2, -26, -54, -82, -106, -127, -145, -160, -161, -152, -140, -126, -117, -114, -113, -112, -111, -107, -99, -81, -51, -21, 2, 25, 54, 74, 95, 107, 107, 98, 80, 54, 25, -7, -36, -60, -79, -91, -95, -92, -83, -71, -52, -29, -10, 5, 23, 40, 51, 59, 70, 79, 91, 102, 97, 93, 96, 95, 89, 82, 75, 67, 59, 51, 43, 37, 31, 26, 22, 19, 15, 12, 10, 9, 7, 5, 5, 3, 1, 1, 1, 0, 0, 0, -1, -1, -1, -2, -2, -2, -1, -1, -1, -1, -1, -1, 0]
[2, 6, 2, -7, -22, -41, -62, -85, -108, -129, -138, -137, -133, -127, -122, -123, -126, -130, -131, -128, -121, -109, -92, -69, -47, -26, -1, 23, 46, 66, 80, 88, 90, 83, 66, 39, 9, -21, -44, -58, -74, -87, -91, -84, -72, -59, -45, -30, -12, 7, 23, 39, 54, 69, 78, 87, 98, 99, 91, 87, 82, 72, 63, 56, 52, 46, 41, 37, 34, 30, 27, 23, 18, 14, 11, 8, 6, 4, 3, 2, 2, 1, 0, 0, 0, 0, 0, 0, 0, 0, 0, 0, 0, 0, 0, -1, -1, -1, -1, -1]
[9, 0, 0, 0, 0, 0, 0, 0, 0, 0, 0, 0, 0, 0, 0, 0, 0, 0, 0, 0, 0, 0, 0, 0, 0, 0, 0, 0, 0, 0, 0, 0, 0, 0, 0, 0, 0, 0, 0, 0, 0, 0, 0, 0, 0, 0, 0, 0, 0, 0, 0, 0, 0, 0, 0, 0, 0, 0, 0, 0, 0, 0, 0, 0, 0, 0, 0, 0, 0, 0, 0, 0, 0, 0, 0, 0, 0, 0, 0, 0, 0, 0, 0, 0, 0, 0, 0, 0, 0, 0, 0, 0, 0, 0, 0, 0, 0, 0, 0, 0]
[5, -2, -12, -23, -30, -42, -68, -95, -117, -136, -151, -150, -139, -123, -113, -113, -114, -115, -113, -110, -96, -73, -44, -12, 14, 31, 51, 65, 75, 78, 82, 79, 65, 46, 21, -11, -42, -68, -91, -104, -107, -99, -84, -69, -52, -32, -8, 18, 46, 66, 77, 83, 89, 94, 94, 96, 91, 86, 81, 74, 64, 54, 50, 44, 37, 29, 24, 20, 17, 13, 10, 7, 6, 5, 0, 0, 0, 0, 0, -1, -1, -1, -1, -1, -1, -1, -1, -1, -1, 0, -1, 0, 0, 0, 0, 0, 0, 0, 0, 0]
[4, 4, 0, 0, 0, 0, 0, 0, 0, 0, 0, 0, 0, 0, 0, 0, 0, 0, 0, 0, 0, 0, 0, 0, 0, 0, 0, 0, 0, 0, 0, 0, 0, 0, 0, 0, 0, 0, 0, 0, 0, 0, 0, 0, 0, 0, 0, 0, 0, 0, 0, 0, 0, 0, 0, 0, 0, 0, 0, 0, 0, 0, 0, 0, 0, 0, 0, 0, 0, 0, 0, 0, 0, 0, 0, 0, 0, 0, 0, 0, 0, 0, 0, 0, 0, 0, 0, 0, 0, 0, 0, 0, 0, 0, 0, 0, 0, 0, 0, 0]
[0, -9, -27, -52, -80, -105, -126, -144, -156, -153, -148, -150, -153, -154, -155, -149, -136, -117, -87, -50, -17, 9, 36, 58, 72, 87, 93, 89, 78, 57, 29, 1, -24, -51, -74, -90, -97, -94, -84, -71, -56, -38, -17, 2, 23, 41, 56, 67, 77, 83, 75, 64, 73, 82, 71, 54, 46, 47, 51, 52, 48, 46, 46, 49, 48, 40, 30, 19, 11, 3, 1, 1, 2, 1, 0, -1, -1, -1, 0, 0, 0, 0, 0, 0, 0, 0, 0, 0, 0, 0, 0, 0, 0, -1, -1, -1, -1, -1, -1, 0]
[0, -3, -10, -20, -36, -65, -92, -115, -134, -151, -160, -157, -151, -147, -146, -145, -139, -127, -114, -89, -48, -9, 20, 46, 72, 86, 93, 97, 90, 75, 52, 23, -7, -34, -56, -74, -88, -96, -97, -90, -77, -61, -42, -22, -2, 17, 31, 44, 59, 74, 86, 97, 105, 104, 103, 96, 75, 68, 67, 63, 56, 49, 44, 40, 36, 33, 31, 27, 23, 17, 12, 8, 6, 4, 2, 0, -1, -1, -1, -2, -3, -3, -2, -2, -2, -2, -1, -1, 0, 0, 1, 1, 0, 0, 0, 0, -1, -1, -1, -1]
[7, 14, -130, -130, -129, -126, -117, -103, -82, -51, -22, -5, 16, 39, 65, 91, 105, 115, 117, 102, 77, 49, -48, -18, 3, 23, 34, 43, 53, 59, 63, 59, 54, 53, 54, 53, 47, 39, 34, 31, 29, 26, 22, 18, 14, 12, 11, 10, 8, 6, 4, 3, 2, 1, 1, 1, 0, 0, 0, -1, -1, -2, -4, -6, -10, -11, -11, -8, -7, -6, -6, -6, -6, -6, -5, -5, -4, -3, -2, -2, 0, -1, -2, -3, -3, -3, -3, 0, 0, 0, 0, 0, 0, 0, 0, 0, 0, 0, 0, 0]
[6, 11, -2, -23, -51, -79, -104, -125, -143, -148, -142, -134, -126, -130, -139, -143, -139, -127, -109, -85, -49, -6, 22, 46, 71, 95, 107, 118, 123, 112, 90, 60, 26, -10, -44, -69, -92, -107, -99, -83, -75, -71, -60, -39, -17, 1, 22, 40, 55, 70, 78, 89, 97, 101, 103, 107, 101, 86, 76, 71, 65, 57, 50, 46, 43, 40, 35, 29, 23, 19, 16, 14, 12, 10, 8, 7, 6, 5, 4, 3, 2, 2, 1, 1, 0, 0, 0, 0, 0, 0, 0, 0, 0, 0, 0, 0, 0, 0, 0, 0]
