[23, -15, -49, -78, -102, -124, -142, -158, -171, -182, -192, -198, -181, -148, -94, -45, -3, 31, 62, 89, 97, 64, 58, 55, 43, 17, -20, -53, -81, -99, -96, -79, -50, -11, 25, 57, 84, 107, 126, 128, 127, 133, 138, 141, 137, 125, 109, 94, 79, 64, 51, 40, 32, 25, 19, 15, 13, 11, 9, 7, 6, 5, 4, 3, 2, 1, 1, 1, 1, 1, 1, 0, 0, 0, 0, -1, -1, -1, -1, 0, -1, -1, -2, -3, -3, -4, -4, -4, -4, -4, -4, -3, -2, -1, 0, 0, 0, 0, 0, 0]
[-13, -45, -75, -100, -122, -140, -156, -170, -181, -191, -200, -207, -209, -176, -126, -72, -27, 12, 45, 74, 99, 108, 73, 51, 31, 6, -20, -48, -70, -73, -51, -18, 14, 42, 63, 84, 99, 105, 110, 118, 124, 128, 127, 121, 108, 92, 74, 58, 46, 36, 29, 23, 17, 14, 11, 8, 6, 4, 1, 1, 0, 0, 0, 0, 0, 0, 0, 0, 0, 0, 0, 0, 0, 0, -1, -1, -2, -2, -2, -3, -3, -3, -3, -2, -2, -2, -1, -1, -1, -1, -1, 0, 0, 0, 0, 0, 0, 0, 0, 0]
[4, -19, -52, -81, -105, -126, -144, -159, -172, -184, -193, -202, -209, -211, -174, -136, -86, -39, 1, 36, 67, 92, 114, 120, 95, 84, 69, 45, 13, -23, -47, -58, -58, -42, -9, 25, 57, 78, 93, 108, 125, 131, 126, 119, 112, 106, 102, 96, 88, 77, 66, 56, 46, 37, 31, 25, 21, 17, 14, 11, 8, 6, 5, 3, 1, 0, 0, 0, -1, -1, -2, -2, -2, -2, -2, -2, -2, -2, -2, -2, -2, -2, -2, -2, -2, -1, -1, -1, -1, -1, -1, -1, 0, 0, 0, 0, 0, 0, 0, 0]
[-21, -42, 0, 0, 0, 0, 0, 0, 0, 0, 0, 0, 0, 0, 0, 0, 0, 0, 0, 0, 0, 0, 0, 0, 0, 0, 0, 0, 0, 0, 0, 0, 0, 0, 0, 0, 0, 0, 0, 0, 0, 0, 0, 0, 0, 0, 0, 0, 0, 0, 0, 0, 0, 0, 0, 0, 0, 0, 0, 0, 0, 0, 0, 0, 0, 0, 0, 0, 0, 0, 0, 0, 0, 0, 0, 0, 0, 0, 0, 0, 0, 0, 0, 0, 0, 0, 0, 0, 0, 0, 0, 0, 0, 0, 0, 0, 0, 0, 0, 0]
[0, -72, -97, -119, -138, -154, -168, -180, -190, -199, -207, -213, -218, -197, -138, -83, -36, 4, 39, 68, 94, 116, 114, 75, 63, 44, 15, -16, -44, -65, -72, -57, -27, 5, 39, 65, 87, 104, 116, 121, 123, 127, 129, 128, 124, 118, 107, 95, 82, 69, 58, 49, 41, 34, 29, 25, 21, 18, 15, 12, 6, 5, 4, 2, 1, 1, 0, 0, 0, 0, -1, -1, -1, -1, -1, -1, -1, -1, -1, -1, -1, -1, -1, -1, -1, 0, 0, 1, 1, 1, 1, 1, 0, 0, 0, 0, 0, 0, 0, 0]
[-149, -164, -125, -72, -27, 11, 45, 74, 99, 120, 138, 145, 107, 86, 68, 44, 13, -19, -51, -69, -63, -42, -14, 20, 53, 80, 103, 116, 119, 116, 111, 106, 100, 92, 84, 77, 70, 62, 53, 46, 40, 35, 30, 25, 20, 16, 13, 10, 7, 4, 2, 1, 0, 0, -2, -2, -1, 0, 0, 0, 0, 0, 0, 1, 0, 0, 0, 1, 1, 0, 0, 0, 0, 0, 0, -1, -1, -1, -1, -1, -1, -1, -1, -2, -2, -2, -2, -2, -2, -2, -2, -2, -2, 0, 0, 0, 0, 0, 0, 0]
[12, -14, -48, -77, -102, -123, -141, -157, -170, -182, -192, -200, -208, -152, -107, -76, -30, 9, 43, 72, 97, 119, 137, 129, 97, 68, 36, 9, -14, -33, -48, -49, -29, 1, 28, 56, 78, 93, 105, 113, 117, 114, 107, 99, 93, 88, 81, 73, 64, 55, 48, 42, 24, 19, 15, 12, 9, 8, 7, 6, 4, 3, 3, 3, 3, 2, 1, 1, 0, 0, 0, 0, 0, -1, -1, -1, -1, -1, -1, -1, -1, -1, -1, 0, 0, 0, 0, 0, 0, 0, -1, -1, -1, -1, -1, 0, 0, 0, 0, 0]
[-1, 0, 0, 0, 0, 0, 0, 0, 0, 0, 0, 0, 0, 0, 0, 0, 0, 0, 0, 0, 0, 0, 0, 0, 0, 0, 0, 0, 0, 0, 0, 0, 0, 0, 0, 0, 0, 0, 0, 0, 0, 0, 0, 0, 0, 0, 0, 0, 0, 0, 0, 0, 0, 0, 0, 0, 0, 0, 0, 0, 0, 0, 0, 0, 0, 0, 0, 0, 0, 0, 0, 0, 0, 0, 0, 0, 0, 0, 0, 0, 0, 0, 0, 0, 0, 0, 0, 0, 0, 0, 0, 0, 0, 0, 0, 0, 0, 0, 0, 0]
[-26, -58, -86, -110, -130, -119, -87, -40, -44, -60, -75, -89, -88, -57, -13, 22, 42, 61, 78, 85, 87, 87, 88, 89, 91, 91, 88, 79, 63, 47, 35, 25, 20, 17, 14, 12, 10, 7, 5, 4, 4, 3, 3, 2, 2, 1, 1, 0, 0, 0, 0, -1, -3, -3, -3, -3, -3, -3, -2, -2, -2, -1, -1, -2, -2, -2, -2, -2, -2, -2, -1, -1, -1, -1, -1, -1, 0, 0, -1, 0, 0, 0, 0, 0, 0, 0, 0, 0, 0, 0, 0, 0, 0, 0, 0, 0, 0, 0, 0, 0]
[-93, -116, 0, 0, 0, 0, 0, 0, 0, 0, 0, 0, 0, 0, 0, 0, 0, 0, 0, 0, 0, 0, 0, 0, 0, 0, 0, 0, 0, 0, 0, 0, 0, 0, 0, 0, 0, 0, 0, 0, 0, 0, 0, 0, 0, 0, 0, 0, 0, 0, 0, 0, 0, 0, 0, 0, 0, 0, 0, 0, 0, 0, 0, 0, 0, 0, 0, 0, 0, 0, 0, 0, 0, 0, 0, 0, 0, 0, 0, 0, 0, 0, 0, 0, 0, 0, 0, 0, 0, 0, 0, 0, 0, 0, 0, 0, 0, 0, 0, 0]
[0, -100, -50, -31, 0, 35, 65, 91, 113, 132, 149, 133, 95, 68, 37, 13, -11, -35, -48, -43, -30, 0, 28, 46, 64, 77, 84, 93, 97, 96, 92, 83, 76, 72, 67, 61, 55, 50, 43, 38, 35, 32, 30, 26, 22, 18, 15, 13, 11, 8, 5, 3, 1, 1, 0, 0, 0, 0, 0, 0, 0, 0, 0, 0, 0, -1, -1, -1, -1, -1, -1, -1, -1, -1, -1, 0, 0, 0, 0, 0, 0, 0, -1, -1, -1, -1, 0, 0, 0, -1, -1, -1, -1, -1, -2, 0, 0, 0, 0, 0]
[12, -19, -52, -81, -105, -126, -144, -159, -172, -184, -193, -202, -150, -96, -55, -12, 24, 56, 83, 107, 127, 133, 99, 68, 42, 21, 1, -16, -27, -26, -11, 5, 18, 36, 50, 61, 75, 85, 92, 94, 92, 89, 87, 87, 84, 79, 71, 61, 52, 44, 37, 32, 27, 23, 20, 18, 16, 13, 11, 9, 7, 5, 4, 2, 1, 0, 0, 0, -1, -1, -1, -1, -1, -1, 0, 0, 0, 0, 0, 0, 0, 0, -1, -1, -1, -1, -1, -1, -1, -1, -1, -1, 0, 0, 0, 0, 0, 0, 0, 0]
[27, 0, 0, 0, 0, 0, 0, 0, 0, 0, 0, 0, 0, 0, 0, 0, 0, 0, 0, 0, 0, 0, 0, 0, 0, 0, 0, 0, 0, 0, 0, 0, 0, 0, 0, 0, 0, 0, 0, 0, 0, 0, 0, 0, 0, 0, 0, 0, 0, 0, 0, 0, 0, 0, 0, 0, 0, 0, 0, 0, 0, 0, 0, 0, 0, 0, 0, 0, 0, 0, 0, 0, 0, 0, 0, 0, 0, 0, 0, 0, 0, 0, 0, 0, 0, 0, 0, 0, 0, 0, 0, 0, 0, 0, 0, 0, 0, 0, 0, 0]
[-2, -37, -68, -94, -116, -136, -152, -166, -179, -189, -198, -206, -186, -124, -100, -63, -18, 19, 51, 79, 103, 124, 106, 70, 50, 22, -4, -33, -61, -77, -69, -42, -7, 28, 59, 83, 105, 119, 131, 130, 121, 114, 110, 110, 109, 104, 93, 80, 68, 58, 50, 43, 37, 33, 29, 25, 22, 19, 16, 13, 10, 8, 2, 1, 1, 0, 0, 0, 0, 0, 0, 1, 1, 1, 1, 1, 0, 0, 0, 0, 0, 0, 0, 0, 0, 0, 0, 0, 0, 0, 0, 0, 0, 0, 0, 0, 0, 0, 0, 0]
[0, 2, 0, 0, 0, 0, 0, 0, 0, 0, 0, 0, 0, 0, 0, 0, 0, 0, 0, 0, 0, 0, 0, 0, 0, 0, 0, 0, 0, 0, 0, 0, 0, 0, 0, 0, 0, 0, 0, 0, 0, 0, 0, 0, 0, 0, 0, 0, 0, 0, 0, 0, 0, 0, 0, 0, 0, 0, 0, 0, 0, 0, 0, 0, 0, 0, 0, 0, 0, 0, 0, 0, 0, 0, 0, 0, 0, 0, 0, 0, 0, 0, 0, 0, 0, 0, 0, 0, 0, 0, 0, 0, 0, 0, 0, 0, 0, 0, 0, 0]
[0, -26, -58, -85, -109, -129, -147, -162, -175, -186, -195, -198, -141, -95, -66, -21, 16, 49, 77, 102, 122, 140, 21, 51, 63, 76, 101, 119, 113, 108, 108, 114, 120, 118, 113, 105, 97, 90, 80, 69, 58, 50, 42, 36, 30, 26, 22, 19, 16, 14, 12, 10, 8, 7, 6, 5, 4, 3, 2, 1, 0, 0, 0, -1, -1, -1, -1, -1, -1, -1, -1, -1, -1, -1, -1, 0, 0, 0, 0, -1, -1, -1, -1, -1, -2, -2, -2, -2, -2, -2, -2, -1, -1, -1, -1, 0, 0, 0, 0, 0]
[18, 1, -35, -66, -92, -115, -134, -151, -165, -178, -188, -197, -205, -209, -149, -103, -70, -24, 14, 47, 76, 100, 121, 131, 90, 60, 30, -3, -37, -63, -73, -68, -48, -17, 10, 32, 55, 71, 80, 94, 107, 114, 116, 115, 116, 117, 115, 109, 100, 90, 79, 67, 56, 47, 40, 33, 27, 22, 18, 15, 13, 11, 9, 7, 6, 4, 2, 1, 0, -1, -1, -2, -2, -2, -2, -2, -2, -2, -2, -2, -2, -2, -1, -1, -1, -1, -1, -1, -1, -1, -1, -1, 0, 0, 0, 0, 0, 0, 0, 0]
[14, -8, -43, -73, -98, -120, -139, -155, -169, -181, -191, -199, -207, -176, -116, -91, -48, -6, 29, 60, 87, 110, 130, 105, 62, 29, 0, -22, -40, -49, -48, -40, -20, -1, 10, 25, 45, 61, 73, 80, 86, 88, 89, 92, 95, 95, 91, 85, 77, 67, 58, 50, 44, 39, 35, 31, 27, 24, 21, 18, 15, 13, 11, 10, 8, 6, 5, 3, 1, 0, 0, 0, 0, -1, -1, -1, -1, -2, -1, -1, -1, -1, -1, -1, 0, 0, 0, 0, 0, 0, 0, 0, 0, 0, 0, 0, 0, -1, -1, -1]
[-25, -53, -81, -105, -126, -144, -159, -173, -184, -193, -202, -209, -203, -179, -127, -74, -28, 98, 106, 116, 126, 137, 143, 147, 150, 147, 142, 137, 130, 122, 111, 99, 87, 75, 64, 56, 49, 43, 38, 34, 31, 27, 24, 20, 17, 15, 12, 10, 9, 8, 7, 6, 5, 4, 3, 1, 0, 0, 0, -1, -1, -1, 0, 0, -1, -2, -3, -2, -2, -2, -2, -2, -2, -2, -2, -2, -2, -1, -1, -1, -1, -1, -1, -1, 0, 0, 0, 0, 0, 0, -1, 0, 0, 0, 0, 0, 0, 0, 0, 0]
[-1, -172, -183, -193, -201, -208, -192, -155, -135, -130, -137, -147, -153, -150, -135, -110, -77, -39, -5, 21, 48, 71, 90, 103, 105, 101, 99, 102, 102, 99, 94, 88, 81, 73, 65, 56, 47, 39, 33, 28, 24, 20, 17, 15, 14, 13, 12, 10, 8, 5, 3, 1, 0, 0, 0, -1, -1, -1, -2, -2, -2, -1, -1, -1, -1, 0, 0, 0, 0, 0, 0, 0, 0, 0, 0, 0, 0, 0, -1, -1, -1, -1, -1, -1, -1, 0, 0, 0, -1, -1, -1, -1, -1, 0, 0, 0, 0, 0, 0, 0]
[-5, -29, -61, -88, -111, -131, -149, -163, -176, -187, -196, -204, -211, -157, -107, -65, -20, 17, 50, 78, 102, 123, 140, 99, 71, 53, 22, -9, -38, -63, -74, -64, -45, -17, 12, 36, 57, 78, 91, 99, 104, 105, 104, 103, 103, 102, 97, 90, 83, 77, 71, 63, 56, 49, 43, 37, 33, 29, 25, 22, 20, 18, 16, 14, 12, 10, 9, 7, 5, 3, 1, 0, -1, -2, -2, -3, -3, -3, -3, -3, -2, -2, -1, 0, 0, 0, 0, 0, 0, 0, 0, 0, 0, -1, -1, -1, -2, -2, -2, -2]
[9, -16, 0, 0, 0, 0, 0, 0, 0, 0, 0, 0, 0, 0, 0, 0, 0, 0, 0, 0, 0, 0, 0, 0, 0, 0, 0, 0, 0, 0, 0, 0, 0, 0, 0, 0, 0, 0, 0, 0, 0, 0, 0, 0, 0, 0, 0, 0, 0, 0, 0, 0, 0, 0, 0, 0, 0, 0, 0, 0, 0, 0, 0, 0, 0, 0, 0, 0, 0, 0, 0, 0, 0, 0, 0, 0, 0, 0, 0, 0, 0, 0, 0, 0, 0, 0, 0, 0, 0, 0, 0, 0, 0, 0, 0, 0, 0, 0, 0, 0]
[0, -49, -78, -103, -124, -142, -158, -171, -183, -192, -201, -208, -170, -115, -101, -66, -21, 17, 50, 78, 102, 123, 111, 84, 63, 27, -3, -33, -60, -74, -64, -40, -11, 19, 47, 69, 85, 94, 104, 110, 110, 108, 106, 103, 98, 92, 84, 76, 68, 61, 54, 47, 41, 35, 30, 25, 21, 17, 14, 12, 10, 8, 7, 6, 5, 4, 3, 2, 1, 1, 0, 0, 0, 0, -1, -1, -1, -1, -1, -1, -1, -1, -1, 0, 0, 0, 0, 0, 0, 0, 0, 0, 0, 0, 0, 0, 0, -1, -1, 0]
[6, -24, -56, -84, -108, -128, -146, -161, -174, -185, -194, -203, -210, -176, -119, -97, -52, -9, 27, 58, 85, 108, 128, 103, 76, 49, 15, -14, -39, -61, -70, -59, -34, 2, 36, 59, 82, 102, 109, 113, 116, 118, 120, 116, 108, 98, 89, 81, 73, 62, 50, 41, 34, 28, 25, 21, 18, 15, 13, 12, 10, 9, 7, 6, 4, 3, 3, 3, 1, 0, 0, 0, 1, 0, 0, 0, 0, 0, 0, 0, 0, 0, 0, 0, 0, 0, 0, -1, -2, -2, -3, -4, -4, -4, -4, -3, -3, -2, -2, 0]
[-1, 0, 0, 0, 0, 0, 0, 0, 0, 0, 0, 0, 0, 0, 0, 0, 0, 0, 0, 0, 0, 0, 0, 0, 0, 0, 0, 0, 0, 0, 0, 0, 0, 0, 0, 0, 0, 0, 0, 0, 0, 0, 0, 0, 0, 0, 0, 0, 0, 0, 0, 0, 0, 0, 0, 0, 0, 0, 0, 0, 0, 0, 0, 0, 0, 0, 0, 0, 0, 0, 0, 0, 0, 0, 0, 0, 0, 0, 0, 0, 0, 0, 0, 0, 0, 0, 0, 0, 0, 0, 0, 0, 0, 0, 0, 0, 0, 0, 0, 0]
[0, -23, -56, -84, -108, -128, -146, -161, -174, -185, -194, -202, -209, -171, -120, -68, -23, 15, 48, 76, 101, 122, 107, 70, 43, 10, -16, -33, -47, -50, -34, -8, 22, 54, 81, 101, 117, 121, 125, 131, 130, 127, 124, 120, 114, 104, 90, 76, 65, 54, 45, 37, 31, 25, 20, 16, 13, 11, 9, 8, 7, 6, 5, 4, 3, 3, 3, 2, 2, 2, 1, 0, 0, 0, 0, -1, -1, -2, -2, -2, -2, -2, -2, -2, -1, -1, -1, -1, -1, -1, 0, 0, 0, 0, 0, 0, 0, 0, 0, 0]
[15, -8, -42, -127, -74, -28, 11, 44, 73, 98, 120, 90, 57, 48, 32, 10, -16, -48, -76, -89, -83, -57, -18, 19, 51, 79, 102, 113, 126, 137, 141, 137, 131, 123, 111, 96, 79, 63, 51, 40, 32, 25, 19, 15, 13, 10, 8, 6, 4, 3, 3, 4, 4, 4, 3, 2, 2, 2, 2, 2, 1, 1, 1, 0, 0, 0, 0, 0, 0, 0, -1, -1, -1, -1, -1, -1, -1, -1, -1, -2, -2, -2, -2, -2, -1, -2, -2, -1, -1, -1, -1, -1, -1, -1, -1, 0, 0, 0, 0, 0]
[-7, -33, -63, -90, -113, -133, -150, -164, -177, -187, -196, -204, -211, -194, -131, -77, -31, 8, 42, 71, 96, 118, 133, 94, 60, 31, 2, -15, -27, -35, -28, -12, 5, 26, 42, 56, 72, 85, 95, 104, 111, 114, 113, 109, 103, 97, 92, 86, 79, 72, 66, 60, 53, 48, 42, 38, 33, 29, 25, 21, 18, 15, 12, 10, 8, 6, 5, 4, 3, 2, 1, 0, 0, 0, 0, 0, 0, -1, -1, -2, -3, -4, -4, -4, -4, -4, -3, -3, -2, -1, -1, 0, 0, 0, 1, 1, 0, 0, 0, 0]
[-32, -44, -49, -50, -51, -66, -92, -115, -134, -151, -165, -178, -188, -197, -205, -212, -215, -164, -105, -54, -11, 25, 57, 84, 107, 125, 107, 79, 59, 29, -3, -29, -48, -60, -56, -34, -6, 21, 46, 68, 84, 96, 104, 106, 106, 108, 110, 109, 105, 97, 87, 77, 67, 57, 47, 39, 32, 27, 22, 17, 13, 9, 6, 3, 2, 1, 1, 0, 0, -1, -2, -3, -3, -3, -3, -3, -3, -3, -3, -4, -4, -4, -6, -8, -8, -5, 0, 2, 2, 1, 1, 3, 5, 5, 4, 1, 0, 0, 0, 0]
[17, 0, -35, -66, -92, -115, -134, -151, -165, -178, -188, -197, -205, -195, -145, -91, -43, -1, 33, 64, 90, 113, 112, 65, 50, 32, 12, -4, -22, -42, -54, -47, -23, 8, 37, 64, 85, 92, 97, 107, 114, 114, 112, 107, 101, 94, 86, 78, 70, 61, 51, 43, 37, 31, 25, 22, 19, 16, 13, 11, 9, 8, 7, 6, 4, 2, 1, 1, 0, -1, -2, -2, -2, -3, -3, -3, -3, -4, -3, -2, -1, 0, 0, 1, 1, 1, 1, 0, 0, 0, -1, -1, -2, 0, 0, 0, 0, 0, 0, 0]
[0, -31, -63, -90, -113, -133, -149, -164, -177, -187, -196, -204, -186, -140, -93, -45, -3, 32, 63, 89, 112, 129, 89, 52, 24, -2, -27, -38, -36, -20, 11, 42, 70, 93, 111, 125, 141, 147, 147, 146, 146, 145, 137, 119, 99, 79, 63, 49, 39, 31, 24, 18, 12, 6, 1, -2, -4, -6, -8, -7, -7, -6, -5, -4, -3, -2, -2, -1, -1, -1, 0, 0, 0, 0, 0, 0, 0, 0, 0, 0, -1, -1, -1, -1, -1, -1, -2, -2, -1, 0, 1, 0, 0, 0, 0, 1, 1, 0, 0, 0]
[59, 50, 0, 0, 0, 0, 0, 0, 0, 0, 0, 0, 0, 0, 0, 0, 0, 0, 0, 0, 0, 0, 0, 0, 0, 0, 0, 0, 0, 0, 0, 0, 0, 0, 0, 0, 0, 0, 0, 0, 0, 0, 0, 0, 0, 0, 0, 0, 0, 0, 0, 0, 0, 0, 0, 0, 0, 0, 0, 0, 0, 0, 0, 0, 0, 0, 0, 0, 0, 0, 0, 0, 0, 0, 0, 0, 0, 0, 0, 0, 0, 0, 0, 0, 0, 0, 0, 0, 0, 0, 0, 0, 0, 0, 0, 0, 0, 0, 0, 0]
[0, 17, -20, -53, -82, -106, -127, -144, -160, -173, -184, -194, -187, -161, -126, -89, -55, -19, 18, 51, 79, 103, 124, 141, 157, 169, 181, 190, 197, 197, 202, 200, 182, 152, 123, 99, 83, 71, 61, 51, 42, 34, 28, 23, 19, 16, 13, 11, 9, 8, 6, 5, 5, 5, 4, 3, 2, 1, 1, 1, 0, 0, 0, 0, 0, 0, 0, 0, 0, 0, 0, 0, 0, 0, -1, -1, -1, -1, -1, -1, -1, -1, -2, -3, -3, -3, -3, -2, -2, -2, -1, -1, -1, -2, -3, -2, -2, -2, -1, 0]
[3, 36, 66, 77, 55, 12, -25, -57, -85, -109, -129, -147, -161, -174, -185, -195, -183, -134, -79, -32, 7, 41, 70, 96, 117, 136, 152, 165, 177, 175, 165, 150, 135, 120, 108, 95, 82, 68, 54, 41, 31, 23, 18, 12, 9, 7, 6, 6, 5, 2, 2, 3, 4, 3, 2, 2, 4, 5, 5, 4, 2, 0, 0, 0, 0, 0, 0, 0, 0, 0, 0, 0, 0, 0, 0, 0, 0, 0, 0, 0, 0, 0, 0, 0, 0, 0, 0, 0, 0, 0, 0, 0, 0, -1, -1, -1, 0, 0, 0, 0]
[70, 59, 20, -18, -51, -80, -104, -125, -143, -159, -172, -183, -191, -166, -122, -81, -43, -4, 31, 62, 88, 111, 130, 147, 161, 174, 184, 189, 181, 165, 156, 154, 144, 127, 105, 79, 58, 44, 36, 30, 26, 22, 19, 17, 15, 13, 11, 9, 7, 6, 5, 4, 3, 1, 1, 1, 0, 0, 0, 0, 0, 0, -1, -2, -3, -4, -4, -4, -4, -4, -3, -3, -3, -2, -2, -1, -1, -1, 0, 0, 0, 0, 0, 0, 0, 0, 0, 0, 0, 0, 0, -1, -1, -1, -1, 0, 0, 0, 0, 0]
[-13, 17, 0, 0, 0, 0, 0, 0, 0, 0, 0, 0, 0, 0, 0, 0, 0, 0, 0, 0, 0, 0, 0, 0, 0, 0, 0, 0, 0, 0, 0, 0, 0, 0, 0, 0, 0, 0, 0, 0, 0, 0, 0, 0, 0, 0, 0, 0, 0, 0, 0, 0, 0, 0, 0, 0, 0, 0, 0, 0, 0, 0, 0, 0, 0, 0, 0, 0, 0, 0, 0, 0, 0, 0, 0, 0, 0, 0, 0, 0, 0, 0, 0, 0, 0, 0, 0, 0, 0, 0, 0, 0, 0, 0, 0, 0, 0, 0, 0, 0]
[0, 50, 78, 70, 24, -15, -49, -77, -102, -124, -142, -157, -171, -182, -187, -158, -110, -63, 51, 75, 62, 49, 41, 35, 30, 25, 22, 19, 16, 13, 9, 6, 2, 1, 0, 0, -1, -2, -3, -3, -3, -2, -2, -1, 0, 0, 0, 0, 0, 0, 0, 0, 0, 0, 0, 0, 0, 0, 0, 0, 0, 0, 0, 0, 0, 0, 1, 1, 0, 0, 0, 0, 0, 0, 0, 0, 0, 0, 0, 0, 0, 0, 0, 0, 0, 0, 0, 0, 0, -1, -1, -1, -1, -1, -1, -1, 0, 0, 0, 0]
[69, 51, -132, -82, -35, 5, 39, 69, 95, 116, 135, 151, 165, 168, 164, 157, 155, 146, 130, 113, 96, 78, 62, 48, 35, 26, 21, 16, 13, 10, 7, 5, 2, 1, 0, 0, 0, 0, 0, 0, 0, 0, -1, -1, -2, -2, -2, -2, -2, -1, -1, -1, -1, -1, -1, -1, -1, -1, -1, -1, -1, -1, -1, -1, -1, -1, -1, -1, -2, -2, -2, -2, -1, -1, -1, -1, -1, -1, -1, -1, -1, -1, 0, 0, 0, 0, 0, 0, 0, 0, 0, 0, 0, 0, 0, 0, 0, 0, 0, 0]
[-10, 83, 90, 102, 118, 136, 152, 166, 177, 187, 196, 203, 210, 215, 220, 224, 218, 206, 191, 171, 156, 137, 108, 82, 60, 45, 37, 32, 27, 22, 16, 12, 10, 7, 5, 3, 3, 2, 2, 2, 2, 2, 2, 2, 1, 1, 1, 0, 0, 0, 0, 0, 0, 0, 0, 0, 0, 0, 0, -1, -1, -1, -1, -1, -1, -1, -1, -1, -1, -1, -1, -1, -1, -1, -1, -1, -1, -1, -1, -1, -1, -1, -1, -1, -1, -1, -1, -1, -1, -1, -1, 0, 0, 0, 0, 0, 0, 0, 0, 0]
[64, 53, 16, -19, -52, -81, -105, -126, -144, -159, -172, -184, -182, -154, -112, 112, 83, 49, 19, -1, -10, -14, -17, -18, -17, -15, -13, -12, -12, -12, -12, -11, -9, -7, -5, -4, -3, -3, -2, -1, 0, 0, -1, -1, -2, -2, -2, -1, -1, -2, -2, -2, -1, -1, -1, -1, 0, 0, 0, 0, 0, 0, 0, 0, 0, 0, 0, 0, 0, 0, 0, 0, 0, 0, 0, 0, -1, -1, -1, -1, -1, -1, -1, -1, -1, 0, 0, 0, 0, 0, 0, 0, 0, 0, 0, 0, 0, 0, 0, 0]
[44, 25, -12, -46, -75, -136, -81, -34, 5, 40, 69, 95, 117, 135, 149, 154, 155, 146, 140, 138, 125, 101, 72, 46, 29, 19, 12, 6, 2, -1, -4, -5, -7, -7, -7, -6, -5, -4, -2, -1, -1, -1, 0, 0, 0, 0, 0, 0, 0, 0, 0, 0, -1, -1, -1, -1, -1, -1, -1, -1, 0, 0, 0, 0, 0, 0, 0, 0, 0, 0, 0, -1, 0, 0, -1, 0, 0, 0, 0, 0, 0, 0, 0, 0, 0, 0, 0, 0, 0, 0, 0, 0, 0, 0, 0, 0, 0, 0, 0, 0]
[58, 58, 16, -21, -54, -82, -106, -127, -145, -160, -173, -184, -193, -176, -128, -75, -28, 10, 44, 73, 98, 119, 137, 153, 167, 178, 187, 185, 174, 164, 151, 135, 110, 79, 53, 34, 24, 16, 11, 7, 5, 4, 3, 2, 0, 0, 0, 0, 0, 0, 0, 0, 0, 0, 0, 1, 1, 2, 1, 1, 1, 0, 0, 0, 0, -1, -1, -1, -1, -1, -1, 0, 0, 0, 0, 0, 0, 0, 0, 0, 0, 0, 0, 0, 0, 0, 0, 0, 0, 0, 0, 0, 0, 0, 0, 0, 0, 0, 0, 0]
[67, 48, 6, -30, -61, -88, -112, -132, -149, -163, -176, -187, -196, -189, -135, -80, -33, 6, 40, 70, 95, 117, 136, 152, 161, 159, 166, 166, 159, 144, 130, 126, 115, 101, 85, 68, 53, 42, 31, 20, 10, 1, -4, -6, -8, -8, -7, -5, -4, -4, -3, -3, -2, -1, 0, 0, 0, 1, 1, 1, 1, 1, 0, 0, 0, 0, 0, 0, 1, 1, 1, 0, 0, 0, 0, 0, 0, 0, 0, 0, 0, -1, -1, -1, 0, 0, 0, 0, 0, 0, 0, 0, 0, 0, 0, 0, 0, 0, 0, 0]
[64, -51, -8, 27, 59, 86, 109, 129, 145, 157, 162, 156, 144, 135, 117, 98, 84, 71, 58, 46, 34, 24, 15, 10, 8, 6, 5, 4, 4, 3, 2, 2, 1, 1, 1, 1, 0, 0, -1, 0, 0, 0, 0, 0, 0, 0, 0, 0, 0, 0, 0, 0, 0, 0, 0, 0, 0, 0, 0, 0, -1, -1, -1, -1, -1, -1, -1, -1, -1, -1, -1, -2, -1, -1, -1, -1, -1, -1, 0, 0, 0, 0, 0, 0, 0, 0, 0, 0, 0, 0, 0, 0, 0, 0, 0, 0, 0, 0, 0, 0]
[13, 46, 75, 100, 104, 57, 13, -24, -56, -84, -108, -128, -146, -161, -174, -170, -132, -89, -46, -4, 31, 62, 88, 111, 130, 147, 158, 164, 170, 169, 158, 144, 136, 127, 112, 105, 98, 89, 76, 62, 48, 37, 28, 19, 9, 2, -2, -3, -3, -2, -2, -1, -1, 0, 0, 0, 0, 0, 0, 0, 0, 0, 0, 0, -1, -1, -1, -1, -1, -1, -1, -1, -1, 0, 0, 0, 0, 0, -1, -1, -1, 0, 0, 0, 0, 0, 0, 0, 0, 0, 0, 0, 0, 0, 0, 0, 0, 0, 0, 0]
[-19, -6, 20, 15, -22, -55, -83, -107, -127, -145, -160, -173, -184, -194, -179, -142, -94, -45, -3, 32, 62, 89, 111, 131, 148, 162, 174, 181, 173, 160, 151, 137, 123, 112, 98, 81, 63, 47, 35, 25, 19, 15, 12, 9, 7, 5, 3, 1, 0, -1, -2, -2, -2, -1, 0, 0, 1, 1, 1, 1, 0, 0, 0, 0, 0, 0, 0, 0, 0, 0, 0, 0, 0, 0, 0, 0, 0, 0, 0, 0, 0, 0, 0, 0, 0, 0, 0, 0, -1, -1, -1, -1, -1, -1, 0, 0, 0, 0, 0, 0]
[4, 0, 0, 0, 0, 0, 0, 0, 0, 0, 0, 0, 0, 0, 0, 0, 0, 0, 0, 0, 0, 0, 0, 0, 0, 0, 0, 0, 0, 0, 0, 0, 0, 0, 0, 0, 0, 0, 0, 0, 0, 0, 0, 0, 0, 0, 0, 0, 0, 0, 0, 0, 0, 0, 0, 0, 0, 0, 0, 0, 0, 0, 0, 0, 0, 0, 0, 0, 0, 0, 0, 0, 0, 0, 0, 0, 0, 0, 0, 0, 0, 0, 0, 0, 0, 0, 0, 0, 0, 0, 0, 0, 0, 0, 0, 0, 0, 0, 0, 0]
[37, 67, 90, 68, 22, -16, -50, -78, -103, -124, -142, -158, -171, -183, -174, -139, -98, -50, -7, 28, 59, 86, 109, 129, 141, 153, 164, 169, 163, 150, 133, 112, 92, 70, 52, 39, 30, 25, 20, 15, 10, 7, 5, 4, 3, 1, 0, 0, 1, 1, 2, 2, 2, 1, 1, 1, 0, 0, -1, -1, -2, -3, -4, -3, -2, -1, -1, -2, -2, -2, -2, -2, -1, -1, 0, 0, 1, 2, 2, 3, 3, 4, 3, 1, 0, 0, 0, 0, 0, 0, 0, 0, 0, 0, 0, 0, 0, 0, 0, 0]
[21, 5, -29, -60, -88, -111, -131, -148, -163, -176, -186, -196, -202, -180, -138, -88, -40, 0, 35, 65, 91, 114, 133, 145, 159, 163, 151, 133, 119, 109, 97, 83, 71, 59, 49, 15, 14, 12, 10, 9, 7, 5, 3, 2, 0, -1, -2, -2, -1, -1, 0, 0, 0, 0, 1, 0, 0, 0, 0, -1, -1, -1, -1, -1, -1, -1, -1, -1, -1, 0, 0, 0, 0, 0, 0, 0, 0, 0, 0, 0, 0, 0, 0, -1, -1, -1, -2, -2, -2, -2, -3, -3, -3, -3, -1, 0, 0, 0, 0, 0]
[-34, 0, 0, 0, 0, 0, 0, 0, 0, 0, 0, 0, 0, 0, 0, 0, 0, 0, 0, 0, 0, 0, 0, 0, 0, 0, 0, 0, 0, 0, 0, 0, 0, 0, 0, 0, 0, 0, 0, 0, 0, 0, 0, 0, 0, 0, 0, 0, 0, 0, 0, 0, 0, 0, 0, 0, 0, 0, 0, 0, 0, 0, 0, 0, 0, 0, 0, 0, 0, 0, 0, 0, 0, 0, 0, 0, 0, 0, 0, 0, 0, 0, 0, 0, 0, 0, 0, 0, 0, 0, 0, 0, 0, 0, 0, 0, 0, 0, 0, 0]
[-44, -61, -69, -60, -57, -48, -16, 21, 53, 81, 105, 90, 85, 74, 66, 59, 56, 55, 61, 70, 84, 101, 108, 109, 108, 109, 107, 102, 97, 92, 87, 82, 75, 68, 60, 52, 45, 38, 32, 27, 5, 4, 3, 2, 2, 1, 1, 1, 0, 0, 0, 0, 0, 0, 0, -1, -1, -1, 0, 0, 0, 0, 0, 0, 0, 0, 0, 0, 0, 0, 0, 0, 0, 0, 0, 0, 0, 0, 0, -1, -1, -1, -1, -1, -1, 0, 0, 0, 0, 0, 0, 0, 0, 0, 0, 0, 0, 0, 0, 0]
[5, -21, -54, -55, -31, -10, 14, 48, 76, 101, 92, 109, 106, 92, 87, 79, 75, 80, 95, 116, 132, 138, 136, 137, 140, 138, 132, 123, 111, 98, 85, 73, 63, 55, 47, 40, 34, 29, 25, 21, 19, 18, 17, 15, 13, 10, 8, 6, 4, 3, 2, 1, 0, 0, 0, -1, -1, -2, -2, -2, -3, -3, -3, -3, -2, -2, -2, -2, -2, -1, -1, 0, 0, 0, -1, -1, -1, -1, -1, 0, 0, 0, -1, -1, -1, -2, -2, -2, -2, -2, -2, -2, -2, -2, -2, -2, -1, -1, -1, 0]
[13, -22, -40, 0, 0, 0, 0, 0, 0, 0, 0, 0, 0, 0, 0, 0, 0, 0, 0, 0, 0, 0, 0, 0, 0, 0, 0, 0, 0, 0, 0, 0, 0, 0, 0, 0, 0, 0, 0, 0, 0, 0, 0, 0, 0, 0, 0, 0, 0, 0, 0, 0, 0, 0, 0, 0, 0, 0, 0, 0, 0, 0, 0, 0, 0, 0, 0, 0, 0, 0, 0, 0, 0, 0, 0, 0, 0, 0, 0, 0, 0, 0, 0, 0, 0, 0, 0, 0, 0, 0, 0, 0, 0, 0, 0, 0, 0, 0, 0, 0]
[0, 0, -7, 17, 33, 56, 83, 106, 68, 90, 79, 70, 65, 56, 48, 52, 71, 93, 111, 119, 115, 107, 102, 99, 95, 91, 87, 82, 77, 72, 65, 57, 48, 40, 33, 27, 22, 19, 17, 15, 14, 12, 12, 11, 10, 9, 8, 7, 6, 5, 4, 3, 2, 1, 0, 0, 0, 0, 0, 0, 0, 0, 0, 0, 0, 0, 0, 0, 0, 0, 0, 0, 0, 0, 0, 0, 0, 0, -1, -1, -1, -1, -1, -1, -1, -1, -1, -1, -1, -1, -1, 0, 0, 0, 0, 0, 0, 0, 0, 0]
[14, 1, -26, -40, -22, -2, 11, 34, 64, 90, 88, 87, 95, 85, 76, 62, 49, 46, 54, 65, 76, 86, 93, 99, 102, 104, 103, 100, 96, 93, 90, 84, 76, 67, 58, 49, 42, 35, 30, 25, 21, 16, 10, 6, 4, 2, 1, 1, 1, 0, 0, 0, 0, 0, 0, 0, 0, -1, -1, -1, -1, -1, -2, -2, -2, -2, -2, -2, -2, -1, -1, -1, 0, 0, 0, 0, 0, 0, 0, 0, 0, 0, 0, 0, -1, -1, -1, -1, -1, -1, -1, -1, -1, -1, 0, 0, 0, 0, 0, 0]
[45, 11, 0, 0, 0, 0, 0, 0, 0, 0, 0, 0, 0, 0, 0, 0, 0, 0, 0, 0, 0, 0, 0, 0, 0, 0, 0, 0, 0, 0, 0, 0, 0, 0, 0, 0, 0, 0, 0, 0, 0, 0, 0, 0, 0, 0, 0, 0, 0, 0, 0, 0, 0, 0, 0, 0, 0, 0, 0, 0, 0, 0, 0, 0, 0, 0, 0, 0, 0, 0, 0, 0, 0, 0, 0, 0, 0, 0, 0, 0, 0, 0, 0, 0, 0, 0, 0, 0, 0, 0, 0, 0, 0, 0, 0, 0, 0, 0, 0, 0]
[0, -23, -12, 9, 23, 39, 63, 66, 55, 67, 60, 59, 51, 41, 38, 47, 65, 85, 99, 107, 111, 115, 117, 116, 107, 95, 83, 73, 64, 58, 53, 48, 40, 33, 27, 22, 19, 16, 13, 10, 7, 5, 4, 3, 2, 2, 2, 1, 1, 1, 0, 0, 0, 0, 0, 0, 0, -1, -1, -1, -1, -1, -1, -2, -1, -1, -1, -1, 0, 0, 0, 0, 0, 0, -1, -1, -1, -1, -1, -1, -1, -1, -1, -1, 0, 0, 0, 0, 0, 0, 0, 0, 0, 0, -1, 0, 0, 0, 0, 0]
[18, -9, -36, -17, 5, 19, 36, 58, 72, 49, 71, 58, 54, 51, 44, 39, 39, 55, 75, 91, 103, 114, 125, 133, 133, 124, 111, 95, 81, 68, 58, 50, 43, 36, 31, 27, 23, 19, 15, 11, 9, 6, 4, 2, 1, 0, 0, 0, 0, 0, 0, 0, 0, 0, 0, 0, 0, 0, 0, 0, 0, 0, -1, -2, -3, -2, -1, -1, -2, -3, -3, -3, -2, -2, -2, -1, -1, -1, -1, -1, -1, -1, -1, -1, -1, -1, -1, -1, -1, -1, -1, -1, -2, -2, -1, -1, -1, -1, -1, -1]
[35, 10, -22, -8, 16, 27, 39, 58, 60, 54, 63, 55, 51, 42, 34, 35, 49, 69, 89, 102, 108, 114, 119, 122, 119, 111, 100, 87, 76, 65, 56, 48, 42, 36, 32, 28, 24, 20, 17, 13, 9, 6, 4, 2, 1, 1, 0, 0, 0, 0, 0, 0, 0, 0, 0, -1, -1, -1, -1, -2, -1, -1, -1, -1, 0, 0, 0, 0, -1, -1, -1, -1, 0, 0, 0, 0, 0, 0, 0, 0, 0, 0, -1, -1, -1, -1, -1, -1, -1, -1, -1, -1, -1, -1, -1, -1, -1, 0, 0, 0]
[43, 23, -12, -12, 6, 16, 22, 35, 60, 15, 46, 42, 41, 37, 32, 32, 40, 63, 89, 112, 127, 133, 133, 133, 129, 123, 113, 102, 90, 79, 68, 59, 50, 42, 35, 29, 22, 17, 13, 9, 6, 4, 2, 1, 0, 0, 0, -1, -1, -1, -1, -1, -1, -1, -1, -1, 0, 0, 0, 0, 0, 0, -1, -1, -1, -1, -1, -1, -1, -2, -2, -2, -2, -2, -1, -1, -1, -1, -1, -1, -1, -1, -1, -2, -2, -2, -3, -2, -2, -2, -2, -2, -1, -1, -1, 0, 0, 0, 0, 0]
[49, 16, -17, -7, 12, 22, 34, 36, 36, 35, 33, 31, 30, 27, 23, 18, 12, 8, 4, 1, -1, -3, -4, -4, -5, -5, -5, -4, -3, -3, -2, -2, -1, -1, -1, -1, -1, -1, 0, 0, 0, 0, 0, 0, 0, 0, -1, -1, -1, 0, 0, 0, 0, 0, 0, 0, 0, 0, -1, -1, -2, -2, -2, -1, -2, -2, -2, -2, -2, -1, -1, -1, -1, -1, -1, -1, -1, -1, -1, 0, 0, 0, 0, 0, 0, 0, 0, 0, 0, 0, 0, 0, 0, 0, 0, 0, 0, 0, 0, 0]
[31, 1, -30, -13, 13, 33, 54, 81, 87, 63, 83, 80, 73, 64, 55, 56, 65, 81, 95, 103, 106, 111, 115, 116, 114, 108, 101, 94, 85, 71, 57, 46, 38, 32, 27, 23, 20, 18, 16, 12, 9, 7, 5, 4, 3, 2, 2, 1, 1, 1, 1, 1, 1, 1, 0, 0, -1, -1, -2, -2, -2, -2, -2, -2, -1, -1, -1, -1, 0, 0, 0, 0, 0, 0, 0, 0, 0, 0, 0, 0, 0, 0, 0, 0, -1, -1, -1, -1, -1, -1, -1, 0, 0, 0, 0, 0, 0, 0, 0, 0]
[28, -7, -32, -1, 26, 46, 68, 86, 109, 92, 86, 78, 68, 57, 48, 46, 50, 60, 72, 82, 90, 96, 99, 100, 100, 96, 90, 85, 80, 73, 66, 58, 50, 42, 36, 30, 26, 22, 19, 16, 13, 11, 9, 8, 8, 7, 6, 6, 5, 4, 4, 3, 3, 2, 1, 0, 0, 0, 0, 0, 0, 0, -1, -1, -2, -2, -1, -1, -1, -1, -1, -1, -1, 0, 0, 0, 0, 0, 0, 0, 0, 0, 0, 0, -1, -1, -1, -1, -2, -2, -2, -2, -2, -2, -1, -1, -1, -1, -1, -1]
[18, 0, 0, 0, 0, 0, 0, 0, 0, 0, 0, 0, 0, 0, 0, 0, 0, 0, 0, 0, 0, 0, 0, 0, 0, 0, 0, 0, 0, 0, 0, 0, 0, 0, 0, 0, 0, 0, 0, 0, 0, 0, 0, 0, 0, 0, 0, 0, 0, 0, 0, 0, 0, 0, 0, 0, 0, 0, 0, 0, 0, 0, 0, 0, 0, 0, 0, 0, 0, 0, 0, 0, 0, 0, 0, 0, 0, 0, 0, 0, 0, 0, 0, 0, 0, 0, 0, 0, 0, 0, 0, 0, 0, 0, 0, 0, 0, 0, 0, 0]
[-2, -29, -5, 27, 54, 81, 105, 118, 113, 110, 88, 69, 52, 40, 41, 50, 62, 76, 90, 104, 114, 122, 128, 129, 125, 118, 107, 93, 78, 64, 52, 41, 33, 26, 20, 16, 13, 11, 9, 8, 7, 6, 5, 4, 4, 3, 2, 1, 1, 0, 0, 0, -1, -1, -2, -2, -2, -2, -2, -2, -3, -2, -2, -2, -2, -2, -1, -1, -1, -1, -1, -1, 0, 0, 0, 0, 0, 0, 0, 0, 0, 0, 0, 0, -1, -1, -1, -1, -1, -1, -1, -1, -1, -1, 0, 0, 0, 0, 0, 0]
[3, -13, -47, -35, 5, 31, 61, 87, 72, 87, 83, 69, 53, 36, 33, 42, 57, 71, 84, 94, 101, 103, 105, 106, 105, 101, 93, 83, 74, 66, 58, 52, 47, 42, 38, 33, 29, 24, 19, 15, 11, 9, 7, 4, 2, 1, 0, 0, 0, 0, 0, -1, -1, -1, -1, -1, -1, -1, -1, -1, -1, -1, -1, -1, -1, -1, -1, 0, 0, 0, -1, -1, -1, -1, -1, -2, -2, -2, -1, -1, -1, -1, -1, -1, -1, -1, 0, 0, 0, 0, 0, 0, 0, 0, 0, -1, -1, -1, -1, -1]
[9, -27, -37, 0, 0, 0, 0, 0, 0, 0, 0, 0, 0, 0, 0, 0, 0, 0, 0, 0, 0, 0, 0, 0, 0, 0, 0, 0, 0, 0, 0, 0, 0, 0, 0, 0, 0, 0, 0, 0, 0, 0, 0, 0, 0, 0, 0, 0, 0, 0, 0, 0, 0, 0, 0, 0, 0, 0, 0, 0, 0, 0, 0, 0, 0, 0, 0, 0, 0, 0, 0, 0, 0, 0, 0, 0, 0, 0, 0, 0, 0, 0, 0, 0, 0, 0, 0, 0, 0, 0, 0, 0, 0, 0, 0, 0, 0, 0, 0, 0]
[0, 0, 3, 35, 63, 89, 112, 83, 102, 88, 73, 60, 44, 41, 48, 62, 79, 95, 112, 127, 134, 134, 130, 120, 107, 92, 78, 65, 53, 44, 37, 32, 27, 24, 21, 19, 17, 13, 10, 7, 6, 4, 3, 3, 2, 2, 2, 1, 0, 0, 0, 0, 0, -1, -1, -1, -1, -1, -1, -1, -1, -1, -1, -1, -1, -1, 0, 0, 0, 0, -1, -1, 0, 0, 0, 0, 0, 0, 0, 0, 0, 0, 0, 0, 0, 0, 0, 0, 0, 0, 0, 0, 0, -1, -1, 0, 0, 0, 0, 0]
[24, 0, -35, -20, 16, 35, 65, 91, 42, 70, 60, 47, 38, 28, 28, 40, 54, 68, 84, 97, 105, 108, 109, 107, 100, 90, 78, 68, 60, 51, 44, 37, 32, 28, 27, 25, 23, 22, 21, 19, 17, 16, 14, 13, 11, 9, 8, 6, 4, 3, 2, 0, 0, 0, -1, -2, -2, -2, -2, -2, -2, -2, -2, -2, -2, -2, -2, -2, -2, -2, -2, -2, -2, -1, -1, -1, -1, -1, 0, 0, 0, 0, 0, 0, 0, 0, 0, 0, 0, 0, 0, 0, 0, 0, 0, 0, 0, 0, 0, 0]
[27, 0, -35, -18, 16, 32, 58, 85, 66, 87, 68, 62, 48, 32, 25, 34, 52, 70, 89, 102, 111, 119, 123, 122, 116, 106, 95, 84, 75, 66, 57, 49, 42, 36, 30, 26, 21, 18, 15, 12, 10, 8, 6, 5, 3, 1, 0, 0, -1, -2, -2, -2, -2, -2, -2, -3, -3, -3, -2, -2, -2, -2, -2, -2, -1, -1, -1, -1, -1, -1, -1, -1, 0, -1, -1, -1, 0, 0, 0, 0, 0, 0, 0, 0, 0, -1, -1, 0, 0, 0, 0, 0, 0, 0, 0, 0, 0, 0, 0, 0]
[26, 0, 0, 0, 0, 0, 0, 0, 0, 0, 0, 0, 0, 0, 0, 0, 0, 0, 0, 0, 0, 0, 0, 0, 0, 0, 0, 0, 0, 0, 0, 0, 0, 0, 0, 0, 0, 0, 0, 0, 0, 0, 0, 0, 0, 0, 0, 0, 0, 0, 0, 0, 0, 0, 0, 0, 0, 0, 0, 0, 0, 0, 0, 0, 0, 0, 0, 0, 0, 0, 0, 0, 0, 0, 0, 0, 0, 0, 0, 0, 0, 0, 0, 0, 0, 0, 0, 0, 0, 0, 0, 0, 0, 0, 0, 0, 0, 0, 0, 0]
[25, 13, 11, 20, 34, 52, 69, 85, 99, 112, 118, 110, 98, 87, 78, 72, 66, 58, 50, 44, 15, 13, 10, 8, 7, 5, 4, 3, 2, 1, 1, 0, 0, 0, 0, 0, 0, 0, 0, 0, 0, 0, 0, -1, -1, -1, -1, -1, -1, -1, -1, -1, -1, -1, -1, -1, -1, 0, 0, 0, -1, -1, -1, -1, -1, -1, -1, -1, -1, -1, -1, -1, -1, 0, 0, 0, -1, -1, -1, -1, -1, -1, -1, -1, -1, -1, -1, -1, 0, 0, 0, 0, 0, 0, 0, 0, 0, 0, 0, 0]
[27, 5, -15, -6, 13, 27, 47, 75, 62, 71, 69, 65, 63, 55, 43, 39, 41, 53, 64, 70, 76, 83, 86, 88, 88, 84, 79, 75, 70, 65, 60, 54, 48, 42, 36, 30, 25, 21, 16, 13, 11, 9, 8, 7, 8, 7, 6, 5, 4, 3, 3, 3, 2, 2, 1, 0, 0, 0, -1, -2, -2, -2, -3, -3, -2, -2, -2, -2, -1, -1, -1, -1, -1, -1, -1, -1, -1, -1, -1, -1, -2, -2, -2, -2, -2, -3, -3, -3, -3, -2, -2, -2, -2, -2, -2, -2, -2, -2, -1, -1]
[7, -12, -47, -41, -4, 18, 48, 76, 29, 60, 56, 45, 39, 30, 28, 35, 46, 58, 72, 87, 98, 104, 106, 108, 107, 103, 97, 90, 82, 74, 65, 56, 46, 38, 30, 24, 18, 14, 10, 7, 5, 4, 3, 2, 1, 1, 1, 1, 1, 1, 1, 0, 0, 0, 0, 0, 0, 0, 0, 0, 0, -1, -1, -1, -2, -2, -2, -2, -2, -2, -1, -2, -2, -2, 0, 0, 0, -1, -1, -1, -1, -1, -1, -1, -1, -1, -1, -1, -1, -1, -1, 0, 0, -1, -1, -1, -1, -1, -1, -1]
[-1, 4, 0, 0, 0, 0, 0, 0, 0, 0, 0, 0, 0, 0, 0, 0, 0, 0, 0, 0, 0, 0, 0, 0, 0, 0, 0, 0, 0, 0, 0, 0, 0, 0, 0, 0, 0, 0, 0, 0, 0, 0, 0, 0, 0, 0, 0, 0, 0, 0, 0, 0, 0, 0, 0, 0, 0, 0, 0, 0, 0, 0, 0, 0, 0, 0, 0, 0, 0, 0, 0, 0, 0, 0, 0, 0, 0, 0, 0, 0, 0, 0, 0, 0, 0, 0, 0, 0, 0, 0, 0, 0, 0, 0, 0, 0, 0, 0, 0, 0]
[0, 10, 16, 21, 23, 23, 21, 18, 16, 14, 12, 11, 9, 8, 7, 7, 6, 5, 4, 3, 2, 2, 1, 0, 0, 0, 0, 0, 0, 0, 0, 0, 0, 0, 0, 0, 0, -1, -2, -3, -4, -6, -7, -8, -9, -10, -10, -9, -9, -9, -10, -10, -10, -9, -8, -7, -6, -5, -4, -4, -3, -3, -3, -3, -3, -2, -1, 0, 0, 0, 1, 1, 2, 2, 2, 2, 2, 2, 1, 1, 1, 0, 0, 0, 0, 0, 0, 0, 0, 0, 0, 0, 0, 0, 0, 0, 0, 0, 0, 0]
[-19, -19, 0, 0, 0, 0, 0, 0, 0, 0, 0, 0, 0, 0, 0, 0, 0, 0, 0, 0, 0, 0, 0, 0, 0, 0, 0, 0, 0, 0, 0, 0, 0, 0, 0, 0, 0, 0, 0, 0, 0, 0, 0, 0, 0, 0, 0, 0, 0, 0, 0, 0, 0, 0, 0, 0, 0, 0, 0, 0, 0, 0, 0, 0, 0, 0, 0, 0, 0, 0, 0, 0, 0, 0, 0, 0, 0, 0, 0, 0, 0, 0, 0, 0, 0, 0, 0, 0, 0, 0, 0, 0, 0, 0, 0, 0, 0, 0, 0, 0]
[0, -17, -14, -9, -3, 4, 11, 17, 22, 25, 28, 30, 30, 29, 6, -2, -12, -21, -31, -39, -46, -52, -54, 0, 0, 0, 0, 0, 0, 0, 0, 0, 0, 0, 0, 0, 0, 0, 0, 0, 0, 0, 0, 0, 0, 0, 0, 0, 0, 0, 0, 0, 0, 0, 0, 0, 0, 0, 0, 0, 0, 0, 0, 0, 0, 0, 0, 0, 0, 0, 0, 0, 0, 0, 0, 0, 0, 0, 0, 0, 0, 0, 0, 0, 0, 0, 0, 0, 0, 0, 0, 0, 0, 0, 0, 0, 0, 0, 0, 0]
[-12, -9, -8, -6, -6, -5, -5, -5, -5, -5, -4, -4, -4, -2, -2, -1, -39, -33, -27, -19, 35, 39, 41, 41, 40, 21, 0, 0, 0, 0, 0, 0, 0, 0, 0, 0, 0, 0, 0, 0, 0, 0, 0, 0, 0, 0, 0, 0, 0, 0, 0, 0, 0, 0, 0, 0, 0, 0, 0, 0, 0, 0, 0, 0, 0, 0, 0, 0, 0, 0, 0, 0, 0, 0, 0, 0, 0, 0, 0, 0, 0, 0, 0, 0, 0, 0, 0, 0, 0, 0, 0, 0, 0, 0, 0, 0, 0, 0, 0, 0]
[-44, 0, 0, 0, 0, 0, 0, 0, 0, 0, 0, 0, 0, 0, 0, 0, 0, 0, 0, 0, 0, 0, 0, 0, 0, 0, 0, 0, 0, 0, 0, 0, 0, 0, 0, 0, 0, 0, 0, 0, 0, 0, 0, 0, 0, 0, 0, 0, 0, 0, 0, 0, 0, 0, 0, 0, 0, 0, 0, 0, 0, 0, 0, 0, 0, 0, 0, 0, 0, 0, 0, 0, 0, 0, 0, 0, 0, 0, 0, 0, 0, 0, 0, 0, 0, 0, 0, 0, 0, 0, 0, 0, 0, 0, 0, 0, 0, 0, 0, 0]
[-41, -37, -30, -21, -10, 2, 15, 28, 39, 47, 53, 55, 56, 55, 51, 45, 37, 26, 12, -1, -15, -27, -38, -44, -45, -43, -37, -28, -21, -18, -16, -13, -10, -8, -6, -4, -3, -2, -2, -2, -2, -2, -2, -1, -1, -1, -1, 0, 0, 0, 0, 0, 0, 0, 0, 0, 0, 0, 0, 0, 0, 0, 0, 0, 0, 0, 0, 0, 0, 0, 0, 0, 0, 0, 0, 0, 0, 0, 0, 0, 0, 0, 0, 0, 0, 0, 0, 0, 0, 0, 0, 0, 0, 0, 0, 0, 0, 0, 0, 0]
[-21, -25, -28, -30, -29, -26, -21, -12, -3, 5, 13, 19, 24, 29, 33, 37, 42, 46, 49, 51, 50, 47, 41, 32, 21, 9, -2, -14, -24, -32, -38, -43, -46, -49, -53, -55, -56, -54, -52, -47, -40, -32, -24, -15, -6, 2, 11, 20, 27, 32, 37, 40, 42, 42, 42, 41, 38, 35, 32, 29, 25, 20, 14, 7, 0, -6, -13, -19, -25, -29, -34, -38, -41, -44, -46, -46, -44, -40, -36, -31, -25, -18, -10, -2, 6, 16, 25, 33, 40, 44, 45, 43, 40, 38, 36, 33, 29, 24, 19, 13]
[4, -1, -7, -11, -15, -18, -20, -21, -22, -22, -21, -19, -17, -14, -12, -10, -8, -6, -5, -4, -3, -2, -2, -2, -2, -3, -3, -3, -3, -2, -2, -2, -2, -1, 0, 1, 1, 1, 0, 0, 0, 0, 0, 0, 0, 0, 0, 0, 0, 0, 0, 0, 0, 0, 0, -1, -1, -1, -1, -1, -1, -1, -1, -1, -1, 0, 0, 0, 0, 0, 0, 0, 0, 0, 0, 0, 0, 0, 0, 0, 0, -1, -1, -1, -1, -1, -1, -1, -1, -1, -1, -1, -1, -1, -1, -1, -1, -1, -1, -1]
[-12, -16, 0, 0, 0, 0, 0, 0, 0, 0, 0, 0, 0, 0, 0, 0, 0, 0, 0, 0, 0, 0, 0, 0, 0, 0, 0, 0, 0, 0, 0, 0, 0, 0, 0, 0, 0, 0, 0, 0, 0, 0, 0, 0, 0, 0, 0, 0, 0, 0, 0, 0, 0, 0, 0, 0, 0, 0, 0, 0, 0, 0, 0, 0, 0, 0, 0, 0, 0, 0, 0, 0, 0, 0, 0, 0, 0, 0, 0, 0, 0, 0, 0, 0, 0, 0, 0, 0, 0, 0, 0, 0, 0, 0, 0, 0, 0, 0, 0, 0]
[0, -21, -31, -18, -8, -1, 1, 2, 3, 4, 4, 4, 5, 5, 4, 4, 3, 3, 2, 2, 1, 0, 0, -1, -2, -3, -3, -3, -2, -2, -1, -1, -1, -1, -1, 0, 0, 0, 0, 0, 0, 0, 0, -1, -1, -2, -2, -2, -2, -1, -1, -1, -1, -1, 0, 0, 0, 0, 0, 0, 0, -1, -2, -3, -4, -4, -4, -4, -3, -2, -1, 0, 0, 1, 1, 1, 2, 2, 2, 2, 2, 1, 1, 1, 1, 1, 1, 1, 0, 0, 0, 0, 0, 0, 0, 0, 0, 0, 0, 0]
[-4, -10, -19, -28, -36, -43, -48, -48, -47, -46, -44, -40, -33, -24, -14, -3, 8, 21, 34, 44, 50, 51, 49, 45, 40, 36, 31, 26, 21, 17, 13, 10, 8, 6, 5, 4, 3, 2, 2, 1, 1, 1, 1, 1, 1, 1, 1, 1, 1, 0, 0, 0, 0, 0, 0, 0, 0, -1, -1, -1, -1, -1, -1, -1, -1, -1, -1, -1, -1, -1, -1, -1, -1, 0, 0, -1, -1, -1, 0, 0, 0, 0, 0, -1, -1, 0, 0, 0, 0, 0, 0, 0, 0, 0, 0, 0, 0, 0, -2, -4]
[-47, -24, -6, 6, 16, 22, 25, 26, 27, 26, 24, 20, 17, 13, 11, 8, 5, 3, 2, 0, 0, 0, 0, 0, 0, 1, 1, 1, 1, 1, 1, 1, 1, 0, 0, 0, 0, 0, 0, 0, -1, -1, -2, -2, -2, -2, -2, -2, -2, -2, -2, -2, -2, -2, -2, -1, -1, 0, 0, 0, 0, 0, 0, 0, 0, 0, 0, 0, -1, -1, -1, -1, -1, -1, -1, -1, -1, -1, -1, -1, -1, -1, -1, -1, -1, -1, -1, -2, -2, -2, -2, 0, 0, 0, 0, 0, 0, 0, 0, 0]
[0, 3, 10, 17, 24, 29, 30, 28, 25, 20, 15, 10, 3, -4, -11, -18, -24, -29, -35, -41, -46, -50, -53, -55, -54, -55, -55, -53, -49, -44, -37, -30, -23, -16, -9, -4, 0, 4, 7, 9, 10, 11, 11, 10, 10, 9, 8, 7, 6, 4, 4, 3, 3, 3, 4, 4, 5, 5, 5, 5, 5, 5, 4, 3, 3, 2, 1, 1, 0, 0, 0, 0, 0, -1, -1, -1, 0, 0, 0, 0, 0, 0, 0, 0, 0, 0, 0, 0, 0, 0, 0, 0, 0, 0, -1, -1, 0, 0, 0, 0]
[-8, -20, 0, 0, 0, 0, 0, 0, 0, 0, 0, 0, 0, 0, 0, 0, 0, 0, 0, 0, 0, 0, 0, 0, 0, 0, 0, 0, 0, 0, 0, 0, 0, 0, 0, 0, 0, 0, 0, 0, 0, 0, 0, 0, 0, 0, 0, 0, 0, 0, 0, 0, 0, 0, 0, 0, 0, 0, 0, 0, 0, 0, 0, 0, 0, 0, 0, 0, 0, 0, 0, 0, 0, 0, 0, 0, 0, 0, 0, 0, 0, 0, 0, 0, 0, 0, 0, 0, 0, 0, 0, 0, 0, 0, 0, 0, 0, 0, 0, 0]
[0, -31, -42, -51, -59, -64, -67, -69, -68, -66, -62, -59, -57, -53, -48, -43, -37, -31, -25, -20, -15, -10, -5, -1, 1, 4, 6, 7, 8, 8, 8, 7, 6, 5, 4, 3, 3, 2, 2, 1, 1, 1, 1, 0, 0, 0, 0, 0, 0, -1, -1, -1, -1, -1, -1, -1, -1, -1, 0, 0, 0, 0, 0, 0, 0, 0, 0, 0, 0, 0, 0, 0, 0, 0, 0, 0, 0, 0, -1, -1, -1, -1, -1, -1, -1, -1, -1, 0, 0, 0, 0, 0, 0, 0, 0, 0, 0, 0, 0, 0]
[12, 29, 46, 57, 64, 62, 56, 49, 39, 26, 11, -5, -19, -32, -46, -59, -68, -72, -70, -63, -55, -48, -42, -36, -30, -26, -22, -18, -14, -11, -9, -7, -6, -5, -4, -4, -3, -3, -3, -3, -2, -2, -2, -2, -2, -2, -2, -2, -2, -2, -2, -2, -2, -2, -1, -1, -1, -1, 0, 0, 0, 0, 0, 0, 0, 0, 0, 0, 0, 0, 0, 0, 0, 0, 0, 0, 0, 0, 0, 0, 0, -1, -1, 0, 0, 0, -1, -2, -1, -1, -1, -2, -2, -1, -1, -1, -1, -1, -1, -1]
[10, 21, 38, 52, 60, 59, 50, 36, 21, 5, -7, -19, -29, -38, -45, -50, -52, -53, -52, -49, -46, -41, -37, -32, -27, -22, -18, -14, -11, -8, -5, -3, -2, -1, -1, 0, 0, 0, 0, 0, 0, 0, 0, 0, 0, 0, 0, 0, 0, 0, 0, 0, 0, 0, 0, 0, 0, 0, 0, 0, 0, 0, 0, 0, 0, 0, 0, 0, 0, 0, 0, -1, -1, -1, -1, -1, -1, 0, 0, 0, 0, 1, 1, 1, 1, 1, 0, 0, 0, 0, 0, 0, 0, 0, 0, 0, -1, -1, -1, -1]
[12, 24, 38, 52, 62, 64, 58, 49, 40, 30, 16, 2, -10, -23, -34, -44, -52, -56, -57, -57, -55, -51, -47, -41, -36, -31, -26, -22, -18, -15, -12, -9, -8, -6, -5, -4, -3, -3, -2, -2, -1, -1, -1, -1, 0, 0, 0, 0, 0, 0, 0, 0, 0, 0, 0, 0, 0, 0, 0, -1, 0, 0, 0, 0, 0, 0, 0, 0, 0, 0, 0, 0, 0, 0, 0, -1, 0, 0, 0, 0, 0, -1, -1, -1, -1, -1, -1, -1, 0, 0, 0, 0, 0, 0, -1, -1, 0, 0, 0, 0]
[31, 50, 65, 75, 77, 71, 60, 47, 31, 15, -1, -17, -32, -45, -55, -61, -64, -63, -59, -54, -48, -41, -35, -30, -24, -20, -16, -7, -6, -5, -4, -3, -3, -3, -2, -2, -2, -2, -2, -2, -2, -1, -1, -1, -1, -1, 0, 0, 0, 0, 0, 0, 0, 0, 0, 0, 0, 0, 0, 0, 0, -1, -1, -1, -1, -1, -1, -1, 0, 0, 0, 0, 0, 0, 0, 0, 0, -1, -1, -1, 0, 0, 0, 0, 0, 0, 0, 0, 0, 0, 0, 0, -1, -1, -1, 0, 0, 0, 0, 0]
[18, 32, 48, 61, 68, 69, 62, 49, 33, 15, -3, -20, -36, -49, -58, -63, -64, -61, -57, -52, -47, -42, -36, -30, -25, -21, -17, -14, -11, -8, -6, -4, -2, -1, 0, 0, 0, 0, 0, 0, 0, 0, 0, 0, 0, 0, 0, 0, 0, 0, 0, 0, 0, 0, 0, 0, 0, 0, 0, 0, 0, 0, 0, 0, 0, 0, 0, 0, 0, 0, -1, -1, -1, -1, -1, -1, -1, -1, -1, -1, -1, -1, -1, -1, -1, -1, 0, 0, 0, -1, -1, -1, -1, -1, -1, -1, -1, -1, 0, 0]
[27, 47, 63, 73, 75, 67, 50, 27, 2, -19, -42, -61, -73, -79, -80, -75, -65, -55, -46, -39, -33, -29, -25, -21, -17, -14, -11, -9, -8, -6, -5, -5, -4, -3, -3, -2, -2, -2, -2, -2, -2, -1, -1, -1, -1, -1, -1, -1, -1, -1, -1, -1, -1, -1, -1, -1, -1, -1, -1, -1, -1, 0, 0, 0, 0, 0, 0, 0, 0, 0, -1, -1, -1, -1, -1, -1, -1, -1, -1, -1, -1, -1, -2, -2, -2, -2, -1, -1, -1, -1, -1, -1, -1, -1, -1, -1, -1, -1, -1, -1]
[34, 0, 0, 0, 0, 0, 0, 0, 0, 0, 0, 0, 0, 0, 0, 0, 0, 0, 0, 0, 0, 0, 0, 0, 0, 0, 0, 0, 0, 0, 0, 0, 0, 0, 0, 0, 0, 0, 0, 0, 0, 0, 0, 0, 0, 0, 0, 0, 0, 0, 0, 0, 0, 0, 0, 0, 0, 0, 0, 0, 0, 0, 0, 0, 0, 0, 0, 0, 0, 0, 0, 0, 0, 0, 0, 0, 0, 0, 0, 0, 0, 0, 0, 0, 0, 0, 0, 0, 0, 0, 0, 0, 0, 0, 0, 0, 0, 0, 0, 0]
[54, 40, 33, 27, 23, 20, 17, 14, 13, 11, 10, 8, 7, 6, 5, 5, 4, 3, 3, 2, 1, 1, 1, 0, 0, 0, 0, 0, 0, 0, -1, -1, -1, -1, -1, -1, -1, -1, -1, -1, 0, 0, 0, 0, 0, 0, 0, 0, 0, 0, 0, 0, 0, 0, 0, 0, 0, 0, 0, 0, 0, 0, 0, 0, 0, 0, 0, 0, 0, 0, 0, 0, 0, 0, 0, 0, 0, 0, 0, -1, -1, -1, 0, 0, 0, 0, 0, -1, -1, -1, -1, 0, 0, 0, 0, 0, 0, 0, 0, 0]
[17, 36, 56, 73, 83, 84, 75, 59, 38, 16, -4, -23, -39, -53, -62, -66, -65, -61, -55, -30, -25, -22, -18, -16, -13, -12, -10, -9, -8, -7, -6, -5, -4, -4, -3, -3, -3, -2, -2, -2, -2, -2, -1, -1, -1, -1, -1, -1, -1, -1, -1, -1, -1, -1, -1, -1, -1, -1, -1, -1, -1, -1, -1, -1, -1, -1, -1, 0, 0, 0, 0, 0, 0, 0, 0, 0, 0, 0, 0, 0, 0, 0, -1, 0, 0, 0, 0, 0, 0, 0, 0, 0, 0, 0, 0, 0, 0, 0, 0, 0]
[4, 18, 34, 48, 56, 59, 55, 45, 32, 17, 3, -10, -24, -37, -48, -55, -58, -58, -55, -51, -46, -40, -34, -28, -22, -17, -13, -9, -6, -4, -2, -1, 0, 0, 0, 0, 0, 0, 0, 0, 0, 0, 0, 1, 1, 1, 2, 2, 1, 1, 1, 0, 0, -1, -1, -2, -2, -2, -2, -2, -1, -1, -1, -1, 0, 0, 0, -1, -1, -1, -1, -1, -1, -1, -1, -1, -1, -2, -2, -3, -3, -3, -3, -3, -3, -3, -3, -2, -2, -2, -2, -3, -2, -2, -2, -2, -2, -1, -1, -1]
[31, 45, 57, 65, 68, 66, 59, 46, 29, 11, -7, -23, -38, -50, -58, -61, -61, -59, -55, -50, -44, -39, -33, -27, -23, -19, -16, -13, -11, -9, -7, -6, -5, -4, -3, -3, -2, -2, -1, -1, -1, -1, 0, 0, 0, 0, 0, 0, 0, 0, 0, 0, 0, 0, 0, 0, 0, 0, 0, 0, 0, 0, 0, 0, 0, 0, 0, 0, 0, 0, 0, 0, 0, 0, 0, 0, 0, 0, 0, 0, 0, 0, 0, 0, 0, 0, 0, 0, 0, 0, 0, 0, 0, 0, 0, 0, 0, 0, 0, 0]
[17, 0, 0, 0, 0, 0, 0, 0, 0, 0, 0, 0, 0, 0, 0, 0, 0, 0, 0, 0, 0, 0, 0, 0, 0, 0, 0, 0, 0, 0, 0, 0, 0, 0, 0, 0, 0, 0, 0, 0, 0, 0, 0, 0, 0, 0, 0, 0, 0, 0, 0, 0, 0, 0, 0, 0, 0, 0, 0, 0, 0, 0, 0, 0, 0, 0, 0, 0, 0, 0, 0, 0, 0, 0, 0, 0, 0, 0, 0, 0, 0, 0, 0, 0, 0, 0, 0, 0, 0, 0, 0, 0, 0, 0, 0, 0, 0, 0, 0, 0]
[38, 56, 68, 38, 32, 28, 26, 24, 22, 21, 19, 18, 16, 14, 12, 10, 8, 7, 6, 4, 4, 3, 2, 2, 2, 1, 1, 1, 0, 0, 0, 0, 0, 0, 0, 0, 0, 0, 0, 0, 0, 0, 0, 0, 0, 0, 0, 0, 0, 0, 0, 0, 0, 0, 0, 0, 0, 0, 0, 0, 0, 0, 0, 0, 0, 0, 0, 0, 0, 0, 0, 0, 0, 0, -1, -1, -1, -1, -1, 0, 0, 0, 0, 0, 0, 0, 0, 0, 0, 0, 0, 0, 0, 0, 0, 0, 0, 0, 0, 0]
[20, 29, 37, 42, 44, 43, 36, 24, 10, -4, -18, -29, -36, -40, -41, -39, -36, -33, -30, -26, -22, -18, -15, -12, -9, -8, -6, -5, -4, -4, -3, -3, -3, -2, -2, -1, -1, -1, -1, -1, 0, 0, 0, 0, 0, 0, 0, -1, -1, -1, 0, 0, 0, 0, 0, 0, 0, 0, 0, 0, 0, 0, 0, 0, -1, -1, -1, -1, -1, 0, 0, 0, -1, -1, -1, -1, -1, -1, -1, 0, 0, 0, 0, 0, 0, 0, 0, 0, 0, 0, 0, 0, -1, -1, -1, -1, -1, -1, -1, -1]
[4, 16, 27, 33, 36, 38, 34, 26, 16, 4, -8, -19, -27, -32, -34, -33, -31, -28, -25, -22, -18, -14, -11, -8, -6, -4, -3, -2, -1, -1, 0, 0, 0, 0, 0, 0, 0, 0, 0, 0, 0, -1, -1, -1, 0, 0, 0, 0, 0, 0, 0, 0, 0, 0, 0, 0, 0, 0, 0, 0, 0, 0, 0, 0, 0, 0, 0, 0, 0, 0, 0, 0, 0, 0, 0, 0, 0, 0, 0, 0, -1, -1, -1, -1, -1, -1, -1, -1, -1, -1, 0, -1, -1, -1, -1, -1, -1, 0, 0, -1]
[6, 17, 29, 38, 44, 46, 45, 42, 36, 30, 19, 6, -7, -20, -32, -42, -50, -56, -58, -57, -55, -51, -46, -42, -36, -31, -26, -22, -17, -13, -10, -7, -5, -4, -3, -2, -2, -1, -1, -1, -1, -1, 0, 0, 0, 0, 0, 0, 0, 0, 0, 0, 0, 0, 0, 0, 0, 0, 0, 0, 0, -1, -1, -1, -1, -1, -1, -1, -1, -1, -1, 0, 0, 0, 0, 0, 0, 0, 0, 0, -1, -1, -1, -1, -1, -1, -1, -1, -1, -1, -1, -1, -1, -1, -1, -1, 0, 0, 0, 0]
[15, 32, 48, 60, 66, 66, 58, 42, 20, -1, -21, -40, -55, -63, -62, -58, -52, -45, -39, -34, -30, -25, -21, -16, -13, -10, -8, -6, -4, -3, -3, -2, -2, -2, -2, -2, -2, -2, -2, -2, -1, -1, -1, -1, -1, -1, -1, -1, -1, -1, -1, -1, 0, 0, 0, 0, 0, 0, 0, 0, 0, 0, 0, 0, 0, 0, 0, 0, -1, -1, -1, 0, 0, 0, 0, 0, -1, -1, -1, -1, -1, -1, -1, 0, 0, 0, 0, 0, 0, 0, 0, 0, 0, 0, 0, 0, 0, 0, 0, 0]
[15, 32, 48, 61, 67, 65, 55, 38, 18, -1, -21, -39, -54, -63, -64, -60, -55, -49, -43, -38, -32, -26, -21, -17, -13, -10, -8, -6, -5, -5, -4, -3, -3, -2, -1, 0, 0, 0, 0, 1, 1, 1, 1, 1, 1, 0, 0, 0, 0, 0, 0, 0, -1, -1, -1, -1, 0, 0, 0, -1, -1, -1, -1, -1, -1, -1, -1, -1, -1, -1, -2, -3, -2, -1, -1, -1, -2, -2, -2, -2, -1, -1, -1, -1, -1, -1, -1, 0, 0, 0, 0, 0, 0, -1, -1, -1, 0, 0, 0, 0]
[24, 54, 46, 38, 31, 27, 23, 21, 19, 17, 15, 13, 11, 9, 8, 7, 6, 6, 5, 3, 2, 3, 4, 2, 1, 0, 0, 0, 0, 0, 0, 0, 0, 0, 0, 0, 0, 0, 0, 0, 0, 0, -1, -1, -1, -1, -1, 0, -1, -1, -1, -1, -1, -1, -1, -1, -1, -1, -1, -1, -1, -1, -1, 0, 0, 0, 0, 0, 0, 0, 0, 0, 0, 0, 0, 0, 0, 0, 0, 0, 0, 0, 0, 0, 0, 0, 0, 0, 0, 0, 0, 0, 0, 0, 0, 0, 0, 0, 0, 0]
[27, 37, 42, 43, 44, 39, 26, 7, -13, -33, -49, -55, -52, -47, -43, -41, -39, -37, -33, -31, -30, -29, -28, -26, -23, -20, -16, -12, -9, -7, -5, -3, -2, -1, -1, -1, -1, -1, 0, 0, 0, 0, 0, 0, 0, 0, 0, -1, -1, -1, -1, -1, -1, -1, -1, 0, 0, 0, 0, 0, 0, 0, 0, 0, 0, 0, 0, 0, 0, -1, -1, -1, -1, -1, 0, 0, 0, 0, 0, 0, -1, -1, -1, -1, -1, -1, -1, -1, -1, -1, 0, 0, 0, -1, -1, -1, -1, -1, -1, -1]
[31, 48, 61, 68, 68, 63, 54, 39, 20, 0, -19, -38, -55, -65, -69, -71, -71, -69, -64, -56, -48, -41, -34, -27, -21, -15, -11, -8, -6, -4, -3, -2, -1, -1, -1, -1, -1, -1, -1, -1, 0, -1, -1, -1, -1, -1, -1, -1, -1, -1, -1, 0, 0, 0, 0, 0, 0, 0, 0, 0, 0, 0, 0, 0, 0, 0, -1, -1, -1, -1, -1, -1, -1, 0, 0, 0, 0, 0, 0, 0, 0, 0, 0, 0, 0, 0, 0, 0, 0, 0, -1, -1, -1, -1, -1, -1, 0, 0, 0, 0]
[9, 28, 45, 55, 57, 53, 42, 24, 2, -21, -44, -56, -59, -56, -52, -46, -41, -37, -33, -29, -25, -21, -17, -14, -11, -9, -7, -5, -4, -3, -3, -3, -2, -2, -2, -2, -2, -2, -1, -1, 0, 0, 0, 0, 1, 1, 1, 0, 0, 0, 0, 0, 0, 0, 0, 0, 0, -1, -1, -1, -2, -2, -2, -3, -1, -1, -2, -2, -2, -2, -2, -1, -1, -1, 0, 0, 0, 0, 0, 0, 0, 0, 0, 0, 0, 0, 0, -1, -1, -1, -1, -1, -1, -1, -2, -2, 0, 0, 0, 0]
[21, 37, 49, 58, 59, 51, 35, 17, 1, -15, -32, -43, -45, -42, -39, -36, -32, -29, -26, -24, -21, -18, -15, -12, -9, -7, -6, -4, -3, -2, -1, -1, -1, 0, 0, 0, 0, 0, 0, 0, 0, 0, 0, 0, 0, 0, 0, 0, 0, 0, 0, 0, 0, 0, 0, 0, 0, 0, 0, 0, 0, 0, 0, 0, 0, 0, 0, 0, 0, 0, 0, 0, 0, 0, 0, 0, 0, 0, 0, 0, 0, -1, -1, -1, -1, -1, -1, -2, -2, -2, -2, -1, -1, -1, -1, -1, -1, -1, -1, -1]
[20, 37, 48, 52, 49, 39, 27, -25, -21, -18, -15, -12, -10, -9, -7, -6, -5, -4, -3, -3, -2, -2, -1, -1, -1, -1, -1, -1, -1, -1, -1, -1, -1, 0, 0, 0, 0, 0, 0, 0, 0, 0, 0, 0, 0, 0, 0, 0, 0, 0, 0, 0, 0, 0, 0, 0, 0, 0, 0, 0, 0, 0, 0, 0, -1, -1, -1, -1, -1, -1, -1, -1, -1, -1, -1, -1, -1, -1, -2, -2, -2, -1, -1, -1, -1, 0, 0, 0, 0, 0, 0, 0, 0, 0, 0, 0, 0, 0, 0, 0]
[15, 30, 41, 44, 40, 33, 26, 17, 7, -4, -18, -33, -41, -43, -38, -20, -17, -15, -13, -11, -9, -8, -7, -6, -5, -4, -3, -3, -3, -3, -2, -2, -2, -1, -1, -1, -2, -1, -1, -1, -1, 0, 0, 0, 0, 0, 0, 0, 0, 0, 1, 1, 1, 1, 0, 0, 0, 0, 0, 0, -1, -1, -1, -1, -1, -1, -1, -1, -1, -1, -1, -1, -1, -1, -1, -1, -1, -1, -1, -1, -1, -1, -1, -1, -1, -1, -1, -2, -2, -2, -2, -3, 0, 0, 0, 0, 0, 0, 0, 0]
[18, 31, 40, 44, 42, 36, 27, 17, 1, -18, -32, -36, -30, -24, -21, -20, -18, -15, -12, -11, -9, -7, -6, -5, -4, -3, -3, -2, -2, -1, -1, -1, -1, -1, 0, 0, 0, 0, 0, 0, 0, 0, -1, -1, -2, -2, -1, -1, -1, -1, -2, -2, -2, -2, -2, -1, -1, -1, -1, -1, -1, -1, -1, -1, 0, 0, 0, 0, 0, 0, 0, 0, 0, 0, 0, 0, 0, 0, 0, 0, 0, 0, 0, 0, 0, 0, 0, 0, 0, 0, 0, 0, 0, 0, 0, 0, 0, 0, 0, 0]
[13, 0, 0, 0, 0, 0, 0, 0, 0, 0, 0, 0, 0, 0, 0, 0, 0, 0, 0, 0, 0, 0, 0, 0, 0, 0, 0, 0, 0, 0, 0, 0, 0, 0, 0, 0, 0, 0, 0, 0, 0, 0, 0, 0, 0, 0, 0, 0, 0, 0, 0, 0, 0, 0, 0, 0, 0, 0, 0, 0, 0, 0, 0, 0, 0, 0, 0, 0, 0, 0, 0, 0, 0, 0, 0, 0, 0, 0, 0, 0, 0, 0, 0, 0, 0, 0, 0, 0, 0, 0, 0, 0, 0, 0, 0, 0, 0, 0, 0, 0]
[31, 47, 58, 61, 54, 40, 22, 6, -13, -44, -38, -32, -28, -24, -21, -18, -16, -14, -12, -11, -9, -8, -7, -6, -5, -5, -5, -4, -3, -3, -3, -3, -3, -2, -2, -2, -2, -2, -1, -1, 0, 0, 0, 1, 1, 1, 1, 1, 1, 0, 0, 0, 0, 0, 0, 0, 0, 0, -1, -1, -1, -2, -2, -2, -2, -3, -3, -3, -3, -2, -2, -2, -2, -2, -1, -1, -1, -1, -1, -1, -1, -1, -1, -1, -1, -1, 0, 0, -1, -1, -1, 0, 0, 0, 0, 0, 0, 0, 0, 0]
[-1, 7, 11, 13, 17, 20, 20, 14, 4, -9, -24, -36, -40, -39, -35, -31, -27, -23, -19, -15, -12, -9, -6, -5, -4, -4, -3, -3, -2, -2, -1, -1, -1, -1, 0, 0, 0, -1, -1, 0, 0, 0, 0, 0, 0, 0, 0, 0, 0, 0, 0, 0, 0, 0, 0, 0, 0, 0, 0, -1, -1, -1, 0, 0, 0, 0, 0, 0, 0, 0, 0, 0, 0, 0, 0, 0, 0, 0, 0, 0, 0, 0, 0, 0, 0, 0, 0, 0, 0, 0, 0, 0, 0, 0, 0, 0, 0, 0, 0, 0]
[22, 35, 46, 0, 0, 0, 0, 0, 0, 0, 0, 0, 0, 0, 0, 0, 0, 0, 0, 0, 0, 0, 0, 0, 0, 0, 0, 0, 0, 0, 0, 0, 0, 0, 0, 0, 0, 0, 0, 0, 0, 0, 0, 0, 0, 0, 0, 0, 0, 0, 0, 0, 0, 0, 0, 0, 0, 0, 0, 0, 0, 0, 0, 0, 0, 0, 0, 0, 0, 0, 0, 0, 0, 0, 0, 0, 0, 0, 0, 0, 0, 0, 0, 0, 0, 0, 0, 0, 0, 0, 0, 0, 0, 0, 0, 0, 0, 0, 0, 0]
[0, 0, 53, 53, 45, 31, 13, -7, -28, -46, -54, -55, -51, -44, -39, -34, -29, -24, -21, -17, -14, -10, -7, -5, -4, -3, -3, -2, -2, -2, -2, -1, -1, -1, -1, 0, 0, 0, 0, 0, 0, 0, 0, -1, -1, -1, -1, -1, -1, -1, -1, -1, 0, 0, 0, 0, 0, -1, -1, -1, 0, 0, 0, 0, 0, -1, -1, -1, -1, -1, -1, -1, -1, -1, -1, -1, -1, -1, 0, 0, 0, 0, 0, 0, 0, 0, 0, 0, -1, -1, 0, 0, -1, -1, 0, 0, 0, 0, 0, 0]
[10, 24, 34, 39, 39, 33, 25, 15, 4, -9, -23, -32, -34, -32, -28, -25, -23, -20, -18, -15, -12, -10, -8, -6, -5, -4, -4, -3, -3, -2, -2, -1, -1, -1, -1, -1, -1, -1, 0, 0, 0, 0, 0, 0, 0, 0, 0, 0, 0, 0, 0, 0, 0, 0, 0, 0, 0, 0, 0, 0, 0, 0, 0, 0, 0, 0, 0, 0, 0, -1, -1, -1, -1, -1, -1, -1, -1, -1, -1, -2, -2, -2, -2, -2, -1, -1, -1, -1, -1, 0, 0, 0, -1, -1, -1, -1, 0, 0, 0, 0]
[14, 0, 0, 0, 0, 0, 0, 0, 0, 0, 0, 0, 0, 0, 0, 0, 0, 0, 0, 0, 0, 0, 0, 0, 0, 0, 0, 0, 0, 0, 0, 0, 0, 0, 0, 0, 0, 0, 0, 0, 0, 0, 0, 0, 0, 0, 0, 0, 0, 0, 0, 0, 0, 0, 0, 0, 0, 0, 0, 0, 0, 0, 0, 0, 0, 0, 0, 0, 0, 0, 0, 0, 0, 0, 0, 0, 0, 0, 0, 0, 0, 0, 0, 0, 0, 0, 0, 0, 0, 0, 0, 0, 0, 0, 0, 0, 0, 0, 0, 0]
[29, 40, 44, 42, 35, 24, 10, -7, -27, -45, -54, -53, -48, -42, -36, -32, -27, -23, -19, -14, -11, -8, -6, -5, -4, -3, -3, -2, -1, -1, 0, 0, 0, 0, 0, 0, 0, 0, 0, 0, 0, 0, 0, 0, 0, 0, 0, 0, 0, 0, 0, 0, 0, 0, 0, 0, 0, 0, 0, 0, 0, 0, 0, 0, 0, 0, 0, 0, 0, -1, -1, -1, -1, -1, -1, -1, -1, -1, -1, -1, -1, 0, 0, 0, 0, 0, 0, 0, 0, 0, 0, 0, 0, 0, 0, 0, 0, 0, 0, 0]
[0, -3, -5, -1, 5, 10, 10, 5, -1, -9, -17, -23, -25, -22, -18, -15, -13, -10, -8, -7, -6, -5, -3, -2, -2, -1, -1, -1, -1, -1, -1, 0, 0, 0, 0, 0, 0, 0, -1, -1, -1, 0, 0, 0, 0, 0, 0, 0, 0, 0, 0, 0, 0, 0, 0, 0, 0, 0, 0, 0, 0, 0, 0, 0, 0, 0, 0, 0, 0, 0, 0, -1, -1, 0, 0, 0, 0, -1, -1, -1, -1, -1, -1, -1, -1, -1, -1, 0, 0, 0, 0, 0, 0, 0, 0, 0, 0, 0, 0, 0]
[10, 0, 0, 0, 0, 0, 0, 0, 0, 0, 0, 0, 0, 0, 0, 0, 0, 0, 0, 0, 0, 0, 0, 0, 0, 0, 0, 0, 0, 0, 0, 0, 0, 0, 0, 0, 0, 0, 0, 0, 0, 0, 0, 0, 0, 0, 0, 0, 0, 0, 0, 0, 0, 0, 0, 0, 0, 0, 0, 0, 0, 0, 0, 0, 0, 0, 0, 0, 0, 0, 0, 0, 0, 0, 0, 0, 0, 0, 0, 0, 0, 0, 0, 0, 0, 0, 0, 0, 0, 0, 0, 0, 0, 0, 0, 0, 0, 0, 0, 0]
[25, 40, 51, 54, 46, 29, 11, -4, -20, -34, -44, -48, -49, -48, -46, -43, -41, -39, -36, -32, -28, -24, -20, -17, -14, -11, -8, -6, -5, -4, -3, -3, -4, -3, -3, -2, -2, -1, -2, -2, -1, 0, 0, 0, -1, -2, -1, 0, 0, -1, -1, -1, -2, -2, -2, -2, -1, -2, -2, -1, -1, -1, 0, 0, 0, 0, 0, 0, 0, 0, 0, 0, 0, 0, 0, 0, 0, 0, 0, 0, 0, 0, 0, 0, 0, 0, 0, 0, 0, 0, 0, 0, -1, 0, 0, 0, 0, 0, 0, 0]
[10, 16, 19, 17, 15, 19, 28, 39, 45, 41, 29, 12, -3, -18, -33, -43, -46, -45, -42, -39, -36, -33, -30, -26, -22, -19, -15, -12, -9, -6, -5, -4, -3, -3, -3, -3, -3, -3, -2, -2, -1, -1, -1, -1, 0, 0, -1, -1, -1, -1, 0, 0, 0, -1, -1, -1, -1, -1, -1, -2, -2, -2, -2, -2, -1, -1, -1, -1, -1, 0, -1, -1, -1, -2, -2, -3, -3, -3, -3, -3, -3, -3, -3, -3, -2, -2, -3, -2, 0, 1, 2, 2, 2, 1, 0, 0, 0, 0, 1, 0]
[2, 24, 52, 73, 84, 79, -23, -26, -29, -29, -25, -22, -20, -19, -18, -19, -18, -15, -12, -9, -6, -4, -2, -1, 0, 0, 1, 2, 4, 4, 3, 2, 0, 0, 2, 1, 1, 2, 3, 5, 5, 5, 5, 6, 6, 6, 6, 6, 5, 4, 2, 0, 0, 0, 0, 0, 0, 0, 0, 0, 0, 1, 0, 0, 0, -1, -1, -1, -1, 0, 0, 0, 0, 0, 0, -1, -2, -3, -3, -3, -4, -4, -4, -4, -4, -4, -4, -3, -2, -1, 0, 0, 1, 0, 0, 0, 0, 0, 0, 0]
[3, 24, 45, 56, 59, 53, 41, 26, 9, -6, -22, -36, -46, -52, -54, -51, -46, -40, -35, -32, -28, -24, -20, -15, -11, -7, -5, -3, -2, -2, -2, -1, 0, -1, -2, -3, -3, 2, 0, 0, 0, -1, -2, -2, -2, -2, -1, -1, 0, 0, 0, 0, 0, 0, 0, -1, -2, -3, -3, -3, -3, -2, -2, -1, 0, 0, 0, -1, -1, -1, 0, 0, 0, 0, 0, 0, 1, 1, 1, 1, 1, 1, 1, 1, 1, 2, 2, 1, 0, 0, 0, 0, -1, -1, -1, 0, 0, 0, 0, 0]
[19, 36, 47, 54, 55, 47, 35, 20, 3, -12, -29, -45, -55, -56, -52, -46, -41, -36, -31, -26, -21, -18, -15, -12, -10, -8, -7, -5, -4, -3, -3, -2, -2, -2, -2, -2, -2, -2, -2, -2, -2, -1, -1, 0, 0, 0, 1, 1, 1, 1, 1, 0, 0, 0, 0, 0, 0, 0, -1, -1, -1, -1, -1, 0, 0, 0, 0, 0, 0, 0, 0, 0, 0, 0, 0, 0, 0, 0, 0, 0, 0, 0, 0, 0, 0, 0, 0, 0, 0, 0, 0, 0, 0, 0, -1, -1, 0, 0, 0, 0]
[28, 43, 56, 66, 68, 59, 40, 18, -3, -23, -41, -54, -57, -56, -56, -55, -52, -46, -40, -35, -31, -27, -23, -20, -18, -14, -11, -9, -8, -6, -4, -3, -2, -2, -1, -1, -1, 0, 0, 0, -1, -1, -1, -1, 0, 0, 0, 0, 0, 0, 0, 0, 0, 0, 0, 0, 0, 0, 0, 0, 0, 0, 0, 0, -1, -1, -1, -1, -1, -1, -1, -1, -1, -1, -1, -1, -1, -1, -1, -1, -1, -1, -1, -1, -1, -1, -1, -1, -1, -1, -1, -1, -1, -1, -1, -1, -1, -1, -1, -1]
[19, 33, 43, 47, 45, 38, 25, 12, -1, -17, -33, -42, -41, -36, -29, -25, -24, -22, -19, -16, -14, -12, -9, -7, -6, -5, -4, -4, -3, -3, -2, -2, -2, -2, -2, -2, -2, -2, -2, -2, -2, -2, -2, -2, -2, -2, -2, -1, -1, -1, -1, 0, 0, 0, 0, 0, 0, 0, 0, 0, 0, 0, 0, 0, 0, 0, 0, 0, 0, 0, 0, -1, -1, -1, -1, -1, -1, -1, -1, -1, 0, 0, 0, 0, 0, 0, 0, -1, -1, -1, -1, -1, -1, -1, 0, 0, 0, 0, 0, 0]
[0, 16, 34, 46, 51, 50, 41, 26, 11, -3, -19, -33, -38, -36, -31, -28, -27, -26, -24, -21, -17, -13, -11, -8, -6, -4, -2, -1, 0, 0, 0, 0, 0, 0, 0, 0, 0, 0, 0, 0, 0, 0, 0, 0, -1, -1, -1, -1, -1, -1, -1, -1, -1, -1, -1, 0, 0, 0, 0, 0, 0, 0, 0, 0, 0, 0, 0, 0, 0, 0, 0, -1, -1, -2, -1, -1, -1, -1, -1, 0, 0, 0, 0, 0, 0, 0, -1, -1, -1, -1, -1, -1, 0, 0, 0, 0, 0, 0, 0, 0]
[14, 28, 39, 44, 42, 35, 26, 15, 2, -11, -24, -34, -39, -39, -37, -33, -30, -28, -24, -20, -17, -15, -13, -11, -9, -8, -7, -6, -5, -4, -3, -2, -2, -2, -2, -1, -1, 0, 0, 0, 0, 0, 0, 0, 0, 0, 0, 0, 0, 0, 0, 0, 0, 0, 0, 0, 0, 0, 0, -1, -1, 0, -1, -1, -2, -2, -2, -2, -1, -1, -1, -1, -1, -1, -1, -1, -2, -2, -3, -3, -3, -3, -3, -3, -3, -3, -3, -2, -2, -1, -1, -1, -1, -1, -1, -1, -1, -1, 0, 0]
[18, 0, 0, 0, 0, 0, 0, 0, 0, 0, 0, 0, 0, 0, 0, 0, 0, 0, 0, 0, 0, 0, 0, 0, 0, 0, 0, 0, 0, 0, 0, 0, 0, 0, 0, 0, 0, 0, 0, 0, 0, 0, 0, 0, 0, 0, 0, 0, 0, 0, 0, 0, 0, 0, 0, 0, 0, 0, 0, 0, 0, 0, 0, 0, 0, 0, 0, 0, 0, 0, 0, 0, 0, 0, 0, 0, 0, 0, 0, 0, 0, 0, 0, 0, 0, 0, 0, 0, 0, 0, 0, 0, 0, 0, 0, 0, 0, 0, 0, 0]
[13, 6, -88, -40, 0, 35, 65, 88, 95, 95, 90, 75, 47, 11, -25, -58, -85, -109, -127, -141, -145, -141, -129, -115, -94, -71, -49, -30, -13, 14, 39, 58, 82, 104, 124, 141, 150, 157, 155, 145, 121, 101, 87, 74, 63, 55, 50, 46, 41, 35, 31, 27, 24, 20, 14, 9, 7, 7, 7, 6, 3, 1, 1, 3, 6, 6, 4, 2, 1, 1, 1, 0, -1, -2, -3, -3, -3, -2, -3, -5, -7, -8, -8, -8, -7, -6, -5, -4, -3, -2, -1, 0, 0, 0, 0, 0, 0, 0, 0, 0]
[3, -2, -36, -67, -93, -116, -135, -152, -162, -158, -142, -119, -88, -50, -13, 18, 45, 70, 93, 110, 118, 115, 102, 78, 50, 14, -22, -55, -83, -107, -119, -130, -132, -133, -127, -117, -107, -95, -84, -77, -70, -55, -32, -6, 23, 55, 73, 80, 87, 97, 105, 114, 120, 128, 130, 112, 91, 76, 67, 60, 53, 47, 45, 41, 37, 32, 28, 26, 24, 21, 20, 18, 16, 14, 13, 13, 13, 14, 13, 10, 8, 5, 3, 1, 0, 0, -1, -1, -2, -2, -2, -2, -2, -1, -1, 0, 0, 0, 0, 0]
[0, 23, 15, -10, -45, -74, -99, -121, -140, -156, -167, -164, -156, -144, -121, -90, -54, -19, 15, 48, 76, 101, 122, 129, 121, 104, 77, 46, 9, -21, -53, -81, -105, -126, -138, -142, -138, -130, -114, -92, -71, -52, -31, -10, 14, 38, 64, 90, 113, 128, 136, 142, 143, 139, 129, 115, 97, 81, 72, 65, 59, 51, 43, 36, 30, 24, 18, 14, 11, 8, 0, 0, 1, 1, 1, 1, 1, 1, 1, 1, 1, 0, 0, 0, 0, 0, 0, 0, 0, 0, -1, -1, -1, -1, -1, -2, -2, 0, 0, 0]
[6, -1, -24, -53, -78, -102, -123, -141, -157, -170, -174, -164, -149, -138, -128, -115, -93, -65, -35, -3, 31, 62, 88, 105, 109, 105, 93, 72, 47, 12, -23, -55, -83, -105, -118, -123, -121, -115, -103, -89, -70, -50, -32, -14, 6, 28, 49, 68, 84, 94, 102, 108, 111, 115, 117, 114, 108, 96, 82, 71, 60, 50, 40, 33, 28, 25, 22, 18, 15, 12, 10, 9, 7, 6, 5, 5, 5, 5, 4, 4, 3, 3, 2, 2, 2, 1, 1, 0, 0, 0, -1, -1, -2, -2, -2, 0, 0, 0, 0, 0]
[-2, 14, 9, -14, -41, -67, -93, -116, -135, -152, -159, -151, -139, -130, -120, -111, -99, -82, -60, -31, 0, 33, 64, 90, 112, 114, 99, 76, 48, 16, -16, -43, -68, -89, -103, -109, -107, -102, -93, -81, -68, -53, -36, -18, 0, 18, 38, 60, 80, 96, 106, 109, 113, 111, 101, 90, 80, 69, 60, 55, 56, 59, 58, 53, 46, 41, 37, 32, 28, 25, 22, 19, 17, 15, 13, 11, 10, 10, 9, 7, 5, 3, 2, 1, 0, 0, -1, -1, -2, -1, -1, 0, 0, 0, 0, 0, 0, 0, 0, 0]
[0, 9, 0, -25, -58, -85, -109, -129, -147, -162, -170, -165, -149, -131, -113, -95, -76, -51, -20, 12, 45, 74, 99, 119, 111, 82, 47, 10, -26, -58, -86, -103, -120, -123, -124, -119, -108, -92, -72, -51, -30, -6, 18, 46, 72, 92, 105, 108, 110, 112, 108, 106, 106, 106, 103, 95, 85, 74, 62, 53, 46, 40, 38, 36, 33, 29, 25, 21, 18, 15, 13, 11, 10, 9, 8, 7, 7, 6, 5, 5, 4, 3, 2, 1, 0, 0, 0, 0, 0, -1, -1, -1, -1, -1, -1, -1, -1, -1, -1, -2]
[-2, 6, -2, -25, -53, -78, -103, -124, -142, -155, -159, -156, -145, -132, -120, -108, -94, -75, -50, -20, 12, 45, 74, 98, 120, 133, 123, 100, 71, 38, 3, -28, -58, -86, -108, -123, -128, -127, -121, -107, -87, -66, -44, -22, 0, 21, 36, 50, 64, 76, 84, 93, 108, 120, 131, 138, 140, 140, 133, 123, 107, 94, 84, 76, 67, 59, 51, 45, 40, 35, 29, 24, 18, 13, 9, 7, 5, 4, 4, 4, 4, 3, 2, 1, 0, 0, 0, -1, -1, -1, -1, 0, 0, 0, 0, 0, 0, 1, 1, 1]
[0, 5, 0, 0, 0, 0, 0, 0, 0, 0, 0, 0, 0, 0, 0, 0, 0, 0, 0, 0, 0, 0, 0, 0, 0, 0, 0, 0, 0, 0, 0, 0, 0, 0, 0, 0, 0, 0, 0, 0, 0, 0, 0, 0, 0, 0, 0, 0, 0, 0, 0, 0, 0, 0, 0, 0, 0, 0, 0, 0, 0, 0, 0, 0, 0, 0, 0, 0, 0, 0, 0, 0, 0, 0, 0, 0, 0, 0, 0, 0, 0, 0, 0, 0, 0, 0, 0, 0, 0, 0, 0, 0, 0, 0, 0, 0, 0, 0, 0, 0]
[0, -2, -24, -55, -83, -107, -128, -146, -160, -166, -157, -141, -122, -104, -87, -69, -45, -16, 14, 46, 75, 100, 121, 132, 127, 109, 84, 55, 26, -2, -33, -64, -89, -109, -119, -121, -119, -111, -99, -83, -64, -47, -33, -20, -6, 7, 26, 48, 70, 93, 115, 130, 138, 137, 128, 119, 110, 99, 89, 82, 75, 68, 61, 53, 45, 37, 31, 25, 20, 16, 12, 9, 6, 4, 3, 2, 1, 1, 1, 1, 1, 1, 1, 1, 1, 1, 1, 1, 1, 1, 1, 1, 1, 0, 0, 0, 0, 0, -1, 0]
[-1, 9, 4, -14, -41, -69, -95, -117, -137, -152, -159, -154, -146, -137, -126, -115, -104, -90, -68, -39, -8, 25, 57, 84, 107, 127, 143, 140, 123, 98, 70, 37, 0, -35, -66, -92, -111, -119, -117, -111, -103, -94, -82, -67, -54, -41, -25, -8, 10, 32, 53, 75, 93, 102, 107, 113, 113, 115, 115, 111, 103, 96, 92, 89, 86, 78, 68, 57, 47, 39, 32, 26, 21, 17, 14, 11, 8, 6, 5, 4, 3, 3, 2, 2, 2, 2, 2, 2, 2, 2, 2, 1, 1, 1, 0, 0, 0, 0, 0, -1]
[-1, 4, -7, -29, -57, -84, -108, -129, -146, -160, -162, -153, -140, -128, -115, -98, -76, -52, -24, 6, 38, 68, 93, 115, 134, 141, 134, 118, 95, 66, 35, 1, -130, -124, -114, -99, -88, -64, -50, -37, -28, -17, -2, 8, 16, 20, 23, 24, 24, 23, 22, 20, 19, 16, 13, 10, 6, 3, 1, 0, 0, -1, -2, -3, -3, -3, -3, -1, 0, 0, 0, 0, 1, 1, 1, 1, 1, 1, 1, 0, 0, 0, 0, 0, 0, 0, -1, -3, -4, -3, -1, 0, 0, -1, -1, 0, 0, 0, 0, 0]
[19, 8, -25, -57, -85, -109, -129, -147, -156, -153, -145, -138, -126, -107, -81, -52, -21, 10, 43, 72, 97, 119, 130, 130, 122, 105, 83, 60, 36, 9, -20, -53, -81, -105, -123, -130, -130, -125, -114, -97, -79, -63, -47, -33, -22, -13, 5, 35, 60, 80, 96, 106, 108, 108, 104, 100, 103, 108, 111, 110, 106, 101, 94, 84, 72, 59, 46, 34, 26, 20, 16, 12, 9, 7, 6, 5, 4, 3, 3, 3, 2, 2, 2, 2, 2, 2, 2, 2, 2, 3, 3, 3, 4, 4, 4, 4, 4, 3, 2, 2]
[5, 0, -27, -59, -87, -110, -130, -148, -156, -155, -150, -141, -125, -100, -71, -38, -2, 30, 60, 87, 110, 129, 136, 130, 113, 86, 54, 17, -19, -53, -81, -105, -125, -133, -132, -128, -118, -103, -87, -69, -51, -31, -13, 5, 25, 41, 58, 72, 79, 80, 80, 88, 99, 104, 106, 103, 95, 90, 86, 81, 73, 66, 58, 49, 41, 35, 29, 24, 19, 15, 12, 11, 9, 8, 8, 7, 6, 5, 4, 4, 4, 3, 3, 4, 3, 2, 1, 0, 0, 0, 0, 0, 0, 0, 0, 0, 0, 0, 0, 0]
[-4, 0, 0, 0, 0, 0, 0, 0, 0, 0, 0, 0, 0, 0, 0, 0, 0, 0, 0, 0, 0, 0, 0, 0, 0, 0, 0, 0, 0, 0, 0, 0, 0, 0, 0, 0, 0, 0, 0, 0, 0, 0, 0, 0, 0, 0, 0, 0, 0, 0, 0, 0, 0, 0, 0, 0, 0, 0, 0, 0, 0, 0, 0, 0, 0, 0, 0, 0, 0, 0, 0, 0, 0, 0, 0, 0, 0, 0, 0, 0, 0, 0, 0, 0, 0, 0, 0, 0, 0, 0, 0, 0, 0, 0, 0, 0, 0, 0, 0, 0]
[-12, -32, -58, -85, -109, -129, -146, -161, -169, -165, -156, -144, -128, -107, -78, -44, -7, 26, 58, 85, 108, 128, 137, 133, 118, 97, 69, 41, 7, -29, -61, -88, -111, -130, -138, -137, -127, -114, -98, -82, -63, -45, -28, -11, 6, 23, 33, 40, 47, 57, 66, 69, 72, 72, 66, 73, 85, 89, 94, 97, 96, 91, 84, 75, 67, 60, 55, 51, 47, 43, 37, 31, 26, 21, 17, 15, 13, 11, 9, 7, 6, 5, 4, 3, 3, 2, 2, 1, 1, 1, 1, 1, 0, 0, 0, 0, 0, 0, 0, 0]
[0, 8, 4, -14, -42, -69, -95, -117, -134, -143, -143, -136, -125, -114, -102, -89, -72, -47, -17, 13, 44, 73, 98, 120, 129, 129, 116, 95, 70, 42, 14, -15, -44, -70, -92, -108, -117, -120, -118, -109, -97, -82, -66, -51, -37, -21, -4, 9, 21, 37, 55, 72, 85, 92, 90, 88, 95, 103, 112, 118, 119, 114, 108, 101, 95, 90, 83, 73, 62, 51, 41, 33, 26, 20, 14, 10, 8, 6, 5, 4, 3, 3, 2, 1, 1, 0, 0, 0, 0, 0, 0, 0, 0, 0, 0, -1, -1, -1, -1, -1]
[-2, 0, 0, 0, 0, 0, 0, 0, 0, 0, 0, 0, 0, 0, 0, 0, 0, 0, 0, 0, 0, 0, 0, 0, 0, 0, 0, 0, 0, 0, 0, 0, 0, 0, 0, 0, 0, 0, 0, 0, 0, 0, 0, 0, 0, 0, 0, 0, 0, 0, 0, 0, 0, 0, 0, 0, 0, 0, 0, 0, 0, 0, 0, 0, 0, 0, 0, 0, 0, 0, 0, 0, 0, 0, 0, 0, 0, 0, 0, 0, 0, 0, 0, 0, 0, 0, 0, 0, 0, 0, 0, 0, 0, 0, 0, 0, 0, 0, 0, 0]
[4, 1, -15, 0, 0, 0, 0, 0, 0, 0, 0, 0, 0, 0, 0, 0, 0, 0, 0, 0, 0, 0, 0, 0, 0, 0, 0, 0, 0, 0, 0, 0, 0, 0, 0, 0, 0, 0, 0, 0, 0, 0, 0, 0, 0, 0, 0, 0, 0, 0, 0, 0, 0, 0, 0, 0, 0, 0, 0, 0, 0, 0, 0, 0, 0, 0, 0, 0, 0, 0, 0, 0, 0, 0, 0, 0, 0, 0, 0, 0, 0, 0, 0, 0, 0, 0, 0, 0, 0, 0, 0, 0, 0, 0, 0, 0, 0, 0, 0, 0]
[0, 0, -40, -67, -92, -114, -133, -147, -155, -153, -148, -138, -123, -103, -75, -42, -5, 29, 60, 87, 110, 129, 138, 133, 118, 96, 69, 41, 9, -24, -56, -84, -108, -124, -129, -131, -128, -118, -102, -84, -64, -45, -25, -4, 14, 33, 51, 68, 80, 89, 90, 92, 92, 86, 74, 77, 86, 92, 99, 98, 89, 79, 68, 58, 50, 44, 38, 33, 28, 24, 20, 16, 13, 11, 9, 8, 6, 5, 4, 3, 2, 1, 0, 0, 0, 0, 0, 0, 0, 0, 0, 0, 0, 0, 0, 0, 0, 0, 0, 0]
[-4, -17, -42, -69, -93, -115, -134, -151, -165, -176, -174, -158, -141, -125, -110, -97, -82, -66, -46, -19, 9, 40, 69, 95, 116, 135, 143, 137, 122, 97, 66, 33, -3, -38, -69, -95, -114, -119, -112, -104, -94, -84, -68, -51, -37, -24, -13, -2, 9, 21, 35, 51, 67, 81, 90, 101, 106, 110, 120, 125, 125, 123, 115, 103, 90, 78, 70, 64, 54, 45, 38, 31, 25, 20, 16, 14, 12, 10, 9, 9, 8, 8, 7, 7, 7, 9, 9, 9, 8, 6, 5, 4, 4, 3, 3, 2, 1, 0, 0, -1]
[-7, -15, -32, -55, -78, -99, -117, -131, -140, -142, -136, -129, -119, -106, -92, -73, -48, -18, 14, 47, 75, 100, 121, 139, 147, 142, 126, 99, 66, 33, 0, -35, -66, -91, -108, -119, -125, -126, -72, -39, -12, 8, 24, 36, 52, 66, 72, 69, 60, 52, 47, 42, 37, 32, 26, 21, 17, 14, 11, 9, 7, 5, 3, 1, 0, 0, 0, 0, 0, 0, 1, 1, 2, 2, 2, 3, 3, 4, 4, 4, 3, 3, 3, 2, 1, 0, 0, -1, -2, -2, -2, -2, -2, -2, -2, -1, 0, 0, 0, 0]
[4, -6, -22, -47, -76, -101, -122, -141, -156, -160, -157, -149, -137, -120, -6, -41, -71, -96, -112, -116, -112, -104, -96, -84, -70, -56, -43, -32, -21, -5, 11, 25, 40, 56, 73, 85, 93, 103, 105, 102, 101, 119, 135, 141, 142, 136, 128, 118, 105, 91, 77, 65, 54, 44, 35, 29, 22, 17, 13, 9, 6, 4, 2, 1, 0, 0, 0, 0, 0, 0, 0, 0, 0, 0, 0, 0, 0, 0, 0, 0, -1, -1, -1, -1, -1, -1, -1, -1, -1, -1, -1, 0, 0, 0, 0, 0, 0, 0, 0, 0]
[11, 1, -25, -57, -85, -108, -129, -146, -161, -168, -166, -153, -137, -118, -95, -65, -31, 1, 30, 60, 87, 110, 125, 127, 115, 95, 67, 35, 3, -28, -59, -87, -110, -124, -127, -124, -116, -105, -91, -74, -58, -44, -29, -11, 6, 22, 39, 57, 73, 81, 93, 101, 104, 107, 110, 123, 131, 131, 132, 129, 124, 116, 103, 88, 74, 61, 49, 37, 27, 20, 14, 9, 5, 1, 0, -2, -3, -4, -4, -3, -3, -2, -2, -1, -1, -1, 0, 0, 0, 0, 0, 0, 0, 0, 0, 0, 0, 0, -1, -2]
[9, 4, -16, -46, -76, -101, -122, -141, -156, -161, -158, -149, -135, -120, -98, -67, -33, 3, 37, 67, 93, 115, 133, 139, 128, 105, 76, 42, 9, -23, -55, -83, -107, -127, -134, -131, -124, -112, -99, -86, -72, -55, -39, -26, -11, 6, 24, 39, 55, 68, 78, 89, 94, 94, 93, 87, 98, 119, 121, 120, 116, 110, 101, 91, 80, 69, 59, 50, 43, 38, 32, 26, 21, 16, 12, 9, 8, 6, 4, 3, 2, 1, 0, 0, -1, -1, 0, -1, -1, -1, -1, -1, -1, -1, -1, -1, -1, -1, -2, -2]
[-6, -11, -25, -48, -74, -97, -116, -131, -141, -144, -141, -133, -127, -118, -98, -71, -41, -9, 24, 56, 83, 107, 127, 135, 132, 118, 98, 70, 39, 6, -28, -60, -87, -111, -126, -128, -123, -114, -96, -76, -59, -44, -28, -12, 2, 17, 31, 44, 77, 78, 78, 78, 76, 72, 66, 60, 54, 47, 40, 35, 29, 24, 19, 14, 9, 5, 1, -1, -3, -5, -6, -6, -6, -5, -5, -4, -3, -3, -1, 0, 1, 2, 2, 3, 3, 3, 3, 3, 2, 2, 1, 0, 0, -1, -1, -2, 0, 0, 0, 0]
[-3, -10, -26, -47, -72, -97, -119, -137, -153, -164, -170, -163, -153, -141, -123, -98, -68, -33, 3, 38, 68, 94, 113, 124, 128, 117, 103, 81, 54, 23, -9, -42, -72, -98, -118, -132, -135, -128, -119, -109, -98, -86, -74, -61, -50, -36, -23, -10, 2, 15, 30, 45, 57, 62, 68, 67, 69, 76, 78, 82, 92, 104, 121, 135, 138, 135, 133, 129, 122, 112, 99, 85, 73, 62, 52, 43, 34, 28, 22, 16, 11, 8, 6, 5, 3, 2, 1, 1, 1, 1, 0, 0, 0, 0, -1, -1, -2, -2, -2, -2]
[3, 2, -9, -30, -54, -79, -104, -124, -138, -145, -145, -140, -130, -115, -94, -66, -35, -2, 29, 58, 85, 108, 128, 137, 131, 115, 89, 61, 30, -1, -33, -63, -90, -111, -123, -124, -118, -109, -99, -87, -73, -58, -43, -28, -12, 6, 21, 37, 52, 65, 72, 74, 72, 71, 70, 77, 86, 93, 99, 105, 108, 110, 109, 103, 95, 86, 77, 70, 64, 59, 53, 47, 42, 35, 29, 24, 9, 8, 6, 4, 3, 2, 1, 1, 1, 0, 0, 0, -1, -1, -1, -1, -1, -1, -1, -1, 0, 0, 0, 0]
[7, 0, -18, -44, -73, -99, -120, -139, -154, -158, -154, -147, -139, -122, -95, -63, -30, 3, 37, 67, 93, 115, 134, 142, 136, 120, 95, 71, 45, 6, -30, -62, -89, -110, -119, -119, -116, -111, -101, -87, -70, -54, -36, -19, -5, 8, 25, 44, 59, 68, 70, 70, 73, 74, 72, 79, 94, 103, 107, 108, 106, 103, 99, 92, 85, 76, 66, 56, 49, 43, 38, 33, 29, 26, 22, 19, 16, 13, 11, 8, 6, 3, 2, 1, 0, 0, -1, -1, -1, -2, -2, -2, -1, -1, -1, -1, -1, -1, -1, -1]
[9, 8, 0, 0, 0, 0, 0, 0, 0, 0, 0, 0, 0, 0, 0, 0, 0, 0, 0, 0, 0, 0, 0, 0, 0, 0, 0, 0, 0, 0, 0, 0, 0, 0, 0, 0, 0, 0, 0, 0, 0, 0, 0, 0, 0, 0, 0, 0, 0, 0, 0, 0, 0, 0, 0, 0, 0, 0, 0, 0, 0, 0, 0, 0, 0, 0, 0, 0, 0, 0, 0, 0, 0, 0, 0, 0, 0, 0, 0, 0, 0, 0, 0, 0, 0, 0, 0, 0, 0, 0, 0, 0, 0, 0, 0, 0, 0, 0, 0, 0]
[0, -15, -47, -77, -101, -123, -138, -145, -144, -138, -126, -115, -105, -85, -61, -32, 0, 32, 62, 88, 110, 130, 147, 149, 137, 116, 87, 55, 22, -10, -44, -73, -99, -118, -126, -122, -112, -101, -90, -79, -66, -52, -37, -22, -8, 7, 23, 39, 55, 67, 77, 86, 97, 106, 110, 119, 120, 118, 114, 109, 104, 99, 92, 87, 82, 78, 72, 66, 58, 50, 41, 34, 27, 22, 17, 13, 10, 7, 4, 2, 0, 0, 0, -1, -1, -1, 0, 0, 0, 0, -1, -1, -2, -2, -1, -1, -1, 0, 0, 0]
[7, 5, -17, -49, -78, -102, -122, -135, -142, -142, -138, -131, -125, -115, -99, -79, -52, -20, 13, 47, 82, 69, 61, 54, 51, 55, 65, 72, 78, 87, 95, 100, 99, 96, 96, 89, 88, 98, 101, 103, 100, 97, 96, 95, 94, 92, 90, 88, 84, 77, 68, 58, 50, 42, 35, 29, 24, 20, 17, 14, 12, 11, 9, 7, 6, 4, 3, 2, 1, 0, 0, 0, -1, -1, -1, -2, -2, -2, -2, -2, -2, -2, -2, -2, -3, -3, -3, -3, -3, -2, -2, -2, -2, 0, 0, 0, 0, 0, 0, 0]
[9, 8, 0, -22, -51, -80, -104, -124, -141, -150, -151, -149, -144, -132, -119, -99, -74, -44, -11, 21, 52, 77, 101, 122, 139, 145, 137, 117, 90, 57, 23, -12, -46, -75, -101, -121, -128, -126, -114, -98, -81, -67, -54, -41, -27, -7, 12, 27, 39, 50, 56, 61, 68, 71, 72, 70, 66, 73, 79, 83, 88, 91, 90, 88, 85, 80, 73, 66, 59, 53, 48, 44, 39, 34, 29, 25, 21, 18, 16, 14, 12, 12, 10, 8, 6, 5, 4, 3, 2, 2, 1, 1, 1, 0, 0, 0, 0, 0, 0, 0]
[-2, -6, -22, -51, -80, -104, -125, -143, -158, -160, -151, -139, -127, -115, -100, -79, -56, -34, -12, 10, 36, 64, 90, 113, 132, 145, 146, 133, 112, 85, 54, 22, -11, -45, -74, -100, -121, -132, -133, -127, -120, -111, -98, -82, -63, -43, -23, -3, 16, 34, 52, 65, 73, 83, 90, 98, 100, 104, 112, 112, 110, 108, 108, 105, 98, 90, 83, 76, 69, 62, 54, 46, 38, 31, 26, 22, 17, 13, 10, 8, 7, 5, 4, 3, 2, 1, 1, 1, 0, 0, 0, 0, 0, 0, 1, 1, 0, 0, 0, 0]
[0, 0, 0, 0, 0, 0, 0, 0, 0, 0, 0, 0, 0, 0, 0, 0, 0, 0, 0, 0, 0, 0, 0, 0, 0, 0, 0, 0, 0, 0, 0, 0, 0, 0, 0, 0, 0, 0, 0, 0, 0, 0, 0, 0, 0, 0, 0, 0, 0, 0, 0, 0, 0, 0, 0, 0, 0, 0, 0, 0, 0, 0, 0, 0, 0, 0, 0, 0, 0, 0, 0, 0, 0, 0, 0, 0, 0, 0, 0, 0, 0, 0, 0, 0, 0, 0, 0, 0, 0, 0, 0, 0, 0, 0, 0, 0, 0, 0, 0, 0]
[-6, -22, -47, -76, -101, -122, -136, -140, -138, -131, -121, -113, -101, -91, -76, -55, -31, -5, 19, 42, 70, 95, 117, 135, 146, 141, 122, 92, 55, 19, -14, -44, -72, -96, -115, -129, -134, -130, -120, -108, -93, -77, -61, -43, -26, -9, 9, 30, 49, 62, 73, 83, 93, 95, 94, 95, 98, 99, 108, 111, 104, 95, 90, 87, 84, 80, 74, 68, 62, 56, 50, 44, 38, 33, 0, 0, 0, 0, 1, 1, 1, 2, 2, 2, 1, 1, 1, 0, 0, 0, 0, -1, 0, 0, 0, 0, 0, 0, 0, 0]
[3, -1, 0, 0, 0, 0, 0, 0, 0, 0, 0, 0, 0, 0, 0, 0, 0, 0, 0, 0, 0, 0, 0, 0, 0, 0, 0, 0, 0, 0, 0, 0, 0, 0, 0, 0, 0, 0, 0, 0, 0, 0, 0, 0, 0, 0, 0, 0, 0, 0, 0, 0, 0, 0, 0, 0, 0, 0, 0, 0, 0, 0, 0, 0, 0, 0, 0, 0, 0, 0, 0, 0, 0, 0, 0, 0, 0, 0, 0, 0, 0, 0, 0, 0, 0, 0, 0, 0, 0, 0, 0, 0, 0, 0, 0, 0, 0, 0, 0, 0]
[0, -21, -50, -79, -103, -124, -143, -154, -156, -151, -141, -122, -95, -61, -22, 14, 48, 76, 100, 121, 136, 135, 121, 98, 69, 37, 1, -33, -64, -91, -114, -125, -129, -125, -119, -111, -97, -83, -68, -51, -33, -16, 0, 14, 23, 30, 45, 59, 74, 94, 113, 129, 134, 123, 125, 131, 128, 123, 117, 110, 103, 95, 87, 81, 77, 73, 64, 52, 39, 25, 14, 10, 9, 8, 6, 5, 4, 5, 5, 4, 2, 1, 1, 0, 0, 0, 1, 1, 0, 0, -1, -1, -1, -2, -2, -2, -1, -1, -1, 0]
[2, -9, -39, -69, -95, -118, -137, -152, -157, -152, -142, -130, -115, -95, -64, -27, 11, 44, 73, 98, 119, 131, 130, 119, 96, 66, 31, -4, -38, -69, -95, -116, -125, -123, -116, -107, -98, -87, -76, -67, -54, -39, -24, -9, 6, 17, 32, 46, 56, 67, 74, 80, 86, 93, 92, 99, 115, 114, 112, 110, 106, 100, 94, 87, 79, 72, 66, 61, 57, 52, 47, 41, 34, 28, 22, 18, 15, 11, 8, 6, 3, 2, 1, 1, 0, 0, 0, -1, -1, -1, -2, -2, -1, -1, -1, -1, -1, -1, -1, -2]
[16, 9, -154, -139, -94, -50, -9, 27, 59, 85, 109, 127, 133, 122, 101, 76, 47, 13, -22, -55, -83, -107, -110, -73, -40, -14, 4, 28, 49, 53, 66, 89, 100, 109, 113, 108, 103, 96, 89, 82, 76, 68, 60, 53, 48, 42, 37, 30, 23, 18, 13, 9, 7, 4, 2, 0, 0, 0, 0, -1, -1, -2, -3, -4, -6, -6, -5, -4, -3, -2, -2, -2, -3, -3, -3, -4, -4, -5, -5, -5, -5, -4, -3, -3, -3, -2, -2, 0, 0, 0, 0, 0, 0, 0, 0, 0, 0, 0, 0, 0]
[12, 0, -33, -64, -91, -114, -134, -150, -157, -153, -141, -131, -122, -102, -73, -38, 1, 36, 66, 91, 112, 131, 143, 137, 122, 98, 67, 33, -6, -41, -71, -97, -117, -124, -121, -115, -108, -98, -84, -70, -57, -43, -26, -9, 8, 25, 40, 54, 71, 80, 85, 91, 90, 95, 101, 107, 125, 129, 128, 125, 119, 107, 95, 84, 75, 67, 62, 58, 54, 47, 39, 31, 25, 20, 16, 13, 10, 7, 5, 3, 1, 0, 0, 0, 0, 0, 0, -1, -1, -1, -1, 0, 0, 0, 0, 0, 0, 0, 0, 0]
