[-65, -96, -112, -120, -124, -126, -127, -119, -78, -8, 61, 134, 172, 181, 177, 108, 0, -63, -95, -111, -92, -57, 4, 22, 20, 17, -3, -36, -34, 16, 79, 123, 161, 153, 102, 68, 22, -5, -27, -49, -59, -62, -61, -59, -43, -24, -13, -6, -4, -5, -6, -2, 1, 1, 1, 0, -1, 0, 0, 0, 0, 0, 0, 0, 0, 0, 0, 1, 0, 0, 0, 0, 0, 0, 0, 0, 0, 0, 0, 0, 0, -1, -1, 0, 0, 0, 0, 0, 0, 0, 0, 0, 0, 0, 0, 0, 0, 0, 0, 0]
[-46, -86, -107, -117, -123, -126, -127, -128, -128, -101, -42, 34, 109, 133, 155, 135, 79, -14, -70, -98, -111, -68, -31, 4, 18, 13, -10, -17, 0, 36, 81, 68, 38, 11, -5, -31, -35, -28, -32, -31, -35, -42, -39, -30, -23, -20, -17, -9, -3, -1, -3, -2, 0, 0, 0, 0, 0, 0, 0, 0, 0, 0, 0, 0, 0, 0, 0, 0, 0, 0, 0, 0, 0, 0, 0, 0, 0, 0, 0, 0, 0, 0, 0, 0, 0, 0, 0, 0, 0, 0, 0, 0, 0, 0, 0, 0, 0, 0, 0, 0]
[-8, -60, -94, -111, -119, -124, -126, -127, -128, -106, -48, 34, 64, 114, 139, 121, 99, 1, -62, -94, -111, -120, -115, -94, -67, -41, -24, -6, -6, -18, -10, 6, 60, 91, 96, 48, -8, -20, -32, -26, -35, -39, -37, -30, -25, -22, -20, -18, -14, -10, -5, -2, 0, 0, 0, 0, 0, -1, 0, 0, 0, 0, 0, 0, 0, 0, 0, 0, 0, 0, 0, -1, -1, 0, 0, 0, 0, 0, 0, 0, 0, 0, 0, 0, 0, 0, 0, 0, 0, 0, 0, 0, 0, 0, 0, 0, 0, 0, 0, 0]
[-29, -48, 0, 0, 0, 0, 0, 0, 0, 0, 0, 0, 0, 0, 0, 0, 0, 0, 0, 0, 0, 0, 0, 0, 0, 0, 0, 0, 0, 0, 0, 0, 0, 0, 0, 0, 0, 0, 0, 0, 0, 0, 0, 0, 0, 0, 0, 0, 0, 0, 0, 0, 0, 0, 0, 0, 0, 0, 0, 0, 0, 0, 0, 0, 0, 0, 0, 0, 0, 0, 0, 0, 0, 0, 0, 0, 0, 0, 0, 0, 0, 0, 0, 0, 0, 0, 0, 0, 0, 0, 0, 0, 0, 0, 0, 0, 0, 0, 0, 0]
[0, -68, -96, -112, -120, -124, -126, -127, -128, -128, -91, -28, 0, 70, 70, 80, 30, -33, -80, -103, -116, -96, -57, -37, -17, 3, 10, -5, -10, 14, 49, 86, 104, 79, 33, 5, 8, -16, -36, -22, -16, -22, -26, -29, -28, -29, -26, -21, -13, -7, -4, -2, -1, 0, 1, 3, 1, 0, -1, -1, 0, 0, 0, 0, 0, 0, -1, 0, 0, -1, 0, 0, 0, 0, 0, 0, 0, 0, 0, 0, 0, 0, 0, 0, 0, 0, 0, 0, 0, 0, 0, -1, -2, -2, -1, 0, 0, 0, 0, 0]
[-108, -80, 46, 32, 52, 8, -58, -92, -110, -119, -124, -106, -61, -31, 0, 7, -2, -9, 2, 26, 51, 70, 48, 29, 0, -24, -40, -39, -44, -45, -40, -33, -27, -20, -17, -14, -13, -11, -7, -4, -2, -2, 0, 2, 2, 1, 0, 0, 0, 0, -2, -1, 0, 0, 0, 0, 0, 0, 0, 0, -1, -1, 0, 0, 0, 0, 0, 0, 0, 0, 0, 0, 0, 0, 0, 0, 0, 0, 0, 0, 0, 0, -1, 0, 0, 0, 0, 0, 0, 0, 0, 0, 0, 0, 0, 0, 0, 0, 0, 0]
[-27, -75, -101, -115, -121, -125, -127, -128, -128, -128, -111, -80, -25, 60, 45, 78, 32, -42, -84, -106, -117, -123, -112, -68, -60, -43, -32, -40, -24, -26, 7, 41, 32, 30, 31, 15, 12, 0, -5, -9, -27, -34, -30, -24, -22, -19, -15, -10, -6, -3, -2, 0, 0, 0, 0, 0, 0, 0, 0, 0, 0, 0, 0, 0, 0, 0, 0, 0, 0, -1, 0, 0, 0, 0, 0, 0, 0, 0, 0, 0, 0, 0, 0, 0, 0, 0, 0, 0, 0, 0, 0, 0, 0, 0, 0, 0, 0, 0, 0, 0]
[0, 0, 0, 0, 0, 0, 0, 0, 0, 0, 0, 0, 0, 0, 0, 0, 0, 0, 0, 0, 0, 0, 0, 0, 0, 0, 0, 0, 0, 0, 0, 0, 0, 0, 0, 0, 0, 0, 0, 0, 0, 0, 0, 0, 0, 0, 0, 0, 0, 0, 0, 0, 0, 0, 0, 0, 0, 0, 0, 0, 0, 0, 0, 0, 0, 0, 0, 0, 0, 0, 0, 0, 0, 0, 0, 0, 0, 0, 0, 0, 0, 0, 0, 0, 0, 0, 0, 0, 0, 0, 0, 0, 0, 0, 0, 0, 0, 0, 0, 0]
[-73, -100, -114, -121, -125, 57, 104, 89, 65, 23, 32, 28, 60, 39, -7, -9, -7, -27, -28, -20, -21, -31, -41, -43, -37, -30, -23, -17, -11, -7, -3, 0, 0, 0, 0, 0, 0, 0, 0, -1, 0, 0, 0, 1, 0, 0, 0, 0, 0, 0, 0, 0, 0, -1, -1, 0, 0, 0, 0, 0, 0, 0, 0, 0, 0, 0, 0, 0, 0, 0, 0, 0, 0, 0, 0, 0, 0, 0, 0, 0, 0, 0, 0, 0, 0, 0, 0, 0, 0, 0, 0, 0, 0, 0, 0, 0, 0, 0, 0, 0]
[-104, -96, 0, 0, 0, 0, 0, 0, 0, 0, 0, 0, 0, 0, 0, 0, 0, 0, 0, 0, 0, 0, 0, 0, 0, 0, 0, 0, 0, 0, 0, 0, 0, 0, 0, 0, 0, 0, 0, 0, 0, 0, 0, 0, 0, 0, 0, 0, 0, 0, 0, 0, 0, 0, 0, 0, 0, 0, 0, 0, 0, 0, 0, 0, 0, 0, 0, 0, 0, 0, 0, 0, 0, 0, 0, 0, 0, 0, 0, 0, 0, 0, 0, 0, 0, 0, 0, 0, 0, 0, 0, 0, 0, 0, 0, 0, 0, 0, 0, 0]
[0, 67, 60, 90, 106, 33, -45, -86, -107, -117, -110, -67, -47, -36, -30, -39, -25, 1, 33, 66, 50, 25, 21, 17, 6, 0, 0, -12, -15, -23, -28, -25, -23, -17, -11, -6, -4, -4, -1, -1, -1, -1, -1, 0, 0, 0, 0, -1, -3, -3, -1, 0, 1, 1, 1, 0, 0, 0, 0, -1, -1, -1, 0, 0, 0, 0, 0, 0, 0, 0, 0, 0, 0, 0, 0, 0, 0, -1, -2, -1, 0, 0, 0, 0, 0, 0, 0, 0, 0, 0, 0, 0, 0, 0, 0, 0, 0, 0, 0, 0]
[-43, -84, -106, -117, -123, -125, -127, -128, -128, -128, -106, -59, 81, 79, 115, 82, -13, -69, -98, -113, -91, -59, -37, -14, -8, -26, -21, -14, 14, 28, 10, 8, 1, 5, 5, -5, -10, -6, -10, -19, -23, -22, -20, -16, -12, -11, -11, -8, -5, -2, 0, 0, 0, -1, 0, 0, 0, 0, 0, 0, 0, 0, 0, 0, 0, 0, 0, 0, 0, 0, 0, 0, 0, 0, 0, 0, 0, 0, 0, 0, 0, 0, 0, 0, 0, 0, 0, 0, 0, 0, 0, 0, 0, 0, 0, 0, 0, 0, 0, 0]
[-30, 0, 0, 0, 0, 0, 0, 0, 0, 0, 0, 0, 0, 0, 0, 0, 0, 0, 0, 0, 0, 0, 0, 0, 0, 0, 0, 0, 0, 0, 0, 0, 0, 0, 0, 0, 0, 0, 0, 0, 0, 0, 0, 0, 0, 0, 0, 0, 0, 0, 0, 0, 0, 0, 0, 0, 0, 0, 0, 0, 0, 0, 0, 0, 0, 0, 0, 0, 0, 0, 0, 0, 0, 0, 0, 0, 0, 0, 0, 0, 0, 0, 0, 0, 0, 0, 0, 0, 0, 0, 0, 0, 0, 0, 0, 0, 0, 0, 0, 0]
[-78, -103, -115, -122, -125, -127, -128, -128, -128, -122, -58, -69, 79, 77, 97, 131, 49, -37, -82, -105, -116, -122, -109, -80, -40, -2, -14, -29, -1, 38, 90, 119, 105, 83, 40, 17, -1, -4, -26, -42, -37, -33, -32, -30, -26, -21, -18, -11, -6, -4, -2, 0, 0, 0, 0, 0, 0, 0, 0, -1, -1, 0, 0, 0, 0, 0, 0, 0, 0, 0, 0, 0, 0, 0, 0, 0, 0, 0, 0, 0, 0, 0, 0, 0, 0, 0, 0, 0, 0, 0, 0, 0, 0, 0, 0, 0, 0, 0, 0, 0]
[0, -35, 0, 0, 0, 0, 0, 0, 0, 0, 0, 0, 0, 0, 0, 0, 0, 0, 0, 0, 0, 0, 0, 0, 0, 0, 0, 0, 0, 0, 0, 0, 0, 0, 0, 0, 0, 0, 0, 0, 0, 0, 0, 0, 0, 0, 0, 0, 0, 0, 0, 0, 0, 0, 0, 0, 0, 0, 0, 0, 0, 0, 0, 0, 0, 0, 0, 0, 0, 0, 0, 0, 0, 0, 0, 0, 0, 0, 0, 0, 0, 0, 0, 0, 0, 0, 0, 0, 0, 0, 0, 0, 0, 0, 0, 0, 0, 0, 0, 0]
[0, -79, -103, -115, -122, -125, -127, -128, -128, -116, -96, -31, 74, 50, 109, 69, -5, -60, -94, -111, -119, -123, 2, 15, 19, 26, 21, 9, -10, -8, -7, -11, -15, -19, -19, -20, -17, -13, -8, -5, -3, -1, -1, -1, 0, 0, 0, 0, 0, 0, 0, 0, 0, 0, 0, 0, 0, -1, 0, 0, 0, 0, 0, 0, 0, 0, 0, 0, 0, 0, 0, 0, 0, 0, 0, 0, 0, 0, 0, 0, 0, 0, 0, 0, 0, 0, 0, 0, 0, 0, 0, 0, 0, 0, 0, 0, 0, 0, 0, 0]
[-20, -69, -98, -113, -121, -124, -126, -127, -128, -128, -128, -78, -60, 7, 79, 57, 100, 31, -46, -86, -107, -117, -123, -116, -90, -52, -23, -18, -17, 6, 32, 68, 89, 78, 77, 63, 41, 30, 11, 8, 6, -14, -23, -23, -22, -19, -21, -22, -19, -15, -11, -7, -4, -1, 0, 0, 0, 0, 0, 0, 0, 0, -1, -1, -1, 0, 0, 0, 0, 0, 0, 0, 0, 0, 0, 0, -1, 0, 0, 0, 0, 0, 0, 0, 0, 0, 0, 0, 0, 0, 0, 0, 0, 0, 0, -1, 0, 0, 0, 0]
[-19, -68, -98, -113, -120, -124, -126, -127, -128, -128, -120, -60, -80, 92, 79, 98, 96, 3, -60, -94, -111, -119, -124, -83, -58, -27, -14, -9, 16, 46, 75, 80, 54, 27, 25, 26, 26, 16, 14, 14, 1, 0, 0, -5, -10, -15, -18, -17, -13, -10, -6, -3, -1, -1, -1, -1, 0, 0, 0, 0, 0, 0, 0, 0, 0, 0, 1, 1, 1, 0, 0, 0, 0, 0, 0, 0, -1, -1, -1, 0, 0, 0, 0, 0, 0, 0, 0, 0, 0, 0, 0, 0, 0, 0, 0, 0, 0, 0, 0, 0]
[-31, -75, -101, -114, -121, -125, -127, -128, -128, -88, -14, 69, 116, 148, 150, 114, 53, -84, -31, -13, -14, -12, -5, -9, -14, -13, -14, -15, -15, -14, -11, -9, -9, -5, -2, 0, 1, 1, 1, 0, 0, 0, 0, 0, 0, 0, 0, 0, 0, 0, 1, 1, 0, 0, 0, 0, 0, 0, 0, 0, 0, 0, 0, 0, 0, 0, 0, 0, 0, 0, 0, 0, 0, 0, 0, 0, 0, 0, 0, 0, 0, 0, 0, 0, 0, 0, 0, 0, 0, 0, 0, 0, 0, 0, 0, 0, 0, 0, 0, 0]
[0, -128, -128, -87, -10, 30, 150, 120, 84, 57, 33, 13, 5, 37, 57, 95, 101, 74, 57, 46, 24, 7, 10, -3, -3, 0, -5, -14, -17, -17, -16, -12, -9, -8, -8, -7, -4, -2, 0, 0, 0, 0, 1, 0, 0, 0, 0, 0, 0, 0, 0, 0, 0, 0, 0, 0, 0, 0, 0, -1, 0, 0, 0, 0, 0, 0, 0, 0, 0, 0, 0, 0, 0, 0, 0, 0, 0, 0, 0, 0, 0, 0, 0, 0, 0, 0, 0, 0, 0, 0, 0, 0, 0, 0, 0, 0, 0, 0, 0, 0]
[-8, -52, -89, -108, -118, -123, -126, -127, -128, -128, -118, -48, -11, 108, 120, 165, 122, 56, 4, -60, -93, -104, -106, -68, -31, -13, -7, -5, -1, 18, 34, 71, 74, 76, 59, 52, 53, 31, 18, 14, -2, -10, -9, -3, -6, -13, -14, -10, -6, -4, -2, -1, -1, -1, -2, -1, 0, 0, 0, 0, 0, 0, -1, -1, -1, 0, 0, 0, 0, -1, -1, 0, 0, 0, 0, 0, 0, 0, 0, 0, 0, 0, 0, 0, 0, 0, 0, 0, 0, 0, -2, -1, 0, 0, 0, 0, 0, 0, 0, 0]
[-22, -71, 0, 0, 0, 0, 0, 0, 0, 0, 0, 0, 0, 0, 0, 0, 0, 0, 0, 0, 0, 0, 0, 0, 0, 0, 0, 0, 0, 0, 0, 0, 0, 0, 0, 0, 0, 0, 0, 0, 0, 0, 0, 0, 0, 0, 0, 0, 0, 0, 0, 0, 0, 0, 0, 0, 0, 0, 0, 0, 0, 0, 0, 0, 0, 0, 0, 0, 0, 0, 0, 0, 0, 0, 0, 0, 0, 0, 0, 0, 0, 0, 0, 0, 0, 0, 0, 0, 0, 0, 0, 0, 0, 0, 0, 0, 0, 0, 0, 0]
[0, -99, -113, -121, -125, -126, -127, -128, -128, -94, -26, -27, 118, 129, 164, 150, 62, -26, -76, -102, -115, -115, -77, -43, -21, -19, -35, -31, 8, 30, 71, 86, 77, 67, 44, 19, 1, 0, -22, -29, -25, -24, -22, -22, -22, -21, -17, -11, -5, -2, -1, -1, -1, -1, 0, 0, 0, 0, 0, 0, 0, 0, 0, 0, 0, 0, 0, 0, 0, 0, 0, -1, 0, 0, 0, 0, 0, 0, 0, 0, 0, 0, 0, 0, 0, 0, 0, 0, 0, 0, 0, 0, 0, 0, 0, 0, 0, 0, 0, 0]
[-35, -78, -103, -115, -122, -125, -127, -128, -128, -128, -82, -15, -54, 104, 81, 120, 97, 2, -61, -94, -111, -119, -124, -79, -52, -32, -24, -37, -25, 24, 44, 83, 77, 69, 68, 50, 28, 15, 8, -10, -13, -21, -35, -32, -25, -17, -11, -8, -8, -11, -8, -4, -2, -1, 0, -1, -1, 0, 0, 0, -1, -1, 0, 0, 1, 1, 0, 0, 0, 0, 0, 0, -1, -1, -1, 0, 0, 0, 0, 0, 0, 0, -1, -1, -1, 0, 0, 0, -1, 0, 0, 0, 0, 0, 0, 0, 0, 0, 0, 0]
[0, -14, 0, 0, 0, 0, 0, 0, 0, 0, 0, 0, 0, 0, 0, 0, 0, 0, 0, 0, 0, 0, 0, 0, 0, 0, 0, 0, 0, 0, 0, 0, 0, 0, 0, 0, 0, 0, 0, 0, 0, 0, 0, 0, 0, 0, 0, 0, 0, 0, 0, 0, 0, 0, 0, 0, 0, 0, 0, 0, 0, 0, 0, 0, 0, 0, 0, 0, 0, 0, 0, 0, 0, 0, 0, 0, 0, 0, 0, 0, 0, 0, 0, 0, 0, 0, 0, 0, 0, 0, 0, 0, 0, 0, 0, 0, 0, 0, 0, 0]
[0, -54, -90, -109, -118, -123, -126, -127, -128, -128, -84, 2, 24, 87, 90, 86, 15, -54, -90, -109, -119, -115, -83, -43, -15, -1, -3, 3, 16, 32, 82, 78, 65, 46, 13, 3, -5, 4, -4, -16, -23, -33, -34, -31, -25, -16, -10, -5, -3, -3, -2, -1, 0, 0, 0, 0, 0, 0, 0, 0, 0, 0, 0, 0, 0, 0, 0, 0, 0, 0, 0, 0, 0, 0, 0, 0, 0, 0, 0, 0, 0, 0, 0, 0, 0, 0, 0, 0, 0, 0, 0, 0, 0, 0, 0, 0, 0, 0, 0, 0]
[-14, -61, -94, -16, 62, 46, -11, -68, -98, -113, -110, -49, -23, 1, 10, 5, -7, -5, 12, 30, 75, 89, 80, 61, 30, 23, 5, 0, -24, -41, -51, -50, -40, -30, -24, -20, -14, -7, -4, -1, 0, 0, 0, 0, 0, 1, 2, 1, 0, 0, 0, 0, 0, 0, 0, 0, 0, 0, 0, 0, 0, 0, 0, 0, 0, 0, 0, 0, 0, 0, 0, 0, 0, 0, 0, 0, 0, 0, 0, 0, 0, 0, -1, 0, 0, 0, 0, -1, 0, 0, 0, 0, 0, 0, 0, 0, 0, 0, 0, 0]
[-12, -41, -79, -103, -115, -122, -125, -127, -128, -128, -128, -128, -128, -3, 24, 68, 91, 43, -33, -79, -103, -116, -111, -60, -18, 4, 16, 11, 24, 47, 56, 80, 69, 60, 53, 43, 32, 24, 14, -1, -5, -13, -20, -20, -16, -11, -8, -5, -2, -2, -3, -4, -4, -3, -1, 0, 0, -1, -1, -1, 0, 0, 0, 0, 0, 0, 0, 0, 0, 0, 0, 0, 0, 0, 0, -1, -1, 0, 0, 0, 0, -1, 0, 0, 0, 0, 0, 0, 0, 0, 0, 0, 0, 0, 0, -1, -1, -1, 0, 0]
[-21, -18, -12, -8, -15, -44, -84, -106, -117, -123, -125, -127, -128, -128, -112, -82, -29, 54, 43, 35, -16, -70, -99, -113, -116, -108, -58, -17, 13, 32, 28, 2, 7, 33, 47, 78, 50, 30, 18, -5, -15, -12, -28, -35, -34, -31, -26, -23, -17, -13, -8, -5, -3, -4, -3, -2, -2, -1, -1, -1, 0, 0, 0, 0, 0, 0, 0, 0, 0, 0, 0, 0, 0, 0, 0, 0, 0, 0, 0, 0, -2, 0, 2, 2, 0, 0, 0, 2, 2, -1, -4, -3, -1, 1, 1, 0, -2, -1, -1, -2]
[-18, -63, -95, -111, -120, -124, -126, -127, -128, -128, -128, -91, -15, 69, 100, 133, 103, 51, -36, -81, -104, -116, -65, -29, 12, 44, 35, 10, 22, 29, 53, 65, 38, 26, 3, -25, -39, -36, -27, -30, -32, -36, -35, -26, -18, -13, -9, -6, -3, -2, -1, -1, -1, 0, 0, 0, 1, 1, 0, 0, -1, -1, -1, -2, -2, -1, 0, 0, 0, 0, 0, 0, 0, 0, 0, -1, -1, 0, 0, 0, 0, 0, 0, 0, 0, 0, 0, 0, 0, 0, 0, 0, 0, 0, 0, 0, 0, 0, 0, 0]
[-21, -72, -100, -114, -121, -125, -127, -127, -128, -128, -93, 7, 113, 145, 162, 136, 61, -29, -77, -102, -115, -93, -42, -26, -7, -3, -7, 22, 56, 61, 69, 37, 13, 1, -10, -24, -40, -54, -59, -59, -54, -46, -31, -16, -10, -6, -5, -4, -3, -2, -1, 0, 0, -1, 0, 0, 1, 0, 0, 0, 0, 0, 0, 0, -1, -2, -1, 0, 0, 0, 0, 0, 0, 0, 0, 0, 0, 0, 0, 0, 0, 0, 0, -2, -1, 1, 3, 1, -1, -2, -1, 0, 0, -2, -2, -1, 0, 0, 0, 0]
[-45, -53, 0, 0, 0, 0, 0, 0, 0, 0, 0, 0, 0, 0, 0, 0, 0, 0, 0, 0, 0, 0, 0, 0, 0, 0, 0, 0, 0, 0, 0, 0, 0, 0, 0, 0, 0, 0, 0, 0, 0, 0, 0, 0, 0, 0, 0, 0, 0, 0, 0, 0, 0, 0, 0, 0, 0, 0, 0, 0, 0, 0, 0, 0, 0, 0, 0, 0, 0, 0, 0, 0, 0, 0, 0, 0, 0, 0, 0, 0, 0, 0, 0, 0, 0, 0, 0, 0, 0, 0, 0, 0, 0, 0, 0, 0, 0, 0, 0, 0]
[0, -87, -107, -118, -123, -126, -127, -128, -128, -128, -128, -116, -31, 66, 128, 160, 157, 128, 93, 61, 24, -9, -23, -31, -41, -40, -71, -99, -112, -120, -124, -111, -70, -38, -22, -10, -6, -3, -1, -1, 0, -1, -2, -2, -1, -1, -1, 0, 0, 0, 0, -1, -1, 0, 0, 1, 0, 0, 0, 0, 0, 0, 0, 0, 0, 0, 0, 0, 0, 0, 0, -1, -1, -1, 0, 0, 0, 0, 0, 0, -2, -2, 0, 3, 2, 0, -1, -1, 0, 0, 0, 0, -1, -1, 0, 0, -1, 0, 0, 0]
[16, -7, -66, -64, -93, -110, -119, -124, -126, -127, -128, -128, -128, -128, -128, -117, -21, 51, 57, 10, -53, -90, -109, -118, -123, -126, -127, -128, -128, -126, -121, -102, -75, -45, -26, -17, -19, -15, -13, -9, -1, 1, 0, 0, -1, -2, -1, 0, 0, 0, 1, 0, -1, -1, -1, 0, 1, 0, 0, 0, 0, 0, 0, 0, 0, 0, 0, 0, 0, 0, 0, 1, 2, 1, 0, 0, 0, 0, 0, 0, 0, 0, 0, 0, 0, 0, 0, 0, 0, 0, 0, 0, 0, 0, 0, 0, 0, 0, 0, 0]
[-48, -75, -101, -115, -121, -125, -127, -128, -128, -128, -128, -128, -66, 26, 89, 106, 110, 79, 18, -48, -83, -77, -82, -105, -95, -77, -102, -114, -111, -104, -103, -84, -58, -38, -28, -18, -11, -6, -6, -4, -3, -1, -1, 0, 0, 0, 0, 0, 0, 0, 0, 0, 0, 0, 0, 0, 0, 0, -1, -1, -1, 0, 0, 0, -1, -2, -1, 0, 0, 0, 0, 0, 0, 0, 0, 0, 0, 0, 0, 0, 0, 0, 0, 0, 0, 0, 0, 0, 0, 0, 0, 0, 0, 0, 0, 0, 0, 0, 0, 0]
[-2, -16, 0, 0, 0, 0, 0, 0, 0, 0, 0, 0, 0, 0, 0, 0, 0, 0, 0, 0, 0, 0, 0, 0, 0, 0, 0, 0, 0, 0, 0, 0, 0, 0, 0, 0, 0, 0, 0, 0, 0, 0, 0, 0, 0, 0, 0, 0, 0, 0, 0, 0, 0, 0, 0, 0, 0, 0, 0, 0, 0, 0, 0, 0, 0, 0, 0, 0, 0, 0, 0, 0, 0, 0, 0, 0, 0, 0, 0, 0, 0, 0, 0, 0, 0, 0, 0, 0, 0, 0, 0, 0, 0, 0, 0, 0, 0, 0, 0, 0]
[0, -71, -78, -95, -112, -120, -124, -126, -127, -128, -128, -128, -128, -128, -116, -25, 33, 41, -72, -81, -45, -25, -14, -7, -5, -6, -4, -4, -5, -4, -5, -5, -3, -3, -1, 0, 1, 2, 2, 2, 2, 1, 0, 0, 0, 0, 0, 0, 0, 0, 0, 0, 0, 0, 0, 0, 0, 0, 0, 0, 0, 0, 0, 0, 0, 0, 0, 0, 0, 0, 0, 0, 0, 0, 0, 0, 0, 0, 0, 0, 0, 0, 0, 0, 0, 0, 0, 0, 0, 0, 0, 0, 0, 0, 0, 0, 0, 0, 0, 0]
[-45, -51, -53, -30, -69, -98, -113, -121, -123, -126, -110, -108, -118, -115, -104, -95, -93, -75, -54, -34, -24, -18, -14, -8, -4, -3, -3, -4, -5, -3, -1, 0, 0, 0, 0, 0, 0, 0, 0, 0, 0, 0, 0, 0, 0, 0, 0, 0, 0, 0, 0, 0, 0, 0, 0, 0, 0, 0, 0, 0, 0, 0, 0, 0, -1, -1, -1, 0, 0, 0, 0, 0, 0, 0, 0, 0, 0, 0, 0, 0, 0, 0, 0, -1, 0, 0, 0, 0, 0, 0, 0, 0, 0, 0, 0, 0, 0, 0, 0, 0]
[-5, -65, 31, 78, 58, -2, -63, -95, -111, -107, -73, -67, -87, -105, -95, -105, -93, -105, -113, -85, -55, -41, -39, -29, -13, -4, -2, -3, -4, -4, -2, -1, 0, 0, 0, 0, 0, 0, 1, 1, 0, 0, 0, 0, 0, 0, 0, 0, 0, 0, 0, 0, 0, 0, 0, 0, -1, 0, 0, 0, 0, 0, 0, 0, 0, 0, 0, 0, 0, 0, 0, 0, 0, 0, 0, 0, 0, 0, 0, 0, 0, 0, 0, 0, 0, 0, 0, 0, 0, 0, 0, 0, 0, 0, 0, 0, 0, 0, 0, 0]
[-60, -93, -111, -119, -124, -126, -127, -128, -128, -128, -128, -128, -64, 42, 89, -64, -44, -32, -21, -13, -9, -8, -8, -6, -4, -2, -1, 0, 0, 0, 0, 0, 0, 0, 0, 1, -1, 0, 0, -1, -1, 0, 0, 0, 0, -1, 0, 0, 0, 0, 0, 0, 0, 0, 0, 0, 0, 0, 0, 0, 0, 0, 0, 0, 0, 0, 0, 0, 0, 0, 0, 0, 0, 0, 0, 0, 0, 0, 0, 0, 0, 0, 0, 0, 0, 0, 0, 0, 0, 0, 0, 0, 0, 0, 0, 0, 0, 0, 0, 0]
[-40, -77, -102, -115, -122, -118, -121, -125, -126, -127, -122, -112, -117, -106, -116, -110, -119, -112, -99, -65, -40, -30, -22, -14, -5, -2, -2, -3, -3, -4, -3, -1, 0, 0, 0, 0, 0, 0, 0, 0, 0, 0, 0, 0, 0, 0, 0, 0, 0, -1, -1, 0, 0, 0, 0, 0, 0, 0, 0, 0, 0, 0, 0, 0, 0, 0, 0, 0, 0, 0, 0, 0, 0, 0, 0, 0, 0, 0, 0, 0, 0, 0, 0, 0, 0, 0, 0, 0, 0, 0, 0, 0, 0, 0, 0, 0, 0, 0, 0, 0]
[-85, -96, -112, -120, -124, -126, -127, -128, -128, -128, -128, -128, -122, -34, 37, 50, 8, -58, -92, -110, -116, -97, -63, -54, -78, -100, -112, -120, -124, -120, -72, -41, -33, -27, -19, -9, -7, -7, -4, -4, -3, -2, -2, -2, -1, 0, 0, 1, 0, 1, 1, 1, 1, 0, 0, 0, 0, 0, 0, 0, 0, 0, 0, 0, 0, 0, 0, 0, 0, 0, 0, 0, 0, 0, 0, 0, 0, 0, 0, 0, 0, 0, 0, 0, 0, 0, 0, 0, 0, 0, 0, 0, 0, 0, 0, 0, 0, 0, 0, 0]
[-69, -98, -113, -120, -124, -126, -127, -128, -128, -128, -128, -128, -124, -17, 77, 106, 84, 15, -55, -91, -109, -119, -123, -124, -113, -99, -105, -114, -116, -91, -76, -62, -46, -35, -25, -16, -14, -11, -9, -8, -5, -2, 0, 1, 1, 1, 0, 0, 0, 0, 0, 0, 0, 0, 0, 0, 0, 0, 0, 0, 0, 0, 0, 0, -1, 0, 0, 0, 0, 0, 0, 0, 0, 0, 0, 0, 0, 0, 0, 0, 0, 0, 0, 0, 0, 0, 0, 0, 0, 0, 0, 0, 0, 0, 0, 0, 0, 0, 0, 0]
[-78, -124, -126, -127, -128, -128, -128, -127, -117, -104, -94, -104, -111, -99, -68, -46, -34, -23, -18, -13, -10, -7, -4, -2, -2, -2, -2, -3, 0, 0, 0, 0, 0, 0, 0, 0, 0, 0, 0, 0, 0, 0, 0, 0, 0, 0, 0, 0, 0, 0, 0, 0, 0, 0, 0, 0, 0, 0, 0, 0, 0, 0, 0, 0, 0, 0, 0, 0, 0, 0, 0, 0, 0, 0, 0, 0, 0, 0, 0, 0, 0, 0, 0, 0, 0, 0, 0, 0, 0, 0, 0, 0, 0, 0, 0, 0, 0, 0, 0, 0]
[2, -17, -70, -74, -100, -114, -121, -125, -127, -127, -128, -128, -128, -128, -128, -108, -35, 5, 1, -45, -86, -107, -117, -110, -87, -97, -93, -103, -98, -92, -83, -82, -86, -65, -54, -48, -34, -22, -15, -11, -8, -6, -7, -7, -4, -2, 0, 0, 0, 0, 0, 0, 1, 0, 1, 0, 0, 0, 0, 0, 0, 0, 0, 0, 0, 0, 0, 0, 0, 0, 0, 0, 0, 0, 0, 0, 0, 0, 0, 0, 0, 0, 0, 0, 0, 0, 0, 0, 0, 0, 0, 0, 0, 0, 0, 0, 0, 0, 0, 0]
[-6, -52, -85, -98, -113, -121, -124, -126, -127, -128, -128, -128, -128, -128, -68, 11, 38, -4, -64, -96, -112, -106, -83, -86, -67, -85, -105, -106, -105, -116, -113, -81, -60, -44, -33, -24, -17, -13, -9, -4, -1, 0, 0, 0, 0, -1, -1, 0, 0, 0, 0, 1, 1, 1, 0, 0, 0, 0, 0, 0, 0, 0, 0, 0, 0, 0, 0, 0, 0, 0, 0, 0, 0, 0, 0, 0, 0, 0, 0, 0, 0, 0, 0, 0, 0, 0, 0, 0, 0, 0, 0, 0, 0, 0, 0, 0, 0, 0, 0, 0]
[12, 0, 0, 0, 0, 0, 0, 0, 0, 0, 0, 0, 0, 0, 0, 0, 0, 0, 0, 0, 0, 0, 0, 0, 0, 0, 0, 0, 0, 0, 0, 0, 0, 0, 0, 0, 0, 0, 0, 0, 0, 0, 0, 0, 0, 0, 0, 0, 0, 0, 0, 0, 0, 0, 0, 0, 0, 0, 0, 0, 0, 0, 0, 0, 0, 0, 0, 0, 0, 0, 0, 0, 0, 0, 0, 0, 0, 0, 0, 0, 0, 0, 0, 0, 0, 0, 0, 0, 0, 0, 0, 0, 0, 0, 0, 0, 0, 0, 0, 0]
[0, -52, -79, -103, -116, -122, -125, -127, -128, -128, -128, -128, -128, -120, -39, 39, 70, 39, -34, -80, -104, -66, -17, -10, -27, -72, -94, -111, -117, -122, -125, -105, -68, -44, -30, -18, -9, -6, -7, -7, -5, -3, -3, -2, -2, -1, -2, -2, -1, 0, 1, 2, 4, 8, 9, 6, 0, -7, -9, -5, 0, 2, 2, 1, 0, -1, -4, -5, -3, 0, 2, 2, 1, -1, -2, -2, -1, 0, 0, 0, 0, 0, 0, 0, 0, -1, -1, -1, 0, 0, 0, 0, 0, 0, 0, 0, 0, 0, 0, 0]
[-41, -82, -105, -116, -122, -125, -127, -128, -128, -128, -128, -128, -95, -10, 53, 66, 23, -49, -88, -108, -118, -123, -126, -127, -128, -122, -109, -90, -80, -62, -37, -28, -23, -18, -14, -4, -2, -1, 0, 0, 0, -1, -1, 0, 0, 1, 1, 0, 0, 0, 0, 0, 0, 0, 0, -1, -1, -1, -1, 0, 0, 0, 0, 0, 0, 0, 0, 0, 0, 0, 0, 0, 0, 0, 0, 0, 0, 0, 0, 0, 0, 0, 0, 0, -1, 0, 0, 0, 0, 0, -1, -1, -2, -9, -7, 0, 0, 0, 0, 0]
[-6, 0, 0, 0, 0, 0, 0, 0, 0, 0, 0, 0, 0, 0, 0, 0, 0, 0, 0, 0, 0, 0, 0, 0, 0, 0, 0, 0, 0, 0, 0, 0, 0, 0, 0, 0, 0, 0, 0, 0, 0, 0, 0, 0, 0, 0, 0, 0, 0, 0, 0, 0, 0, 0, 0, 0, 0, 0, 0, 0, 0, 0, 0, 0, 0, 0, 0, 0, 0, 0, 0, 0, 0, 0, 0, 0, 0, 0, 0, 0, 0, 0, 0, 0, 0, 0, 0, 0, 0, 0, 0, 0, 0, 0, 0, 0, 0, 0, 0, 0]
[-24, -45, -18, -4, -17, -59, -93, -110, -119, -124, -126, 32, 59, 82, 98, 79, 52, 43, 27, 8, -2, -26, -29, -21, -20, -23, -24, -24, -21, -19, -14, -10, -9, -6, -5, -4, -2, -2, -2, -1, 0, 0, 0, 0, 0, 0, 0, 0, 0, 0, 0, 0, 0, 0, 0, 0, 0, 0, 0, 0, 0, 0, 0, 0, 0, 0, 0, 0, 0, 0, 0, 0, 0, 0, 0, 0, 0, 0, 0, 0, 0, 0, 0, 0, 0, 0, 0, 0, 0, 0, 0, 0, 0, 0, 0, 0, 0, 0, 0, 0]
[-29, -40, -36, -14, -40, -82, -104, -116, -122, -125, -100, 25, -20, 31, 51, 52, 49, 37, 17, 1, -25, -44, -47, -56, -59, -50, -40, -29, -20, -13, -9, -5, -2, -2, -1, -1, -2, -2, -1, -1, -1, -1, -2, -2, -1, -1, 0, 0, 0, 0, 0, 0, 0, 0, 0, -2, -2, 0, 0, 0, 0, 0, -1, -1, 0, 0, 0, 0, 0, 0, 0, 0, 0, 0, 0, 0, 0, 0, 0, 0, 0, 0, 0, 0, -1, 0, 0, 0, 0, -1, -1, 0, 0, 0, 0, 0, 0, 0, 0, 0]
[-51, -68, -70, 0, 0, 0, 0, 0, 0, 0, 0, 0, 0, 0, 0, 0, 0, 0, 0, 0, 0, 0, 0, 0, 0, 0, 0, 0, 0, 0, 0, 0, 0, 0, 0, 0, 0, 0, 0, 0, 0, 0, 0, 0, 0, 0, 0, 0, 0, 0, 0, 0, 0, 0, 0, 0, 0, 0, 0, 0, 0, 0, 0, 0, 0, 0, 0, 0, 0, 0, 0, 0, 0, 0, 0, 0, 0, 0, 0, 0, 0, 0, 0, 0, 0, 0, 0, 0, 0, 0, 0, 0, 0, 0, 0, 0, 0, 0, 0, 0]
[0, 0, -94, -111, -119, -124, -126, -127, -13, 8, 10, 49, 60, 59, 52, 48, 27, 8, -4, -27, -29, -33, -33, -25, -20, -14, -9, -7, -7, -8, -8, -6, -3, -2, -3, -2, 0, 2, 1, 0, 0, 0, 0, 0, 0, 0, 0, -1, -1, 0, 0, 0, 0, 0, 0, 0, 0, 0, 0, 0, 0, 0, 0, 0, 0, 0, -1, 0, 0, 0, 0, 0, 0, 0, 0, 0, 0, 0, 0, 0, 0, 0, 0, 0, 0, 0, 0, 0, 0, 0, 0, 0, 0, 0, 0, 0, 0, 0, 0, 0]
[-33, -45, -61, -59, -83, -105, -117, -122, -125, -127, -99, 39, 3, 48, 62, 61, 59, 45, 28, 6, -6, -7, -26, -40, -45, -40, -31, -20, -15, -12, -12, -10, -9, -6, -4, -2, 0, 0, 0, -1, -3, 0, 2, 1, 0, 0, 0, 0, 0, 0, 0, 0, 0, 0, 0, 0, 0, 0, 0, 0, 0, 0, 0, 0, 0, 0, 0, 0, 0, 0, 0, 0, 0, 0, 0, 0, 0, 0, 0, 0, 0, 0, 0, 0, 0, 0, 0, 0, 0, 0, 0, 0, 0, 0, 0, 0, 0, 0, 0, 0]
[-72, -94, 0, 0, 0, 0, 0, 0, 0, 0, 0, 0, 0, 0, 0, 0, 0, 0, 0, 0, 0, 0, 0, 0, 0, 0, 0, 0, 0, 0, 0, 0, 0, 0, 0, 0, 0, 0, 0, 0, 0, 0, 0, 0, 0, 0, 0, 0, 0, 0, 0, 0, 0, 0, 0, 0, 0, 0, 0, 0, 0, 0, 0, 0, 0, 0, 0, 0, 0, 0, 0, 0, 0, 0, 0, 0, 0, 0, 0, 0, 0, 0, 0, 0, 0, 0, 0, 0, 0, 0, 0, 0, 0, 0, 0, 0, 0, 0, 0, 0]
[0, -111, -119, -124, -126, -127, -128, -128, 80, 21, 58, 67, 65, 58, 45, 24, -4, -28, -50, -63, -63, -59, -54, -43, -32, -21, -12, -7, -5, -6, -7, -4, 0, 0, -1, -1, -1, -2, -1, 0, 0, 0, 0, 0, 0, 0, 0, 0, 0, 0, 0, 0, 0, 0, 0, 0, 0, 0, 0, 0, 0, 0, 0, 0, 0, 0, 0, 0, 0, 0, 0, 0, 0, 0, 0, 0, 0, 0, 0, 0, 0, 0, 0, 0, 0, 0, 0, 0, 0, 0, 0, 0, 0, 0, 0, 0, 0, 0, 0, 0]
[-44, -64, -89, -108, -118, -123, -126, -127, -88, 68, 9, 30, 54, 60, 50, 37, 17, 1, -19, -39, -52, -54, -56, -53, -47, -38, -26, -18, -14, -9, -4, -2, -2, -3, -3, -4, -4, -2, -1, 0, 0, 0, 0, 0, 0, 0, 0, 0, 0, 0, 0, 0, 0, 0, 0, 0, 0, 0, 0, 0, 0, 0, 0, 0, 0, 0, 0, 0, 0, 0, 0, 0, 0, 0, 0, 0, 0, 0, 0, 0, 0, 0, 0, 0, 0, 0, 0, 0, 0, 0, 0, 0, 0, 0, 0, 0, 0, 0, 0, 0]
[-49, -69, -94, -111, -119, -124, -126, -127, -128, 54, 12, 48, 63, 51, 40, 23, -1, -22, -43, -59, -62, -67, -64, -56, -40, -28, -20, -13, -9, -6, -3, -1, 0, -1, -4, -3, -2, -3, -3, -2, -1, 0, 0, 0, 0, 0, 0, 0, 0, 0, 0, 0, 0, 0, 0, 0, 0, 0, 0, 0, 0, 0, 0, 0, 0, 0, 0, 0, 0, 0, 0, 0, 0, 0, 0, 0, 0, 0, 0, 0, 0, 0, 0, 0, 0, 0, 0, 0, 0, 0, 0, 0, 0, 0, 0, 0, 0, 0, 0, 0]
[-53, -74, -97, -113, -120, -124, -126, -127, -128, -11, 15, 37, 65, 58, 51, 37, 19, -4, -36, -57, -80, -89, -84, -71, -45, -32, -24, -18, -12, -7, -4, -4, -3, -4, -3, -2, -2, -1, 0, 0, 0, 0, 1, 0, -1, 0, 0, 0, 0, 0, 0, 0, -1, 0, 0, 0, 0, 0, 0, 0, 0, 0, 0, 0, 0, 0, 0, 0, 0, 0, 0, 0, 0, 0, 0, 0, 0, 0, 0, 0, 0, 0, -1, -1, 0, 0, 0, 0, 0, 0, 0, 0, 0, 0, 0, 0, 0, 0, 0, 0]
[-71, -94, -111, -120, -124, -126, -127, 16, 5, 0, -2, -2, -3, -5, -5, -4, -2, -1, -1, 0, 0, 0, 0, 0, 0, 0, 0, 0, 0, -1, 0, 0, 0, 0, 0, 0, 0, 0, 0, 0, 0, 0, 0, 0, 0, -1, 0, 0, 0, 0, 0, 0, 0, 0, 0, 0, 0, 0, 0, 0, 0, 0, 0, 0, -1, 0, 0, 0, 0, 0, 0, 0, 0, 0, 0, 0, 0, 0, 0, 0, 0, 0, 0, 0, 0, 0, 0, 0, 0, 0, 0, 0, 0, 0, 0, 0, 0, 0, 0, 0]
[-51, -77, -102, -115, -122, -125, -127, -128, -128, 81, 16, 42, 61, 52, 42, 22, 0, -14, -41, -44, -45, -42, -40, -35, -30, -22, -16, -15, -14, -12, -8, -4, -2, -1, 0, 0, 0, 0, 0, 0, 0, 0, 0, 0, 0, 0, 0, 0, 0, 0, 0, 0, 0, 0, 0, 0, 0, 0, 0, 0, 0, 0, 0, 0, 0, 0, 0, 0, 0, 0, 0, 0, 0, 0, 0, 0, 0, 0, 0, 0, 0, 0, 0, 0, 0, 0, 0, 0, 0, 0, 0, 0, 0, 0, 0, 0, 0, 0, 0, 0]
[-55, -71, -87, -102, -115, -122, -125, -127, -128, 38, 34, 58, 68, 65, 56, 45, 34, 20, 7, -8, -15, -22, -26, -30, -28, -19, -13, -11, -11, -11, -11, -9, -7, -5, -4, -3, -2, 0, 1, 1, 1, 0, 0, 0, 0, 0, 0, 0, 0, 0, 0, 0, -1, -1, 0, 0, 0, 0, 0, 0, -1, -2, -1, 0, 0, 0, 1, 0, 0, 0, 0, 0, 1, 0, -1, -1, -1, -1, 0, 0, 0, 0, 0, 0, 0, 0, 0, 0, 0, 0, 0, 0, 0, 0, 0, 0, 0, 0, 0, 0]
[-32, 0, 0, 0, 0, 0, 0, 0, 0, 0, 0, 0, 0, 0, 0, 0, 0, 0, 0, 0, 0, 0, 0, 0, 0, 0, 0, 0, 0, 0, 0, 0, 0, 0, 0, 0, 0, 0, 0, 0, 0, 0, 0, 0, 0, 0, 0, 0, 0, 0, 0, 0, 0, 0, 0, 0, 0, 0, 0, 0, 0, 0, 0, 0, 0, 0, 0, 0, 0, 0, 0, 0, 0, 0, 0, 0, 0, 0, 0, 0, 0, 0, 0, 0, 0, 0, 0, 0, 0, 0, 0, 0, 0, 0, 0, 0, 0, 0, 0, 0]
[-57, -72, -85, -106, -117, -123, -126, -127, 39, -5, 27, 59, 59, 56, 48, 34, 25, 11, -8, -21, -34, -43, -49, -45, -37, -29, -21, -12, -8, -5, -3, -1, -1, 0, 0, 0, 0, 0, 0, -1, 0, 0, 0, 0, 0, 0, 0, 0, 0, 0, 0, 0, 0, 0, 0, 0, 0, 0, 0, 0, 0, 0, 0, 0, 0, 0, 0, 0, 0, 0, 0, 0, 0, 0, 0, 0, 0, 0, 0, 0, 0, 0, 0, 0, 0, 0, 0, 0, 0, 0, 0, 0, 0, 0, 0, 0, 0, 0, 0, 0]
[-13, -14, -44, -68, -97, -113, -120, -124, -40, 18, 18, 31, 48, 43, 37, 30, 10, 1, -10, -18, -22, -30, -32, -25, -22, -21, -16, -8, -5, -6, -5, -3, -3, -3, -4, -5, -5, -3, -2, -1, 0, -1, -2, 0, 0, 0, 0, 0, 0, -1, -1, 0, 0, 0, 0, 0, 0, 0, 0, 0, 0, 0, 0, 0, 0, 0, -1, -1, -1, 0, 0, 0, 0, 0, 0, 0, 0, 0, 0, 0, 0, 0, 0, 0, 0, 0, 0, 0, 0, 0, 0, 0, 0, 0, 0, 0, 0, 0, 0, 0]
[-29, -57, -65, 0, 0, 0, 0, 0, 0, 0, 0, 0, 0, 0, 0, 0, 0, 0, 0, 0, 0, 0, 0, 0, 0, 0, 0, 0, 0, 0, 0, 0, 0, 0, 0, 0, 0, 0, 0, 0, 0, 0, 0, 0, 0, 0, 0, 0, 0, 0, 0, 0, 0, 0, 0, 0, 0, 0, 0, 0, 0, 0, 0, 0, 0, 0, 0, 0, 0, 0, 0, 0, 0, 0, 0, 0, 0, 0, 0, 0, 0, 0, 0, 0, 0, 0, 0, 0, 0, 0, 0, 0, 0, 0, 0, 0, 0, 0, 0, 0]
[0, 0, -94, -111, -119, -124, -126, 4, -18, 3, 46, 50, 43, 37, 29, 10, -1, -14, -30, -44, -53, -52, -45, -31, -20, -17, -13, -8, -5, -2, -1, 0, 0, 0, 0, 0, -1, -1, 0, 0, 0, 0, 0, 0, 0, 0, 0, 0, 0, 0, 0, 0, 0, 0, 0, 0, 0, 0, 0, 0, 0, 0, 0, 0, 0, 0, 0, 0, 0, 0, 0, 0, 0, 0, 0, 0, 0, 0, 0, 0, 0, 0, 0, 0, 0, 0, 0, 0, 0, 0, 0, 0, 0, 0, 0, 0, 0, 0, 0, 0]
[-34, -47, -83, -102, -115, -122, -125, -127, -26, -1, 9, 47, 43, 39, 27, 16, -3, -13, -21, -36, -38, -43, -38, -30, -23, -20, -13, -7, -4, -3, -3, -2, 0, 0, 0, 0, 0, 0, 0, 0, -1, -1, -1, -2, -2, -2, -1, 0, 0, 0, 0, 0, 0, 0, 0, 0, 0, 0, 0, 0, 0, 0, 0, 0, 0, 0, 0, 0, 0, 0, 0, 0, 0, 0, 0, 0, 0, 0, 0, 0, 0, 0, 0, 0, 0, 0, 0, 0, 0, 0, 0, 0, 0, 0, 0, 0, 0, 0, 0, 0]
[-37, -49, -84, -106, -117, -123, -125, -127, 47, 5, 42, 65, 60, 61, 52, 40, 16, -3, -20, -35, -39, -43, -45, -41, -34, -27, -18, -11, -7, -7, -5, -4, -2, -1, -1, 0, 0, 0, -1, -2, -3, -2, -1, 0, 0, 0, 0, 0, 0, 0, 0, 0, 0, 0, 0, 0, 0, 0, 0, 0, 0, 0, 0, 0, 0, 0, 0, 0, 0, 0, 0, 0, 0, 0, 0, 0, 0, 0, 0, 0, 0, 0, 0, 0, 0, 0, 0, 0, 0, 0, 0, 0, 0, 0, 0, 0, 0, 0, 0, 0]
[-116, 0, 0, 0, 0, 0, 0, 0, 0, 0, 0, 0, 0, 0, 0, 0, 0, 0, 0, 0, 0, 0, 0, 0, 0, 0, 0, 0, 0, 0, 0, 0, 0, 0, 0, 0, 0, 0, 0, 0, 0, 0, 0, 0, 0, 0, 0, 0, 0, 0, 0, 0, 0, 0, 0, 0, 0, 0, 0, 0, 0, 0, 0, 0, 0, 0, 0, 0, 0, 0, 0, 0, 0, 0, 0, 0, 0, 0, 0, 0, 0, 0, 0, 0, 0, 0, 0, 0, 0, 0, 0, 0, 0, 0, 0, 0, 0, 0, 0, 0]
[-57, -11, 9, 13, 0, -10, -26, -39, -42, -50, -50, -30, -22, -18, -11, -6, -3, -2, -2, -2, -1, 0, 0, 0, 0, 0, 0, 0, 0, 0, 0, 0, 0, 0, 0, 0, 0, 0, 0, 0, 0, 0, 0, 0, 0, 0, 0, 0, 0, 0, 0, 0, 0, 0, 0, 0, 0, 0, 0, 0, 0, 0, 0, 0, 0, 0, 0, 0, 0, 0, 0, 0, 0, 0, 0, 0, 0, 0, 0, 0, 0, 0, 0, 0, 0, 0, 0, 0, 0, 0, 0, 0, 0, 0, 0, 0, 0, 0, 0, 0]
[-64, -86, -101, -114, -121, -125, -127, -128, -28, 57, 36, 67, 72, 63, 49, 32, 10, -5, -20, -33, -32, -33, -38, -36, -30, -23, -16, -11, -7, -8, -7, -4, -3, -2, 0, 0, -1, -2, -2, -1, 0, 0, 0, -1, -1, 0, 0, 0, 0, 0, 0, 0, 0, 0, -1, -2, -1, 0, 0, 0, 0, 0, 0, 0, 0, 0, 0, 0, 0, 0, 0, 0, 0, 0, 0, 0, 0, 0, 0, 0, 1, 0, 0, 0, 0, 0, 0, 0, 0, 0, 0, 0, -1, 0, 0, 0, 0, 0, 0, 0]
[-30, -39, -66, -91, -110, -119, -124, -126, 4, 34, 36, 60, 60, 58, 46, 31, 10, -5, -22, -44, -48, -50, -48, -38, -31, -25, -18, -12, -9, -7, -5, -2, -1, 0, -1, -2, -3, -3, -2, -2, -1, 0, 0, 0, 0, 0, 0, 0, 0, 0, 0, 0, 0, 0, 0, 0, 0, 0, 0, 0, 0, 0, 0, 0, 0, 0, 0, 0, 0, 0, 0, 0, 0, 0, 0, 0, 0, 0, 0, 0, 0, 0, -1, -1, 0, 0, 0, 0, 0, 0, 0, 0, 0, 0, 0, 0, 0, -1, 0, 1]
[3, 2, 0, 0, 0, 0, 0, 0, 0, 0, 0, 0, 0, 0, 0, 0, 0, 0, 0, 0, 0, 0, 0, 0, 0, 0, 0, 0, 0, 0, 0, 0, 0, 0, 0, 0, 0, 0, 0, 0, 0, 0, 0, 0, 0, 0, 0, 0, 0, 0, 0, 0, 0, 0, 0, 0, 0, 0, 0, 0, 0, 0, 0, 0, 0, 0, 0, 0, 0, 0, 0, 0, 0, 0, 0, 0, 0, 0, 0, 0, 0, 0, 0, 0, 0, 0, 0, 0, 0, 0, 0, 0, 0, 0, 0, 0, 0, 0, 0, 0]
[0, 2, 0, -3, -5, -4, -2, 0, 2, 1, 0, 0, -1, 0, 0, -1, 0, 0, 1, 0, 0, 0, -1, 0, 1, 1, 1, 1, 0, 0, 1, 2, 1, 0, -2, -4, -3, -1, -2, -2, -2, -1, 0, 0, 1, 2, 2, -1, -3, -2, 0, 0, 2, 2, 0, 0, 0, 0, 0, 0, -1, -1, 1, 3, 2, 0, 0, 0, 0, 0, 0, 0, 0, 0, 0, -1, 0, 0, 0, 0, 0, 0, 0, 0, 0, 0, 0, 0, 0, 0, 0, 0, 0, 0, 0, 0, 0, 0, 0, 0]
[0, 5, 0, 0, 0, 0, 0, 0, 0, 0, 0, 0, 0, 0, 0, 0, 0, 0, 0, 0, 0, 0, 0, 0, 0, 0, 0, 0, 0, 0, 0, 0, 0, 0, 0, 0, 0, 0, 0, 0, 0, 0, 0, 0, 0, 0, 0, 0, 0, 0, 0, 0, 0, 0, 0, 0, 0, 0, 0, 0, 0, 0, 0, 0, 0, 0, 0, 0, 0, 0, 0, 0, 0, 0, 0, 0, 0, 0, 0, 0, 0, 0, 0, 0, 0, 0, 0, 0, 0, 0, 0, 0, 0, 0, 0, 0, 0, 0, 0, 0]
[0, 10, 14, 15, 13, 8, 4, 1, 0, -2, -1, -1, -1, -1, -6, -13, -16, -17, -16, -16, -15, -16, 13, 0, 0, 0, 0, 0, 0, 0, 0, 0, 0, 0, 0, 0, 0, 0, 0, 0, 0, 0, 0, 0, 0, 0, 0, 0, 0, 0, 0, 0, 0, 0, 0, 0, 0, 0, 0, 0, 0, 0, 0, 0, 0, 0, 0, 0, 0, 0, 0, 0, 0, 0, 0, 0, 0, 0, 0, 0, 0, 0, 0, 0, 0, 0, 0, 0, 0, 0, 0, 0, 0, 0, 0, 0, 0, 0, 0, 0]
[11, 5, 2, 0, 0, 0, 0, 0, 0, 0, 0, 0, 0, 0, 0, 0, 7, 10, 11, 10, -3, -4, -5, -6, -6, -3, 0, 0, 0, 0, 0, 0, 0, 0, 0, 0, 0, 0, 0, 0, 0, 0, 0, 0, 0, 0, 0, 0, 0, 0, 0, 0, 0, 0, 0, 0, 0, 0, 0, 0, 0, 0, 0, 0, 0, 0, 0, 0, 0, 0, 0, 0, 0, 0, 0, 0, 0, 0, 0, 0, 0, 0, 0, 0, 0, 0, 0, 0, 0, 0, 0, 0, 0, 0, 0, 0, 0, 0, 0, 0]
[3, 0, 0, 0, 0, 0, 0, 0, 0, 0, 0, 0, 0, 0, 0, 0, 0, 0, 0, 0, 0, 0, 0, 0, 0, 0, 0, 0, 0, 0, 0, 0, 0, 0, 0, 0, 0, 0, 0, 0, 0, 0, 0, 0, 0, 0, 0, 0, 0, 0, 0, 0, 0, 0, 0, 0, 0, 0, 0, 0, 0, 0, 0, 0, 0, 0, 0, 0, 0, 0, 0, 0, 0, 0, 0, 0, 0, 0, 0, 0, 0, 0, 0, 0, 0, 0, 0, 0, 0, 0, 0, 0, 0, 0, 0, 0, 0, 0, 0, 0]
[12, 19, 21, 19, 14, 9, 4, -1, -6, -9, -11, -11, -10, -8, -7, -6, -5, -5, -5, -5, -7, -10, -10, -11, -8, -9, -5, 0, 2, 4, 3, 1, 0, 0, -1, 0, 0, 0, 0, 0, 0, 0, 0, 0, 0, -1, -1, 0, 0, 0, 0, 0, 0, 0, 0, 0, 0, 0, 0, 0, 0, 0, 0, 0, 0, 0, 0, 0, 0, 0, 0, 0, 0, 0, 0, 0, 0, 0, 0, 0, 0, 0, 0, 0, 0, 0, 0, 0, 0, 0, 0, 0, 0, 0, 0, 0, 0, 0, 0, 0]
[-4, 3, 11, 15, 17, 16, 12, 7, 1, -2, -5, -9, -9, -9, -11, -14, -13, -12, -9, -6, -5, -4, -4, -5, -6, -8, -11, -12, -11, -8, -6, -3, -3, -4, -6, -6, -5, -2, 1, 5, 8, 9, 9, 8, 5, 2, 0, -3, -5, -6, -8, -7, -5, -3, -4, -5, -6, -8, -7, -3, 0, 1, 1, 0, -1, -4, -9, -12, -11, -11, -10, -9, -8, -8, -7, -6, -2, 3, 7, 11, 12, 12, 11, 9, 7, 3, 0, -1, -5, -8, -12, -13, -13, -12, -10, -8, -6, -6, -5, -4]
[-3, -4, -5, -6, -6, -4, -2, 0, 0, 0, 0, 0, 0, 0, 0, 0, 0, 0, 0, -1, -1, -2, -2, -1, -1, -1, -1, -1, -1, -1, -1, 0, 0, 0, 0, -1, -1, -1, -1, 0, -1, -1, -2, -1, -1, -1, 0, 0, -1, -1, -1, -1, -1, -1, -1, -1, -1, -1, -1, -1, -1, 0, 0, 0, 0, 0, -1, -1, -1, -1, -1, -1, -1, -1, -1, -1, -1, -1, -1, -1, -1, -1, -1, -1, -1, -1, -1, -1, -1, -1, 0, -1, -1, -1, -1, -1, 0, 0, 0, 0]
[-4, -6, 0, 0, 0, 0, 0, 0, 0, 0, 0, 0, 0, 0, 0, 0, 0, 0, 0, 0, 0, 0, 0, 0, 0, 0, 0, 0, 0, 0, 0, 0, 0, 0, 0, 0, 0, 0, 0, 0, 0, 0, 0, 0, 0, 0, 0, 0, 0, 0, 0, 0, 0, 0, 0, 0, 0, 0, 0, 0, 0, 0, 0, 0, 0, 0, 0, 0, 0, 0, 0, 0, 0, 0, 0, 0, 0, 0, 0, 0, 0, 0, 0, 0, 0, 0, 0, 0, 0, 0, 0, 0, 0, 0, 0, 0, 0, 0, 0, 0]
[0, -6, -1, 0, 0, -4, -6, -8, -8, -6, -5, -4, -3, -3, -3, -3, -3, -3, -3, -3, -3, -3, -2, -2, -1, 0, 0, 0, 0, -1, -1, -1, -1, -1, 0, 0, 0, 0, 0, -1, -1, -1, -1, -1, -1, -1, 0, 0, 0, 0, -1, -1, -1, -1, -1, -1, -1, -1, -1, -1, -1, -1, -1, 0, 0, 0, -1, 0, 0, 0, 0, -1, -1, -2, -2, -2, -1, -1, -1, -1, -2, -2, -1, -1, 0, 0, -1, -2, -2, -1, -1, 0, 0, 0, 0, 0, 0, 0, 0, 0]
[-7, -12, -13, -11, -8, -4, -3, -3, -2, 0, 3, 9, 14, 18, 20, 18, 13, 5, -2, -10, -15, -17, -16, -14, -10, -8, -7, -5, -3, -1, -1, 0, 0, -1, -1, -1, -1, -1, -1, -1, -1, 0, 0, 0, 0, 0, 0, -1, -1, -1, -1, -1, 0, 0, -1, -1, -1, -1, -1, -1, -1, -1, 0, 0, -1, 0, -1, -1, -1, -1, 0, 0, 0, 0, -2, -2, -3, -2, -1, -1, -1, -2, -1, -1, 0, 0, 0, 0, -1, -1, -1, -1, -1, 0, 0, -1, -2, -3, -4, -4]
[-20, -14, -15, -18, -20, -21, -19, -16, -13, -11, -10, -7, -4, -3, -3, -2, -2, -1, -1, 0, 0, 0, 0, -1, -1, -1, -1, -1, -1, -1, -1, 0, 0, 0, -1, -1, -1, -2, -2, -1, -1, -1, 0, 0, 0, 0, 0, 0, -1, -1, -1, -1, 0, 0, 0, 0, 0, 0, 0, 0, -1, -1, -1, -1, -1, 0, 0, 0, 0, 0, -1, -1, 0, 0, -1, -1, -1, 0, 0, 0, 0, -1, -1, -1, -1, -1, -1, 0, 0, -1, -1, 0, 0, 0, 0, 0, 0, 0, 0, 0]
[0, 3, 11, 12, 11, 11, 9, 9, 8, 7, 8, 8, 5, 2, 0, 0, 0, -1, -5, -8, -11, -12, -12, -9, -7, -5, -2, 0, 4, 5, 7, 6, 5, 3, 2, 1, 0, -1, -2, -2, -2, -2, -3, -3, -4, -4, -3, -2, -2, -1, -1, 0, 0, 0, 0, -1, -1, -1, -1, -1, -1, -1, -2, -2, -2, -1, -1, -1, 0, 0, 0, 0, -1, -1, -1, -1, -1, 0, 0, -1, -1, -1, -1, 0, -1, -1, -1, -1, -1, -1, 0, -1, -1, -1, -1, -1, 0, 0, 0, 0]
[15, 5, 0, 0, 0, 0, 0, 0, 0, 0, 0, 0, 0, 0, 0, 0, 0, 0, 0, 0, 0, 0, 0, 0, 0, 0, 0, 0, 0, 0, 0, 0, 0, 0, 0, 0, 0, 0, 0, 0, 0, 0, 0, 0, 0, 0, 0, 0, 0, 0, 0, 0, 0, 0, 0, 0, 0, 0, 0, 0, 0, 0, 0, 0, 0, 0, 0, 0, 0, 0, 0, 0, 0, 0, 0, 0, 0, 0, 0, 0, 0, 0, 0, 0, 0, 0, 0, 0, 0, 0, 0, 0, 0, 0, 0, 0, 0, 0, 0, 0]
[0, 0, -2, -2, -3, -5, -6, -7, -7, -7, -6, -6, -2, 0, 0, 2, 3, 3, 3, 2, 1, 0, 0, 0, -1, -1, -1, -2, -2, -2, -2, -2, -2, -2, -1, -1, -1, -1, -1, -1, -1, -1, -1, -1, -1, -1, -1, -1, -1, -1, -1, -1, -1, -1, -1, -1, -1, -1, -1, -1, -1, -1, -1, -1, -1, -1, -1, -1, -1, -1, -1, -1, -1, -1, -1, -1, -1, -1, -1, -1, -1, -1, -1, -1, 0, 0, -1, 0, -1, -1, -1, 0, 0, 0, 0, 0, 0, 0, 0, 0]
[0, 3, 9, 10, 10, 10, 9, 9, 9, 9, 8, 6, 1, -2, -4, -5, -4, -1, -1, -1, 0, 0, 0, 0, 0, 0, 0, 0, 0, -1, -1, -1, -1, -2, -1, -1, -1, -1, -1, -1, 0, 0, -1, -1, -1, -1, -1, -1, 0, 0, -1, 0, 0, 0, 0, 0, 0, 0, 0, 0, 0, 0, -1, -1, -1, -1, 0, -1, -1, -1, -1, -1, 0, 0, 0, 0, -1, -1, -1, -2, 0, 0, -1, -2, -2, -1, 0, 0, -1, -2, -1, -1, -2, -2, -1, 0, 0, -1, -1, 0]
[-1, -3, 4, 13, 15, 15, 13, 10, 9, 7, 4, 1, -1, -1, -1, -2, -3, -4, -3, -3, -3, -1, -1, 0, 0, 0, 0, 0, 0, 0, 0, -1, -1, -1, -1, -1, -1, -1, -1, 0, 0, 0, 0, 0, 0, 0, -1, -1, -1, -1, -1, 0, -1, -1, 0, -1, -1, -1, -1, 0, 0, 0, -1, 0, -1, -1, -1, -1, -1, -1, -1, -1, -1, -1, -1, -1, 0, 0, 0, 0, 0, 0, 0, -1, -1, -1, -1, -1, -1, -1, -1, -1, -1, 0, -1, -1, -1, -1, 0, 0]
[-2, 1, 6, 12, 15, 13, 11, 9, 9, 10, 10, 8, 4, 0, -1, -1, -1, -2, -3, -3, -3, -3, -1, 0, 0, 0, 0, -1, 0, 0, 0, 0, 0, 0, 0, 0, 0, 0, 0, -1, -1, -1, -1, 0, 0, -1, -1, -1, -1, -1, -1, -1, -1, 0, 0, -1, -1, -1, 0, 0, 0, -1, -1, -1, -1, -1, -1, -1, -1, -1, 0, 0, -1, 0, 0, 0, 0, 0, -1, -1, -1, -1, -1, -1, -1, -1, -1, -1, 0, 0, -1, -1, -1, -1, -1, -1, 0, 0, 0, 0]
[-1, -1, 0, 3, 8, 8, 7, 7, 6, 4, 0, -1, -3, -5, -7, -8, -7, -6, -4, -2, 0, 0, 1, 0, 0, 0, 0, -1, -1, -1, -1, -1, -1, -1, -1, -1, -1, 0, -1, 0, 0, 0, -1, -1, -1, -1, 0, 0, 0, 0, 0, 0, 0, 0, -1, 0, 0, -1, 0, 0, 0, 0, -1, -1, -1, 0, 0, 0, 0, 0, 0, 0, 0, 0, 0, 0, 0, 0, 0, 0, 0, 0, 0, 0, -1, -1, -1, -1, -1, -1, -1, -1, -1, 0, 0, 0, 0, 0, 0, 0]
[-1, 0, 1, 3, 6, 6, 4, 3, 2, 0, -1, -4, -6, -7, -7, -6, -5, -3, -2, -1, 0, 1, 1, 2, 1, 1, 0, 0, 0, 0, 0, 0, 0, 0, -1, -1, -2, -1, -1, -1, -1, -1, 0, 0, 0, -1, -1, 0, 0, -1, 0, -1, -1, 0, -1, 0, 0, 0, 0, 0, 0, 0, -1, -1, 0, 0, 0, 0, -1, -1, -1, -1, -1, 0, 0, 0, 0, 0, -1, -1, -1, 0, 0, 0, 0, 0, 0, 0, -1, -1, 0, -1, -1, 0, 0, 0, 0, 0, 0, 0]
[0, 0, 5, 8, 6, 2, 1, -1, -4, -7, -8, -8, -7, -4, -4, -4, -2, -1, 0, 0, 0, 0, 0, 0, 0, 0, 0, -1, 0, 0, 0, 0, 0, 0, -1, -2, -1, 0, 0, 0, 0, -1, 0, 0, 0, 0, 0, 0, 0, 0, 0, 0, 0, 0, 0, 0, 0, 0, 0, 0, 0, 0, 0, 0, 0, 0, 0, -1, -1, -1, -1, 0, 0, 0, 0, -1, -1, -1, -1, -1, -1, 0, 0, 0, 0, 0, 0, 0, 0, 0, 0, 0, 0, 0, 0, 0, 0, 0, 0, 0]
[-5, 0, 0, 0, 0, 0, 0, 0, 0, 0, 0, 0, 0, 0, 0, 0, 0, 0, 0, 0, 0, 0, 0, 0, 0, 0, 0, 0, 0, 0, 0, 0, 0, 0, 0, 0, 0, 0, 0, 0, 0, 0, 0, 0, 0, 0, 0, 0, 0, 0, 0, 0, 0, 0, 0, 0, 0, 0, 0, 0, 0, 0, 0, 0, 0, 0, 0, 0, 0, 0, 0, 0, 0, 0, 0, 0, 0, 0, 0, 0, 0, 0, 0, 0, 0, 0, 0, 0, 0, 0, 0, 0, 0, 0, 0, 0, 0, 0, 0, 0]
[-3, 18, 8, 3, 2, 1, 1, 0, 0, 0, 0, 0, 0, 0, 0, 0, 0, 0, 0, 0, 0, -1, 0, 0, 0, 0, 0, 0, 0, 0, 0, 0, 0, 0, 0, 0, 0, 0, 0, 0, 0, 0, 0, 0, 0, 0, 0, 0, 0, 0, 0, 0, 0, 0, 0, 0, 0, 0, -1, 0, 0, 0, 0, 0, 0, 0, 0, 0, 0, 0, 0, 0, 0, 0, 0, 0, 0, 0, 0, 0, 0, 0, 0, 0, 0, 0, -1, -1, -1, 0, 0, 0, 0, 0, 0, 0, 0, 0, 0, 0]
[-1, -2, 0, 5, 10, 13, 13, 13, 12, 8, 1, -5, -9, -10, -8, -6, -6, -4, -1, 1, 0, 0, 0, 0, -1, -1, -1, -1, 0, 0, 0, 0, 0, 0, 0, 0, 0, 0, 0, 0, 0, 0, 0, 0, -1, -1, 0, 0, 0, 0, 0, 0, 0, 0, 0, 0, 0, 0, 0, 0, 0, 0, 0, 0, 0, 0, 0, 0, 0, 0, 0, 0, 0, 0, 0, 0, 0, 0, -1, 0, 0, 0, 0, 0, 0, 0, 0, 0, 0, 0, 0, 0, 0, 0, 0, 0, 0, 0, 0, 0]
[3, 0, -1, 2, 6, 9, 8, 5, 5, 5, 3, 0, -3, -7, -9, -9, -8, -6, -3, 0, 0, 2, 3, 3, 3, 1, 0, 0, 0, 0, -1, -1, 0, 0, 0, 0, 0, 0, 0, -1, -1, -1, -1, -1, -1, -1, 0, 0, 0, -1, -1, -1, -2, -1, -1, 0, 0, 0, 0, 0, 0, 0, 0, -1, -1, -1, -1, 0, 0, 0, 0, -1, -1, -2, -1, -1, -1, -1, -1, -1, 0, 0, 0, 0, 0, 0, 0, 0, 0, 0, 0, 0, 0, -1, -1, 0, 0, 0, 0, 0]
[-2, -1, 1, 5, 7, 8, 8, 7, 6, 2, -2, -6, -7, -7, -6, -5, -5, -4, -2, -1, 0, 1, 1, 1, 0, 0, 0, 0, 0, 0, 0, 0, 0, 0, 0, 0, 0, -1, -1, -1, 0, -1, -1, -1, -1, -1, 0, 0, 0, 0, 0, 0, 0, 0, 0, 0, 0, 0, 0, 0, 0, 0, 0, 0, -1, -1, -1, 0, 0, 0, 0, 0, 0, 0, 0, -1, -1, -1, -1, 0, 0, 0, 0, 0, -1, -1, 0, 0, -1, 0, 0, 0, 0, 0, 0, 0, 0, 0, 0, 0]
[4, 0, 0, 0, 0, 0, 0, 0, 0, 0, 0, 0, 0, 0, 0, 0, 0, 0, 0, 0, 0, 0, 0, 0, 0, 0, 0, 0, 0, 0, 0, 0, 0, 0, 0, 0, 0, 0, 0, 0, 0, 0, 0, 0, 0, 0, 0, 0, 0, 0, 0, 0, 0, 0, 0, 0, 0, 0, 0, 0, 0, 0, 0, 0, 0, 0, 0, 0, 0, 0, 0, 0, 0, 0, 0, 0, 0, 0, 0, 0, 0, 0, 0, 0, 0, 0, 0, 0, 0, 0, 0, 0, 0, 0, 0, 0, 0, 0, 0, 0]
[2, 2, 5, 0, 1, 1, 1, 0, 0, 0, 0, -1, -1, -1, -1, -1, -1, -1, -1, 0, 0, 0, 0, 0, 0, 0, 0, -1, -1, -1, 0, 0, 0, 0, 0, 0, 0, 0, 0, -1, -1, 0, 0, 0, 0, 0, 0, -1, -1, -1, -1, -1, -1, 0, 0, 0, 0, 0, 0, 0, 0, -1, -1, -1, -1, -1, 0, -1, -1, -1, -1, -1, -1, -1, 0, 0, 0, 0, 0, -1, -1, -1, -1, -1, 0, 0, 0, 0, -1, 0, 0, 0, 0, 0, 0, 0, 0, 0, 0, 0]
[-6, -5, 0, 4, 7, 7, 4, 1, -1, -4, -6, -9, -9, -6, -4, -3, -2, -1, 0, 1, 1, 0, 0, 0, 0, 0, 0, -1, 0, 0, 0, 0, 0, 0, 0, 0, 0, 0, 0, 0, 0, 0, -1, -1, 0, 0, 0, 0, 0, 0, 0, 0, 0, -1, -1, -1, 0, -1, -1, 0, 0, -1, 0, 0, 0, 0, 0, 0, 0, 0, 0, -1, -1, 0, 0, 0, 0, 0, 0, 0, 0, 0, 0, 0, 0, 0, -1, -1, -2, -2, -1, -1, -1, 0, 0, 0, 0, 0, 0, 0]
[1, 1, 3, 5, 6, 5, 3, 1, 0, -2, -6, -9, -10, -8, -6, -4, -2, -1, 0, 0, 1, 1, 0, 0, 0, 0, 0, -1, -1, -1, -1, -1, -1, 0, 0, 0, 0, 0, -1, -1, 0, 0, 0, 0, 0, 0, 0, 0, 0, 0, 0, 0, -1, 0, 0, 0, 0, 0, 0, 0, 0, 0, -1, -1, 0, 0, 0, 0, 0, 0, 0, 0, 0, 0, -1, -1, -1, -2, -1, 0, 0, 0, 0, 0, 0, 0, -1, -1, -1, -1, -1, -1, 0, 0, 0, 0, 0, -1, -1, -2]
[-3, -2, 1, 7, 11, 14, 17, 16, 14, 13, 13, 10, 5, 0, -4, -6, -7, -7, -7, -7, -6, -4, -1, 0, 1, 2, 3, 1, 1, 0, 0, 0, -1, -1, -2, -2, -1, -1, 0, 0, 0, 0, 0, 0, 0, 0, 0, 0, 0, 0, 0, 0, 0, -1, 0, 0, 0, -1, -1, -1, -1, 0, 0, 0, 0, 0, -1, -1, 0, 0, -1, -1, 0, 0, -1, -1, -1, -2, -2, -1, -1, -1, 0, 0, 0, 0, 0, 0, 0, 0, 0, 0, 0, 0, -1, -1, 0, 0, 0, 0]
[0, 0, 2, 7, 11, 6, 4, 4, 2, -2, -7, -10, -10, -8, -6, -4, -2, -1, 0, 0, 0, 0, 0, 0, 0, 0, 0, -1, -1, -1, -1, -1, -1, -1, -1, 0, 0, 0, 0, 0, 0, 0, 0, 0, 0, 0, 0, 0, 0, 0, 0, 0, 0, 0, 0, 0, 0, 0, 0, 0, 0, 0, 0, 0, 0, 0, -1, -1, 0, 0, 0, 0, 0, 0, -1, -1, -1, 0, 0, 0, 0, 0, 0, 0, 0, 0, 0, -1, 0, 0, 0, 0, 0, 0, 0, 0, 0, 0, 0, 0]
[1, 0, 0, 4, 9, 10, 8, 6, 4, 0, -6, -10, -13, -9, -6, -4, -2, 0, 1, 2, 2, 2, 2, 2, 1, 0, -1, -1, -1, -1, 0, 0, 0, 0, 0, 0, 0, -1, 0, 0, 0, 0, 0, 0, -1, -1, -1, -1, 0, 0, 0, -1, 0, 0, 0, 0, 0, 0, 0, 0, 0, 0, 0, 0, 0, 0, 0, -1, -1, -2, 0, 0, 0, -1, 0, 0, 0, 0, 0, 0, 0, 0, 0, 0, 0, 0, 0, 0, 0, 0, 0, 0, 0, 0, 0, 0, 0, 0, 0, 0]
[1, 5, 4, 2, 1, 0, 1, 2, 2, 1, 0, 0, 0, 0, 0, 0, 0, 0, 0, -1, -1, -1, 0, 0, 0, 0, 0, 0, 0, 0, 0, 0, 0, 0, 0, 0, -1, -1, -1, 0, 0, 0, 0, 0, 0, 0, 0, 0, 0, 0, 0, 0, 0, 0, 0, 0, 0, 0, 0, 0, 0, 0, 0, 0, -1, 0, 0, 0, 0, 0, 0, 0, 0, 0, 0, 0, 0, 0, 0, 0, 0, 0, 0, 0, 0, 0, 0, 0, 0, 0, 0, 0, 0, 0, 0, 0, 0, 0, 0, 0]
[-20, -14, 2, 14, 14, 9, 3, -6, -16, -22, -21, -16, -9, -7, -6, -3, -1, 1, 2, 3, 3, 2, 2, 2, 1, 0, 0, 0, 0, 0, -1, -2, -2, -2, -1, -1, 0, 0, 0, -1, -1, -1, 0, -1, 0, 0, 0, 0, 0, 0, 0, 0, 0, 0, 0, 0, 0, 0, 0, -1, -1, -1, 0, 0, -1, -1, 0, 0, 0, 0, 0, 0, 0, 0, 0, -1, 0, 0, 0, 0, 0, 0, 0, 0, -1, 0, 0, 0, -1, -1, -1, -1, 0, 0, 0, 0, 0, 0, -1, -1]
[1, 0, 0, 4, 11, 15, 14, 11, 6, -2, -11, -17, -19, -15, -12, -9, -6, -1, 2, 3, 3, 3, 2, 1, 0, 0, -1, -1, -1, -1, -2, -2, -1, -1, -1, -1, -1, -1, 0, 0, 0, -1, 0, 0, 0, 0, 0, 0, 0, -1, -1, -1, 0, 0, -1, -1, -1, -1, -1, -1, -1, 0, 0, 0, 0, 0, 0, 0, 0, 0, 0, 0, 0, 0, 0, 0, 0, -1, 0, 0, 0, 0, -1, 0, 0, 0, -1, -1, 0, 0, 0, 0, 0, 0, 0, 0, 0, 0, 0, 0]
[3, 0, 0, 4, 5, 3, 1, -4, -14, -21, -22, -17, -11, -6, -2, 0, 0, 0, 0, 0, 0, 1, 1, 0, 0, 0, -1, -1, -1, -1, -1, 0, 0, -1, -2, -1, -1, -2, -2, -1, 0, 1, 0, 0, 0, -1, -1, -2, -2, -1, -1, 0, -1, -1, -1, -1, 0, 0, 0, 0, 0, 1, 3, 2, -3, -2, -2, -2, -2, -2, -1, 0, 0, 0, 0, 0, 0, 0, 0, 0, 0, -1, -1, -1, -1, 0, 0, 0, 0, 0, 0, 0, 0, 0, 0, -1, 0, 0, 0, 0]
[-7, -6, 0, 9, 15, 14, 12, 6, -2, -10, -16, -16, -10, -5, -2, 0, 0, 0, 0, 1, 1, 1, 0, 0, 0, 0, 0, 0, 0, 0, 0, 0, 0, 0, 0, 0, 0, 0, 0, 0, 0, 0, 0, 0, 0, 0, 0, 0, 0, 0, 0, 0, 0, 0, -1, 0, 0, 0, 0, 0, 0, 0, 0, 0, 0, 0, 0, 0, 0, 0, -1, -1, -1, 0, 0, 0, 0, 0, 0, 0, 0, 0, 0, -1, -1, -1, 0, 0, 0, 0, 0, 0, 0, 0, -1, 0, 0, 0, 0, 0]
[-2, 1, 7, 11, 12, 12, 12, -11, -6, -3, -1, -1, -1, -1, 0, 0, 0, 0, 0, 0, 0, 0, 0, 0, 0, 0, 0, 0, 0, 0, 0, 0, 0, 0, 0, 0, 0, 0, 0, 0, 0, 0, 0, 0, 0, 0, 0, 0, 0, 0, -1, -1, 0, 0, 0, 0, 0, 0, 0, 0, 0, 0, 0, 0, 0, 0, 0, 0, 0, 0, 0, 0, 0, 0, 0, 0, 0, 0, 0, 0, 0, 0, 0, 0, 0, 0, 0, 0, 0, 0, -1, 0, 0, 0, 0, 0, 0, 0, 0, 0]
[0, 2, 6, 11, 13, 12, 13, 9, 1, -8, -13, -20, -21, -12, -4, 0, -1, -1, 0, 0, 0, 0, 0, 0, 0, 0, 0, 0, 0, 0, -1, 0, -1, -1, 0, 0, 0, 0, 0, 0, 0, 0, 0, -1, -2, -1, 0, 0, 0, -1, 0, 0, 0, 0, 0, -1, -1, 0, 0, 0, 0, 0, -1, -1, 0, 0, 0, 0, 0, 0, 0, 0, 0, 0, 0, 0, 0, 0, 0, 0, 0, 0, 0, 0, 0, 0, 0, 0, 0, 0, 0, 0, 0, 0, 0, 0, 0, 0, 0, 0]
[-15, -10, -1, 9, 16, 16, 9, -4, -18, -29, -29, -18, -5, 1, 1, 0, -1, -1, 0, 0, 0, 0, -1, 0, 0, 0, 0, 0, 0, 0, 0, 0, 0, -1, -1, 0, 0, 0, 0, 0, 0, -1, -1, -1, 0, 0, 0, -1, -1, 0, 0, 0, 0, 0, 0, 0, 0, 0, 0, 0, 0, 0, 0, 0, 0, 0, 0, -1, -1, -1, 0, 0, 0, 0, 0, 0, 0, 0, 0, 0, 0, 0, 0, 0, 0, 0, 0, 0, 0, 0, 0, 0, 0, 0, 0, 0, 0, -1, -1, 0]
[-3, 0, 0, 0, 0, 0, 0, 0, 0, 0, 0, 0, 0, 0, 0, 0, 0, 0, 0, 0, 0, 0, 0, 0, 0, 0, 0, 0, 0, 0, 0, 0, 0, 0, 0, 0, 0, 0, 0, 0, 0, 0, 0, 0, 0, 0, 0, 0, 0, 0, 0, 0, 0, 0, 0, 0, 0, 0, 0, 0, 0, 0, 0, 0, 0, 0, 0, 0, 0, 0, 0, 0, 0, 0, 0, 0, 0, 0, 0, 0, 0, 0, 0, 0, 0, 0, 0, 0, 0, 0, 0, 0, 0, 0, 0, 0, 0, 0, 0, 0]
[-7, -3, 5, 13, 14, 12, 5, -5, -12, -3, -1, -1, -1, -1, -1, -1, -1, -1, 0, 0, 0, 0, 0, 0, 0, -2, -2, 0, 0, 0, 0, 0, 0, 0, 0, 0, 0, 0, -1, -1, -1, -1, 0, 0, 0, 0, 0, 0, 0, 0, 0, 0, 0, 0, 0, 0, 0, 0, 0, -1, -1, -1, -1, -1, 0, 0, 0, 0, 0, 0, 0, 0, 0, 0, 0, 0, 0, 0, 0, -1, -1, -1, 0, 0, 0, 0, 0, 0, 0, 0, 0, 0, 0, 0, 0, 0, 0, 0, 0, 0]
[-12, -15, -6, 9, 21, 21, 16, 5, -7, -17, -21, -19, -12, -3, 1, 1, 0, 0, 0, 0, 0, 0, 0, 0, 0, 0, 0, 0, 0, 0, 0, 0, 0, -1, -1, 0, 0, 0, 0, 0, 0, 0, 0, 0, 0, 0, 0, 0, 0, 0, 0, 0, 0, 0, 0, 0, 0, 0, 0, 0, 0, 0, 0, 0, 0, 0, 0, -1, 0, 0, 0, 0, 0, 0, 0, 0, 0, 0, 0, 0, 0, 0, 0, 0, 0, 0, 0, 0, 0, 0, 0, 0, 0, 0, 0, 0, 0, 0, 0, 0]
[-4, -2, 4, 0, 0, 0, 0, 0, 0, 0, 0, 0, 0, 0, 0, 0, 0, 0, 0, 0, 0, 0, 0, 0, 0, 0, 0, 0, 0, 0, 0, 0, 0, 0, 0, 0, 0, 0, 0, 0, 0, 0, 0, 0, 0, 0, 0, 0, 0, 0, 0, 0, 0, 0, 0, 0, 0, 0, 0, 0, 0, 0, 0, 0, 0, 0, 0, 0, 0, 0, 0, 0, 0, 0, 0, 0, 0, 0, 0, 0, 0, 0, 0, 0, 0, 0, 0, 0, 0, 0, 0, 0, 0, 0, 0, 0, 0, 0, 0, 0]
[0, 0, 11, 10, 7, 6, 0, -7, -15, -19, -13, -8, -4, -2, 0, 0, 0, 0, 1, 1, 1, 0, 0, 0, -1, -2, -2, -1, -1, -1, 0, 0, 0, 0, 0, 0, 0, -1, -1, -1, -1, -1, -1, 0, 0, 0, 0, -1, -1, -1, 0, 0, 0, 0, 0, 0, 0, 0, 0, 0, 0, 0, 0, -1, -1, -1, 0, 0, 0, 0, 0, 0, 0, 0, 0, 0, 0, -1, 0, 0, 0, 0, 0, -1, -1, -1, 0, 0, 0, 0, 0, 0, 0, 0, 0, 0, 0, 0, 0, 0]
[-3, 5, 10, 13, 12, 10, 11, 6, -4, -15, -20, -16, -7, -1, 0, 0, 0, 0, 0, 0, 0, 0, 0, -1, 0, 0, 0, 0, -1, -1, -1, -1, -1, -1, -1, 0, 0, 0, 0, 0, 0, 0, 0, 0, 0, 0, 0, 0, 0, 0, -1, -1, 0, 0, 0, 0, 0, 0, 0, 0, 0, 0, 0, -1, -1, -1, -1, -1, -1, 0, -1, 0, 0, 0, 0, 0, 0, 0, 0, 0, 0, 0, 0, 0, 0, 0, 0, 0, 0, -1, -1, -1, -1, 0, 0, 0, 0, 0, 0, 0]
[0, 0, 0, 0, 0, 0, 0, 0, 0, 0, 0, 0, 0, 0, 0, 0, 0, 0, 0, 0, 0, 0, 0, 0, 0, 0, 0, 0, 0, 0, 0, 0, 0, 0, 0, 0, 0, 0, 0, 0, 0, 0, 0, 0, 0, 0, 0, 0, 0, 0, 0, 0, 0, 0, 0, 0, 0, 0, 0, 0, 0, 0, 0, 0, 0, 0, 0, 0, 0, 0, 0, 0, 0, 0, 0, 0, 0, 0, 0, 0, 0, 0, 0, 0, 0, 0, 0, 0, 0, 0, 0, 0, 0, 0, 0, 0, 0, 0, 0, 0]
[4, 11, 17, 15, 13, 12, 1, -10, -18, -21, -16, -9, -3, 1, 0, 0, 0, 0, 0, 0, 0, 0, -1, -1, -1, -1, 0, 0, 0, 0, 0, 0, -1, -1, -1, -1, -1, -1, 0, -1, 0, 0, 0, 0, 0, 0, 0, 0, 0, 0, 0, 0, 0, 0, 0, 0, 0, 0, 0, 0, 0, -1, 0, 0, 0, 0, 0, 0, 0, -1, 0, 0, 0, 0, 0, 0, 0, 0, 0, 0, 0, 0, 0, 0, 0, 0, 0, 0, 0, 0, 0, 0, 0, 0, 0, 0, 0, 0, 0, 0]
[-27, -15, 16, 33, 29, 23, 15, 8, -2, -11, -12, -8, -5, -4, -4, -2, -1, 0, 0, 0, 0, 0, 0, 0, 0, 0, 0, 0, 0, 0, 0, 0, 0, 0, 0, 0, 0, 0, -2, -2, 0, 0, 0, 0, 0, -1, -1, -1, -1, -1, 0, 0, 0, 0, 0, 0, 0, 0, 0, 0, -1, -1, 0, 0, 0, 0, 0, -1, 0, 0, 0, 0, 0, 0, 0, 0, 0, 0, 0, 0, 0, 0, 0, 0, 0, 0, 0, 0, 0, 0, 0, 0, 0, 0, 0, 0, 0, 0, 0, -1]
[-2, 0, 0, 0, 0, 0, 0, 0, 0, 0, 0, 0, 0, 0, 0, 0, 0, 0, 0, 0, 0, 0, 0, 0, 0, 0, 0, 0, 0, 0, 0, 0, 0, 0, 0, 0, 0, 0, 0, 0, 0, 0, 0, 0, 0, 0, 0, 0, 0, 0, 0, 0, 0, 0, 0, 0, 0, 0, 0, 0, 0, 0, 0, 0, 0, 0, 0, 0, 0, 0, 0, 0, 0, 0, 0, 0, 0, 0, 0, 0, 0, 0, 0, 0, 0, 0, 0, 0, 0, 0, 0, 0, 0, 0, 0, 0, 0, 0, 0, 0]
[3, 9, 13, 11, 8, 5, 1, -3, -7, -10, -10, -6, -5, -4, -2, -1, -3, -3, -2, 0, 1, 1, 1, 0, 0, 0, 0, 0, 0, -1, -1, -1, 0, -1, 0, 0, 0, 1, 2, 2, -2, -3, -2, -1, 0, 0, -1, -1, -1, 0, 0, -1, -2, 0, 0, -2, -2, -1, 0, 0, 0, 0, 0, 0, 0, -1, -1, 0, 0, 0, 0, 0, 0, 0, -1, -1, -1, -1, 0, 0, 0, 0, 0, 0, 0, -1, -1, -1, 0, 0, 0, 0, 0, 0, 0, 0, 0, 0, 0, 0]
[-6, -4, -3, 0, 0, 6, 11, 13, 15, 15, 11, 5, -3, -8, -9, -8, -3, 0, 0, -1, 0, 0, -1, -1, 0, 0, 0, 0, 0, -1, -2, -2, -1, -1, 0, 0, 0, 0, 0, 0, 0, 0, -1, -1, -1, -1, 0, 0, 0, 0, 0, 0, -2, -4, -3, -1, 0, 0, 0, 0, 0, -2, -2, -1, 0, 0, 0, 0, -1, -1, 0, 0, 0, 0, 0, -1, 0, 0, 0, 0, 0, -1, -2, -3, -3, -1, 0, 0, 0, -1, -1, -2, -2, -2, -2, -1, 0, 0, 0, 0]
[0, 2, 5, 9, 8, 0, 1, 0, -3, -1, 1, 1, 2, 0, 0, -3, -2, -3, 0, 2, 5, 7, 4, 1, -1, -3, -4, -3, -2, -2, -2, 0, 0, -3, -4, -4, 0, 1, 0, 0, -2, -1, 0, 1, 1, 0, -1, -3, -3, -2, -2, -2, -4, -3, -1, 0, 1, 3, 2, 1, 2, 1, -2, -3, -2, -1, -3, -3, -3, 0, 0, -1, -2, -4, -6, -3, 0, 0, 0, 0, 0, 0, 1, 0, 0, 0, 0, 0, 0, 0, -1, -2, -3, 0, 0, 0, 0, 0, 0, 0]
[-1, 0, 1, 3, 5, 4, 9, 11, 7, -2, -12, -16, -11, -5, -2, -1, -2, -3, -2, 0, 0, 1, 0, 0, -1, -1, -2, 0, 1, 0, -1, -2, -2, -2, -1, 0, 0, -5, -2, -2, -1, -1, 0, 0, 0, 0, 0, 0, 0, 0, -1, -3, -4, -3, -2, -2, -1, 0, 0, 0, 0, 0, -1, -2, -4, -4, -1, 1, 2, 2, 1, 0, 0, 0, -1, -1, -1, 0, -1, -1, -1, -1, -1, -1, 0, 0, -1, 0, 0, 0, -1, -2, -1, -1, -1, 0, 0, 0, 0, 0]
[-6, -3, 5, 12, 13, 11, 10, 8, 3, -4, -11, -16, -15, -9, -4, -1, 0, 0, 0, 0, 0, 0, 0, 0, 0, 0, 0, 0, 0, -1, -1, -1, -1, -1, 0, 0, 0, 0, 0, 0, 0, 0, 0, 0, 0, 0, -1, -1, -2, -1, -2, -1, -1, -1, -1, -1, 0, 0, -1, -1, -1, 0, 0, 0, 0, -1, -1, -1, -1, 0, 0, 0, 0, 0, -1, 0, 0, 0, 0, 0, -1, 0, 0, 0, 0, 0, 0, -1, -1, -1, -1, -1, -1, -1, -1, -1, 0, 0, 0, 0]
[-12, -6, 1, 9, 14, 13, 9, 2, -7, -14, -17, -16, -8, -6, -6, -4, -2, -1, -1, -1, 0, 0, 2, 4, 2, 0, 0, 0, 0, 0, 0, 0, 0, 0, 0, 0, 0, 0, 0, 0, 0, 0, 0, 0, 0, 0, 0, 0, 0, 0, 0, 0, 0, 0, 0, 0, 0, 0, 0, 0, 0, 0, 0, 0, 0, 0, 0, 0, 0, 0, 0, 0, 0, 0, 0, 0, 0, 0, 0, 0, 0, 0, 0, 0, 0, 0, 0, 0, 0, 0, 0, 0, 0, 0, 0, 0, 0, -1, 0, 0]
[-4, -1, 6, 13, 15, 13, 10, 4, -5, -14, -19, -18, -8, -2, 0, 0, 0, 0, 0, 0, 0, 0, 0, 0, 0, 0, -1, -1, -1, 0, 0, 0, 0, 0, 0, 0, 0, 0, 0, 0, 0, 0, 0, 0, 0, 0, 0, 0, -1, -1, 0, 0, 0, -1, 0, 0, 0, 0, 0, 0, 0, 0, 0, 0, 0, 0, 0, -1, -1, -1, -1, 0, 0, 0, 0, 0, 0, 0, 0, 0, 0, 0, -1, -1, -1, -1, -1, -1, 0, 0, 0, 0, 0, 0, 0, 0, 0, 0, 0, 0]
[0, -4, -2, 3, 9, 11, 10, 8, -2, -11, -17, -21, -16, -7, -2, -2, -1, 0, 0, 1, 1, 1, 0, 0, 0, 0, 0, -1, -2, -2, -2, -1, 0, 0, 0, 0, 0, 0, -1, -2, -2, -1, -1, -1, 0, 0, 0, 0, 0, 0, 0, 0, 0, 0, 0, 0, 0, -1, -1, -1, -1, -1, 0, 0, 0, -1, -1, -1, -1, -2, -2, -2, -2, -1, 0, 0, 0, 0, 0, -1, -1, -1, 0, 0, 0, 0, -1, -1, -1, -1, -1, -1, -1, -1, -1, -1, -1, 0, 0, 0]
[-4, 2, 10, 16, 15, 11, 7, 2, -5, -12, -17, -16, -12, -5, -1, -1, 0, 0, 0, 0, 1, 0, 0, 0, 0, -1, 0, 0, 0, 0, 0, 0, 0, 0, 0, 0, 0, -1, -1, -1, -1, 0, 0, 0, -1, 0, -1, 0, 0, 0, -1, -1, 0, 0, -1, -1, 0, 0, 0, 0, 0, -1, -1, -2, -1, 0, 0, 0, 0, 0, 0, 0, 0, -1, -2, -1, 0, 0, 0, 0, -2, -2, -1, 0, 0, 0, 0, 0, 0, 0, -1, -2, -3, -2, -1, 0, 0, 0, 0, 0]
[-52, 0, 0, 0, 0, 0, 0, 0, 0, 0, 0, 0, 0, 0, 0, 0, 0, 0, 0, 0, 0, 0, 0, 0, 0, 0, 0, 0, 0, 0, 0, 0, 0, 0, 0, 0, 0, 0, 0, 0, 0, 0, 0, 0, 0, 0, 0, 0, 0, 0, 0, 0, 0, 0, 0, 0, 0, 0, 0, 0, 0, 0, 0, 0, 0, 0, 0, 0, 0, 0, 0, 0, 0, 0, 0, 0, 0, 0, 0, 0, 0, 0, 0, 0, 0, 0, 0, 0, 0, 0, 0, 0, 0, 0, 0, 0, 0, 0, 0, 0]
[-29, -68, -92, -54, -35, -51, -68, -54, -53, -58, -91, -110, -119, -124, -127, -128, -129, -129, -113, -70, -16, 47, 106, 156, 174, 166, 142, 102, 52, -1, -48, -68, -89, -109, -107, -88, -105, -97, -68, -60, -52, -40, -18, -2, 1, 3, 3, -2, -4, -3, -4, -5, -4, -2, -1, 0, 1, 1, 2, 4, 2, -1, -4, -5, -3, 0, 0, 0, 0, -1, -2, -2, -2, -1, 0, 0, 0, -2, -3, -3, -2, -1, 0, 0, 0, 0, 0, -1, -1, -1, -1, 0, 0, 0, 0, 0, 0, 0, 0, 0]
[-27, -73, -101, -115, -122, -126, -128, -117, -64, 13, 81, 126, 142, 123, 98, 78, 56, 32, 9, -15, -27, -60, -78, -103, -116, -123, -126, -128, -129, -124, -111, -81, -45, -6, 44, 95, 130, 147, 151, 137, 126, 111, 92, 70, 56, 8, -33, -54, -81, -66, -50, -51, -48, -52, -73, -72, -57, -32, -16, -4, 2, 0, -3, -3, -1, -1, 0, -1, -3, -3, -2, -1, 0, 0, 0, 0, 0, -1, -2, -2, -2, -1, -1, 0, 0, 0, -1, -1, -1, -1, -1, -1, -1, -1, -1, -1, -1, -1, -1, 0]
[-1, -22, -65, -96, -113, -121, -125, -127, -128, -116, -51, 16, 66, 117, 152, 152, 131, 103, 77, 54, 40, 8, -26, -40, -74, -80, -99, -114, -122, -125, -127, -128, -122, -90, -54, -15, 27, 73, 113, 135, 140, 131, 107, 82, 47, 15, -18, -70, -97, -113, -121, -125, -115, -96, -71, -52, -36, -28, -23, -19, -11, -5, 0, 0, -2, -4, -3, -1, 0, 0, 0, 0, 0, 0, 0, 0, 0, -1, -2, -2, -2, -1, -1, 0, 0, 0, 0, 0, -1, -1, -1, -1, -1, -1, 0, 0, 0, 0, 0, 0]
[-21, -44, -81, -105, -117, -123, -126, -128, -126, -87, -19, 51, 92, 103, 109, 124, 126, 117, 103, 88, 70, 41, 4, -13, -24, -30, -49, -71, -97, -113, -121, -125, -126, -105, -74, -35, 0, 37, 78, 120, 145, 149, 144, 123, 92, 46, 1, -52, -78, -103, -108, -108, -107, -98, -78, -69, -64, -47, -36, -30, -18, -9, -2, 0, 0, -1, -1, 1, 1, 0, -1, -2, -2, -2, -1, 0, 0, 0, 0, 2, 2, 0, -2, -1, -2, -1, -1, 0, 0, 0, -1, -2, -3, -3, -2, 0, 0, 0, 0, 0]
[-1, -29, -61, -94, -112, -120, -125, -127, -128, -108, -38, 35, 85, 112, 122, 127, 131, 132, 129, 115, 97, 76, 45, -1, -46, -64, -63, -56, -59, -70, -86, -102, -97, -74, -50, -17, 10, 38, 74, 112, 139, 154, 160, 145, 115, 75, 30, -24, -73, -100, -114, -122, -118, -106, -80, -51, -43, -38, -17, 0, -3, -6, -4, -2, 0, 1, 0, 0, -2, -2, -2, -2, -1, 0, -1, -1, -1, -2, -2, -2, -1, -1, -2, -3, -3, -3, -2, -1, 0, 0, 0, 0, 0, 0, 0, 0, 0, -1, -1, 0]
[0, -20, -55, -91, -110, -119, -124, -127, -128, -113, -67, 10, 76, 116, 137, 137, 142, 141, 127, 107, 78, 47, -1, -58, -80, -95, -100, -113, -113, -106, -85, -72, -35, 11, 47, 84, 117, 140, 147, 143, 129, 100, 55, 11, -47, -87, -108, -117, -104, -88, -62, -35, -17, -15, -34, -44, -35, -19, -9, -5, -1, 1, 0, -1, -1, -1, -1, -1, -1, -1, 0, 0, 0, 0, 0, 0, 0, -1, -1, 0, 0, -1, 0, 0, 0, 0, 0, 0, 0, 0, 0, 0, -1, 0, 0, -1, 0, -1, -1, -1]
[-1, -26, -54, -87, -108, -118, -124, -127, -128, -117, -70, 2, 63, 104, 130, 135, 144, 156, 152, 138, 118, 95, 66, 19, -25, -68, -66, -73, -76, -89, -96, -110, -119, -107, -75, -38, -3, 28, 66, 102, 131, 144, 141, 128, 109, 76, 45, 17, -14, -27, -50, -51, -51, -60, -50, -53, -73, -70, -46, -26, -19, -13, -6, -2, 0, 1, 1, 1, 1, 0, -2, -4, -2, -1, 0, 0, 0, 1, 0, 0, 0, 0, 0, 0, 0, 0, 0, 0, 0, 0, 0, 0, 0, 0, 1, 1, 0, 0, 0, 0]
[0, -21, 0, 0, 0, 0, 0, 0, 0, 0, 0, 0, 0, 0, 0, 0, 0, 0, 0, 0, 0, 0, 0, 0, 0, 0, 0, 0, 0, 0, 0, 0, 0, 0, 0, 0, 0, 0, 0, 0, 0, 0, 0, 0, 0, 0, 0, 0, 0, 0, 0, 0, 0, 0, 0, 0, 0, 0, 0, 0, 0, 0, 0, 0, 0, 0, 0, 0, 0, 0, 0, 0, 0, 0, 0, 0, 0, 0, 0, 0, 0, 0, 0, 0, 0, 0, 0, 0, 0, 0, 0, 0, 0, 0, 0, 0, 0, 0, 0, 0]
[0, -50, -88, -108, -119, -124, -127, -128, -119, -68, 12, 70, 108, 134, 140, 147, 151, 141, 120, 97, 69, 24, -22, -43, -52, -51, -62, -65, -78, -90, -106, -105, -93, -68, -38, -3, 27, 58, 89, 126, 141, 145, 150, 145, 127, 107, 79, 30, -25, -76, -102, -115, -122, -126, -109, -95, -66, -26, -7, -5, -9, -11, -7, -4, -3, -2, -1, -2, -2, -1, 0, 0, 0, -1, 0, 0, 0, 0, 0, 0, 0, 0, -1, -1, 0, -1, 0, 0, 0, -1, 0, 0, 0, 0, 0, 0, 0, 0, 0, 0]
[0, -23, -48, -84, -106, -118, -123, -126, -128, -118, -65, 0, 54, 91, 131, 147, 150, 164, 172, 160, 140, 118, 93, 57, 13, -35, -62, -84, -71, -89, -88, -99, -113, -121, -124, -106, -69, -27, 5, 29, 53, 86, 120, 141, 154, 158, 149, 127, 96, 55, 5, -48, -88, -108, -117, -109, -111, -99, -68, -32, -19, -13, -10, -8, -7, -7, -4, -4, -5, -4, 0, 1, 1, 0, 0, -1, -1, 0, 0, 0, 0, 0, 0, 0, 0, 0, 0, 0, 0, 0, 0, 0, 0, 0, 0, 0, 0, 0, 0, 0]
[0, -29, -60, -94, -111, -120, -125, -127, -128, -99, -32, 32, 78, 114, 142, 161, 164, 155, 146, 136, 117, 85, 52, 15, -21, -53, -59, -65, -87, -96, -112, -121, 5, 37, 81, 117, 77, 6, -6, -1, 2, -11, -19, -14, -6, -3, -4, -7, -9, -10, -6, -6, -6, -5, -3, -2, -1, 0, 0, 0, 0, -1, -1, 0, 0, 0, 1, 0, 0, 0, -1, -1, 0, 0, 0, 0, 0, -1, -1, 0, 0, 0, 0, -1, -2, -1, 0, 0, 0, 0, 0, 0, 0, 0, 0, 0, 0, 0, 0, 0]
[-31, -76, -102, -115, -122, -126, -128, -125, -73, -10, 37, 77, 115, 137, 141, 132, 119, 100, 82, 54, 19, -17, -27, -42, -37, -60, -54, -62, -78, -91, -105, -115, -117, -104, -69, -28, 4, 40, 92, 127, 150, 160, 153, 146, 136, 133, 121, 83, 44, -3, -41, -81, -91, -109, -108, -77, -71, -54, -23, -9, -13, -18, -15, -10, -6, -3, -5, -3, -3, -3, -1, 0, 0, 0, 0, 0, 0, 0, 0, 0, 0, 0, 0, -1, -1, 0, 0, 0, 0, 0, 0, 0, 0, 0, 0, -1, -1, -2, -1, -1]
[-18, -58, -93, -111, -120, -125, -127, -128, -96, -41, 15, 65, 118, 135, 131, 125, 103, 77, 55, 19, -28, -51, -69, -63, -83, -87, -102, -116, -122, -126, -128, -123, -90, -52, -25, 9, 53, 97, 130, 150, 156, 148, 126, 104, 70, 24, -3, -52, -58, -68, -70, -63, -64, -51, -38, -32, -27, -37, -35, -18, -6, -1, -1, 0, 0, 0, 0, -1, -2, -1, 0, 0, 0, 0, -1, -2, -1, 0, 0, 0, 0, 0, 0, 0, -1, -2, -1, 0, 0, 0, 0, 0, 0, 0, 0, 0, 0, 0, 0, 0]
[-15, 0, 0, 0, 0, 0, 0, 0, 0, 0, 0, 0, 0, 0, 0, 0, 0, 0, 0, 0, 0, 0, 0, 0, 0, 0, 0, 0, 0, 0, 0, 0, 0, 0, 0, 0, 0, 0, 0, 0, 0, 0, 0, 0, 0, 0, 0, 0, 0, 0, 0, 0, 0, 0, 0, 0, 0, 0, 0, 0, 0, 0, 0, 0, 0, 0, 0, 0, 0, 0, 0, 0, 0, 0, 0, 0, 0, 0, 0, 0, 0, 0, 0, 0, 0, 0, 0, 0, 0, 0, 0, 0, 0, 0, 0, 0, 0, 0, 0, 0]
[-32, -68, -98, -113, -121, -125, -127, -126, -86, -18, 43, 91, 123, 144, 147, 137, 118, 93, 73, 42, 0, -37, -45, -45, -55, -56, -73, -81, -101, -115, -122, -120, -94, -59, -27, 4, 29, 57, 98, 129, 148, 150, 144, 126, 101, 66, 39, 38, 29, 17, 18, 9, 14, 11, 16, 3, -6, -4, -2, -6, -8, -4, -2, 0, -1, 0, 2, 1, 0, -1, -2, -2, -1, 0, 0, 0, 0, 0, 1, 0, 0, 0, 0, 0, 0, 1, 1, 0, 0, 0, 0, 0, 0, 1, 0, 0, 0, 0, 0, 0]
[1, -17, -41, -81, -105, -117, -123, -126, -128, -114, -64, 5, 58, 95, 125, 143, 154, 153, 135, 111, 82, 55, 19, -12, -23, -31, -34, -45, -46, -48, -55, -66, -71, -70, -65, -50, -21, 9, 38, 70, 104, 129, 140, 144, 141, 130, 110, 89, 59, 31, 9, -26, -41, -55, -50, -46, -55, -45, -24, -18, -21, -23, -16, -8, -4, -4, -7, -9, -11, -8, -4, 0, 0, 0, 0, 0, 0, 0, 0, 0, -1, -1, -1, -1, -1, 0, 0, -1, 0, 0, 0, 0, 0, 0, 0, 0, 0, 0, 0, 0]
[-1, 0, 0, 0, 0, 0, 0, 0, 0, 0, 0, 0, 0, 0, 0, 0, 0, 0, 0, 0, 0, 0, 0, 0, 0, 0, 0, 0, 0, 0, 0, 0, 0, 0, 0, 0, 0, 0, 0, 0, 0, 0, 0, 0, 0, 0, 0, 0, 0, 0, 0, 0, 0, 0, 0, 0, 0, 0, 0, 0, 0, 0, 0, 0, 0, 0, 0, 0, 0, 0, 0, 0, 0, 0, 0, 0, 0, 0, 0, 0, 0, 0, 0, 0, 0, 0, 0, 0, 0, 0, 0, 0, 0, 0, 0, 0, 0, 0, 0, 0]
[-18, -33, -68, 0, 0, 0, 0, 0, 0, 0, 0, 0, 0, 0, 0, 0, 0, 0, 0, 0, 0, 0, 0, 0, 0, 0, 0, 0, 0, 0, 0, 0, 0, 0, 0, 0, 0, 0, 0, 0, 0, 0, 0, 0, 0, 0, 0, 0, 0, 0, 0, 0, 0, 0, 0, 0, 0, 0, 0, 0, 0, 0, 0, 0, 0, 0, 0, 0, 0, 0, 0, 0, 0, 0, 0, 0, 0, 0, 0, 0, 0, 0, 0, 0, 0, 0, 0, 0, 0, 0, 0, 0, 0, 0, 0, 0, 0, 0, 0, 0]
[0, 0, -98, -113, -121, -125, -127, -127, -93, -30, 34, 82, 126, 147, 151, 142, 125, 98, 73, 43, 0, -37, -49, -56, -58, -71, -83, -91, -107, -115, -122, -121, -104, -68, -32, 0, 36, 82, 121, 143, 155, 153, 137, 108, 75, 36, -3, -42, -73, -75, -73, -52, -40, -26, -9, -29, -26, -8, -2, -12, -24, -15, -8, -4, -4, -1, 1, 1, 0, 0, 0, 0, 0, -1, 0, 0, 0, 0, 0, 0, 0, 0, 0, 0, 0, 0, 0, 0, 0, 0, 0, 0, 0, 0, 0, 0, -1, 0, 0, 0]
[-18, -45, -79, -103, -116, -123, -126, -128, -129, -100, -20, 55, 96, 124, 135, 144, 155, 157, 154, 144, 126, 103, 76, 43, 7, -23, -39, -38, -35, -46, -50, -64, -78, -90, -98, -96, -75, -40, -12, 5, 33, 78, 123, 143, 149, 145, 140, 126, 101, 75, 48, 11, -18, -39, -66, -65, -66, -62, -59, -49, -33, -24, -20, -15, -8, -3, -2, -2, -2, -2, -2, 0, -1, -1, 0, 0, 0, 0, 0, 0, 0, 0, 0, 0, 0, 0, -1, -2, -2, -1, 0, 0, 0, 0, 0, 0, 0, 0, 0, -1]
[-15, -30, -65, -96, -113, -121, -125, -127, -128, -99, -26, 47, 95, 123, 146, 159, 156, 140, 118, 88, 58, 28, -10, -38, -52, -49, -58, -67, -73, -90, -108, -118, -124, -117, -103, -76, -48, -17, 95, 45, 14, 0, 14, -10, -41, -32, -17, -13, -12, -8, -2, 1, 2, 0, -1, 0, 1, 0, 0, 0, 0, 0, 0, 0, 0, 0, 0, 0, 0, 0, -1, 0, 0, 0, 1, 1, 2, 2, 2, 1, 0, 0, 0, -1, -2, -1, 0, 0, 0, 0, 0, 0, 0, 0, 0, 0, 0, 0, 0, 0]
[-16, -30, -62, -95, -112, -120, -125, -127, -114, -64, -2, 47, 90, 126, 57, -23, -60, -64, -48, -27, -10, 0, 21, 60, 101, 126, 140, 146, 142, 123, 93, 59, 32, 3, -13, -25, -33, -15, -11, -4, -6, -16, -8, -11, -17, -21, -23, -19, -12, -7, -5, -4, -3, -1, -1, 0, 0, 0, 0, 0, 0, 0, 0, 0, 0, 0, 0, 0, 0, 0, 0, 0, 0, 0, 0, 0, 0, 0, 0, 0, 0, 0, 0, 0, 0, 0, 0, 0, 0, 0, 0, 0, 0, 0, 0, 0, 0, 0, 0, 0]
[-18, -49, -88, -108, -119, -124, -127, -128, -119, -63, 9, 64, 107, 130, 142, 146, 136, 115, 100, 77, 51, 17, -8, -29, -22, -35, -31, -47, -49, -70, -87, -88, -75, -50, -17, 12, 31, 64, 106, 130, 141, 144, 137, 118, 88, 63, 31, 11, -10, -30, -26, -37, -32, -23, -28, -49, -50, -37, -30, -24, -25, -21, -13, -7, -3, -1, 0, 0, 0, 1, 0, 0, -3, -4, -2, 0, -1, -1, -1, -2, -2, -1, 0, 0, 0, 0, -1, 0, 0, 0, 0, 0, 0, 0, 0, -1, -2, -1, -1, -1]
[-11, -36, -75, -102, -115, -122, -126, -128, -123, -79, -13, 44, 94, 135, 155, 155, 143, 123, 95, 67, 38, 9, -16, -51, -40, -65, -50, -62, -75, -87, -102, -115, -115, -97, -59, -22, 0, 27, 58, 96, 125, 143, 145, 138, 124, 103, 77, 45, 23, 3, -15, -12, -20, -20, -2, 0, -24, -34, -26, -25, -29, -24, -18, -12, -11, -9, -7, -2, -2, -3, -2, -1, -1, -1, -1, -1, -1, -1, 0, 0, 0, 0, 0, -1, 0, 0, 0, 0, 0, 0, 0, 0, 0, 0, 0, 0, 0, -1, -1, -1]
[-7, -27, -54, -89, -109, -119, -124, -127, -125, -87, -38, 10, 58, 110, 151, 162, 156, 139, 117, 91, 61, 37, -2, -19, -32, -33, -46, -55, -67, -82, -102, -115, -118, -97, -59, -24, 5, 28, 62, 95, 120, 138, 148, 140, 121, 103, 83, 66, -2, -6, -3, -2, -6, -10, -11, -7, -1, 2, 4, 4, 2, 1, 0, 0, 0, 0, -1, 0, 0, 0, 0, 0, 0, 0, 1, 2, 2, 3, 0, -1, -2, -1, 0, 0, 0, 0, -1, -1, -1, 0, 0, 0, 0, 0, 0, 0, 0, 0, 0, 0]
[-5, -12, -36, -64, -96, -112, -121, -125, -127, -107, -62, -5, 44, 79, 117, 142, 147, 140, 121, 89, 54, 27, -2, -7, -20, -18, -35, -31, -43, -53, -61, -68, -76, -79, -75, -51, -21, 3, 21, 43, 75, 106, 126, 134, 140, 147, 141, 136, 118, 116, 93, 74, 61, 40, 35, 25, 29, 34, 34, 34, 27, 25, 8, -12, -17, -13, -9, -8, -6, -5, -6, -6, -3, 0, 0, 0, 0, 0, -1, 0, 0, 0, 0, 1, 0, 1, 1, 0, 0, 0, 0, 0, 0, 0, 0, 0, 0, 0, 0, 0]
[-5, -15, -43, -84, -106, -117, -123, -126, -123, -86, -28, 23, 72, 109, 136, 145, 140, 129, 112, 94, 68, 26, -16, -38, -51, -45, -60, -60, -68, -78, -83, -85, -76, -67, -39, -8, 15, 25, 56, 92, 118, 131, 137, 134, 122, 94, 73, 57, 40, 23, 25, 19, 17, 19, 22, 4, 0, 8, 0, -15, -22, -22, -20, -17, -12, -7, -3, 0, 0, 0, 0, 0, 0, 0, 0, -1, 0, -1, 0, 1, 1, 1, 0, 0, 0, 0, 0, 0, 0, 0, 0, 0, 0, 0, 0, 0, 0, 0, 0, 0]
[-7, -18, -54, -91, -110, -119, -124, -127, -119, -73, -21, 29, 79, 117, 137, 141, 135, 124, 103, 73, 48, 19, -10, -24, -23, -39, -41, -69, -60, -89, -107, -108, -73, -34, 0, 21, 36, 56, 86, 124, 146, 153, 149, 135, 117, 102, 85, 59, 12, 3, -13, -21, -12, -13, -6, -10, -10, 0, 0, -6, -9, -8, -7, -8, -6, -5, -2, 1, 1, 1, 1, 3, 3, 2, 2, 1, 0, 0, 0, 0, 0, 0, 0, 1, 1, 1, 1, 1, 1, 1, 1, 1, 1, 0, 0, 0, 1, 1, 0, 0]
[-2, -26, 0, 0, 0, 0, 0, 0, 0, 0, 0, 0, 0, 0, 0, 0, 0, 0, 0, 0, 0, 0, 0, 0, 0, 0, 0, 0, 0, 0, 0, 0, 0, 0, 0, 0, 0, 0, 0, 0, 0, 0, 0, 0, 0, 0, 0, 0, 0, 0, 0, 0, 0, 0, 0, 0, 0, 0, 0, 0, 0, 0, 0, 0, 0, 0, 0, 0, 0, 0, 0, 0, 0, 0, 0, 0, 0, 0, 0, 0, 0, 0, 0, 0, 0, 0, 0, 0, 0, 0, 0, 0, 0, 0, 0, 0, 0, 0, 0, 0]
[0, -67, -98, -113, -121, -125, -127, -113, -70, -19, 33, 83, 119, 140, 147, 143, 128, 107, 86, 67, 40, 0, -40, -50, -59, -48, -62, -49, -60, -67, -73, -75, -71, -54, -20, 13, 34, 50, 71, 97, 123, 136, 131, 119, 108, 94, 79, 59, 40, 23, 14, 3, -5, 0, -20, -20, -15, -11, -10, -17, -14, -7, -4, -2, 0, 0, 0, 0, -1, 0, 0, 1, 0, 0, 0, 1, 2, 2, 2, 2, 1, 1, 0, 1, 1, 0, 0, 1, 1, 1, 0, 0, 1, 1, 2, 2, 2, 1, 1, 0]
[-7, -29, -66, -97, -113, -121, -125, -127, -124, -85, -37, 12, 68, 109, 137, 152, 154, 142, 119, 93, -1, 71, 111, 131, 139, 127, 109, 88, 73, 66, 49, 45, 28, 32, 30, 17, 16, 8, 5, 10, 5, 4, 11, 16, 14, 14, 12, 9, 5, 2, 2, 3, 2, 2, 3, 5, 6, 5, 6, 6, 6, 5, 5, 5, 5, 4, 4, 4, 4, 5, 5, 5, 5, 4, 5, 6, 6, 6, 4, 4, 4, 4, 5, 5, 4, 4, 5, 6, 6, 5, 5, 4, 5, 0, 0, 0, 0, 0, 0, 0]
[3, 1, -26, -67, -97, -113, -121, -125, -127, -111, -62, -3, 44, 92, 136, 161, 172, 166, 147, 124, 97, 76, 52, 19, -7, -28, -23, -39, -44, -51, -71, -78, -86, -89, -81, -56, -20, 18, 33, 50, 70, 93, 118, 137, 143, 141, 122, 96, 80, 58, 43, 16, 16, 6, -3, 8, -7, -11, 0, 4, -3, -4, -2, -2, -3, -1, 0, 2, 4, 4, 3, 2, 1, 0, 1, 2, 1, 1, 2, 2, 1, 1, 2, 2, 2, 2, 3, 3, 3, 2, 1, 1, 1, 1, 2, 1, 0, 2, 2, 3]
[3, -7, -36, -76, -102, -115, -122, -126, -118, -71, -20, 23, 69, 106, 137, 148, 146, 142, 132, 124, 113, 95, 72, 46, 16, -3, -10, -23, -25, -30, -38, -44, -51, -60, -66, -64, -49, -18, 18, 40, 60, 87, 119, 143, 154, 155, 145, 126, 108, 77, 55, 38, 8, 2, -21, -8, -18, -33, -20, -10, -9, -4, 3, 7, 9, 9, 11, 12, 13, 11, 9, 4, 3, 5, 4, 5, 6, 9, 9, 9, 8, 7, 6, 6, 7, 6, 6, 7, 7, 8, 8, 8, 8, 7, 5, 5, 6, 7, 7, 7]
[2, 0, 0, 0, 0, 0, 0, 0, 0, 0, 0, 0, 0, 0, 0, 0, 0, 0, 0, 0, 0, 0, 0, 0, 0, 0, 0, 0, 0, 0, 0, 0, 0, 0, 0, 0, 0, 0, 0, 0, 0, 0, 0, 0, 0, 0, 0, 0, 0, 0, 0, 0, 0, 0, 0, 0, 0, 0, 0, 0, 0, 0, 0, 0, 0, 0, 0, 0, 0, 0, 0, 0, 0, 0, 0, 0, 0, 0, 0, 0, 0, 0, 0, 0, 0, 0, 0, 0, 0, 0, 0, 0, 0, 0, 0, 0, 0, 0, 0, 0]
[-3, -25, -56, -90, -109, -119, -124, -127, -99, -61, -6, 51, 100, 138, 155, 159, 152, 138, 120, 108, 90, 58, 24, -2, -21, -33, -31, -44, -43, -52, -38, -51, -50, -47, -45, -31, -3, 22, 41, 67, 96, 123, 137, 141, 135, 119, 93, 66, 30, 8, -3, -6, -5, -12, -4, -4, -11, -7, -8, -12, -6, 3, 8, 2, -1, -2, -1, 0, 1, 2, 2, 3, 3, 2, 3, 4, 4, 4, 4, 3, 3, 3, 3, 3, 4, 4, 3, 3, 3, 3, 3, 4, 0, 0, 0, 0, 0, 0, 0, 0]
[2, -17, 0, 0, 0, 0, 0, 0, 0, 0, 0, 0, 0, 0, 0, 0, 0, 0, 0, 0, 0, 0, 0, 0, 0, 0, 0, 0, 0, 0, 0, 0, 0, 0, 0, 0, 0, 0, 0, 0, 0, 0, 0, 0, 0, 0, 0, 0, 0, 0, 0, 0, 0, 0, 0, 0, 0, 0, 0, 0, 0, 0, 0, 0, 0, 0, 0, 0, 0, 0, 0, 0, 0, 0, 0, 0, 0, 0, 0, 0, 0, 0, 0, 0, 0, 0, 0, 0, 0, 0, 0, 0, 0, 0, 0, 0, 0, 0, 0, 0]
[0, -56, -92, -110, -120, -124, -127, -110, -57, 0, 48, 95, 125, 122, 107, 89, 69, 50, 19, -23, -40, -58, -48, -66, -59, -66, -70, -71, -69, -67, -58, -29, -9, 7, 26, 58, 91, 120, 137, 142, 137, 125, 104, 78, 65, 44, 39, 15, 9, -9, -32, -28, -24, 0, -23, -21, -12, -6, -8, -9, -4, 0, 4, 3, -1, -5, -5, -2, -3, 0, 5, 5, 3, 0, 0, 1, 2, 3, 2, 1, 0, 1, 1, 1, 1, 0, 0, 0, 0, 1, 2, 2, 1, 0, 0, 1, 1, 1, 1, 0]
[-17, -37, -77, -103, -116, -122, -126, -128, -117, -76, -22, 29, 81, 125, 143, 133, 115, 88, 66, 41, 8, -20, -30, -48, -46, -67, -63, -70, -74, -75, -69, -51, -20, 7, 25, 45, 73, 99, 124, 145, 157, 159, 149, 128, 112, 88, 73, 59, 43, 32, 13, 12, 0, -15, -6, -19, -5, -1, -3, -8, -5, -3, 0, 2, 5, 6, 5, 2, 0, -2, -1, 0, 0, 0, 0, 0, 0, 0, 1, 2, 2, 3, 2, 2, 1, 1, 0, 1, 1, 1, 0, 0, 0, 1, 1, 0, 0, 0, 1, 1]
[1, -24, -127, -70, 25, 64, 75, 70, 53, 25, -8, -17, -26, -29, -30, -44, -64, -69, -81, -93, -90, -73, 50, 20, 4, -10, -25, -9, -25, -19, -27, -20, -16, -13, -13, -12, -9, -6, -2, -1, -2, -2, -2, 0, 0, 0, -1, -2, -2, -2, 0, 0, 0, 1, 2, 2, 1, 1, 0, 0, -1, -1, -1, -1, 0, 2, 2, 2, 1, 0, 1, 1, 1, 0, 0, 0, 0, 0, 0, 0, 2, 1, 0, 1, 2, 3, 3, 0, 0, 0, 0, 0, 0, 0, 0, 0, 0, 0, 0, 0]
[-15, -48, -88, -108, -119, -124, -127, -123, -79, -25, 20, 68, 112, 147, 158, 151, 127, 97, 66, 34, 1, -46, -67, -70, -71, -74, -92, -95, -112, -120, -125, -117, -86, -55, -20, 0, 26, 66, 110, 125, 138, 152, 154, 135, 107, 83, 60, 37, 20, -14, -20, -31, -40, -35, -35, -36, -65, -48, -33, -26, -21, -15, -7, -2, 0, 2, 1, 0, 0, 0, 0, 0, 0, 0, 0, 0, 0, 0, 0, 0, 0, 1, 1, 0, 0, 0, 0, 0, 0, 0, 0, 0, 0, 0, 0, 0, 0, 0, 0, 0]
