[-103, -175, -212, -216, -119, -2, 89, 127, 159, 199, 223, 235, 241, 244, 246, 247, 247, 247, 247, 152, -35, 46, 78, 56, 3, -33, -40, -17, 17, 44, 27, 4, -13, -25, -70, -107, -115, -142, -147, -166, -138, -90, -71, -65, -64, -52, -28, -11, -5, 0, 6, 7, 9, 11, 11, 9, 9, 6, 6, 6, 4, 4, 5, 4, 4, 6, 6, 5, 5, 4, 3, 2, 3, 3, 4, 4, 4, 5, 5, 2, 1, 1, 1, 1, 1, 2, 4, 4, 4, 4, 4, 4, 3, 3, 2, 0, 0, 0, 0, 0]
[-82, -149, -164, -161, -154, -133, -95, -33, 37, 93, 137, 188, 217, 232, 239, 243, 245, 246, 247, 247, 121, -54, -27, 5, -16, -41, -37, -12, 10, 18, 14, -16, -59, -90, -148, -147, -146, -122, -92, -83, -73, -64, -58, -53, -45, -33, -22, -13, -6, -3, -2, -2, 0, 2, 3, 4, 4, 3, 2, 1, 0, 0, 0, 0, 0, 0, 0, -1, -1, -1, -2, -2, -2, -2, -2, -2, -2, -2, -2, -2, -1, -1, -1, -1, 0, -1, -1, -2, -2, -2, -2, -2, -2, -2, -2, -2, 0, 0, 0, 0]
[-107, -177, -213, -226, -229, -200, -136, -24, 62, 81, 92, 131, 185, 215, 231, 235, 241, 244, 185, 201, 224, 235, 127, 10, 50, 53, 28, -7, -37, -10, 31, 7, -3, 8, 5, -22, -106, -154, -173, -166, -161, -155, -127, -94, -68, -47, -38, -37, -34, -22, -10, -2, 0, 1, 2, 3, 3, 1, 1, 1, 1, 1, 0, 1, 0, 0, 0, 0, 0, -1, -1, 1, 1, 0, 0, 0, 0, 0, 0, -1, -1, -1, -1, -2, -2, -2, -2, -2, -2, -2, -2, -2, -2, -2, -2, -2, -2, -2, -2, -2]
[-80, -125, 0, 0, 0, 0, 0, 0, 0, 0, 0, 0, 0, 0, 0, 0, 0, 0, 0, 0, 0, 0, 0, 0, 0, 0, 0, 0, 0, 0, 0, 0, 0, 0, 0, 0, 0, 0, 0, 0, 0, 0, 0, 0, 0, 0, 0, 0, 0, 0, 0, 0, 0, 0, 0, 0, 0, 0, 0, 0, 0, 0, 0, 0, 0, 0, 0, 0, 0, 0, 0, 0, 0, 0, 0, 0, 0, 0, 0, 0, 0, 0, 0, 0, 0, 0, 0, 0, 0, 0, 0, 0, 0, 0, 0, 0, 0, 0, 0, 0]
[0, -160, -189, -215, -230, -239, -243, -171, -56, 36, 117, 174, 210, 228, 238, 242, 245, 227, 230, 239, 237, 91, -39, 44, 42, 14, -14, -37, -11, 19, 21, 25, -14, -47, -113, -134, -162, -185, -178, -154, -117, -89, -83, -72, -55, -50, -51, -44, -31, -20, -10, -6, -2, -1, 0, 1, 1, 2, 1, 1, 0, 0, 0, 0, 0, 0, 0, 0, 0, 0, 0, 0, 0, 0, 0, 0, 0, 0, 0, 0, -1, -2, -1, -1, 0, 0, 0, 0, -1, -2, -1, 0, 0, 0, 0, 0, 0, 0, 0, 0]
[-55, 92, 168, 200, 218, 232, 235, 241, 244, 242, 125, -48, -9, 23, 5, -28, -51, -27, 8, 21, 12, -16, -46, -84, -128, -152, -155, -143, -134, -124, -103, -79, -60, -45, -36, -31, -29, -24, -16, -6, -2, -1, 0, 0, 1, 1, 1, 0, 0, 0, 2, 1, 0, 0, 1, 2, 1, 0, 0, 0, -1, 0, -1, -1, 0, 0, 0, 0, 0, 0, 0, 0, -1, -1, 0, 0, 0, 0, 0, 0, 0, 0, 0, 0, 0, 0, 0, 0, 0, 0, 0, 0, 0, 0, 0, 0, 0, 0, 0, 0]
[-93, -170, -209, -229, -233, -198, -139, -57, 2, 31, 83, 163, 204, 225, 176, 207, 227, 215, 210, 228, 226, 173, 6, -34, -8, -13, -21, -31, -32, -37, -28, -40, -49, -82, -112, -151, -172, -163, -146, -118, -97, -86, -75, -57, -47, -40, -31, -23, -16, -9, -4, 1, 1, 3, 3, 4, 6, 5, 3, 2, 2, 2, 2, 2, 1, 0, 0, 0, 0, 0, 0, 0, 0, 0, 0, 0, 0, 0, 0, 0, 0, 0, 0, 0, 0, 0, 0, 0, 0, 0, 0, 0, 0, 0, 0, 0, 0, 0, 0, 0]
[0, 0, 0, 0, 0, 0, 0, 0, 0, 0, 0, 0, 0, 0, 0, 0, 0, 0, 0, 0, 0, 0, 0, 0, 0, 0, 0, 0, 0, 0, 0, 0, 0, 0, 0, 0, 0, 0, 0, 0, 0, 0, 0, 0, 0, 0, 0, 0, 0, 0, 0, 0, 0, 0, 0, 0, 0, 0, 0, 0, 0, 0, 0, 0, 0, 0, 0, 0, 0, 0, 0, 0, 0, 0, 0, 0, 0, 0, 0, 0, 0, 0, 0, 0, 0, 0, 0, 0, 0, 0, 0, 0, 0, 0, 0, 0, 0, 0, 0, 0]
[-164, -206, -228, -239, -220, 219, 223, 235, 177, 77, 33, 18, 15, 0, -65, -134, -151, -160, -161, -139, -107, -83, -70, -58, -47, -38, -32, -26, -16, -6, 2, 8, 11, 8, 5, 6, 5, 4, 6, 5, 3, 3, 3, 1, 3, 3, 2, 3, 3, 4, 4, 4, 4, 3, 2, 2, 3, 3, 2, 2, 2, 1, 1, 2, 2, 2, 2, 2, 2, 1, 1, 1, 0, 0, 0, 0, 0, 0, 0, 0, 0, 0, 0, 0, 0, 0, 0, 0, 0, 0, 0, 0, 0, 0, 0, 0, 0, 0, 0, 0]
[-135, 51, 0, 0, 0, 0, 0, 0, 0, 0, 0, 0, 0, 0, 0, 0, 0, 0, 0, 0, 0, 0, 0, 0, 0, 0, 0, 0, 0, 0, 0, 0, 0, 0, 0, 0, 0, 0, 0, 0, 0, 0, 0, 0, 0, 0, 0, 0, 0, 0, 0, 0, 0, 0, 0, 0, 0, 0, 0, 0, 0, 0, 0, 0, 0, 0, 0, 0, 0, 0, 0, 0, 0, 0, 0, 0, 0, 0, 0, 0, 0, 0, 0, 0, 0, 0, 0, 0, 0, 0, 0, 0, 0, 0, 0, 0, 0, 0, 0, 0]
[0, 147, 170, 183, 215, 231, 236, 241, 243, 237, 79, -46, 6, -7, -22, -37, -41, -36, -21, -33, -40, -92, -143, -138, -148, -146, -135, -122, -109, -88, -73, -65, -53, -42, -35, -28, -24, -21, -16, -10, -6, -5, -4, -3, -1, 0, 0, 0, -2, -3, -1, 0, 2, 2, 1, 0, 0, 0, 0, 0, 0, 0, -1, -1, -1, -1, -1, -2, -2, -1, 0, 0, -1, -1, -1, -1, 0, 0, -1, -2, -2, -2, -2, -1, 0, 0, -1, -2, -2, -2, -2, -1, -1, -2, -3, 0, 0, 0, 0, 0]
[-108, -177, -213, -231, -237, -192, -129, -29, 23, 64, 151, 198, 222, 211, 220, 234, 236, 242, 245, 202, 148, -30, -17, 4, 1, -30, -40, -23, -18, -37, -63, -110, -121, -157, -160, -143, -137, -133, -105, -89, -80, -66, -53, -41, -31, -22, -19, -14, -8, -4, -1, -1, 0, 0, 0, 0, 0, 0, 0, 0, 0, 0, 0, 0, 0, 0, 1, 1, 1, 1, 1, 1, 0, 0, 0, 0, 0, 0, 0, 0, 0, 0, 0, 0, 0, 0, 0, 0, 0, 0, 0, 0, 0, 0, 0, 0, 0, 0, 0, 0]
[-87, 0, 0, 0, 0, 0, 0, 0, 0, 0, 0, 0, 0, 0, 0, 0, 0, 0, 0, 0, 0, 0, 0, 0, 0, 0, 0, 0, 0, 0, 0, 0, 0, 0, 0, 0, 0, 0, 0, 0, 0, 0, 0, 0, 0, 0, 0, 0, 0, 0, 0, 0, 0, 0, 0, 0, 0, 0, 0, 0, 0, 0, 0, 0, 0, 0, 0, 0, 0, 0, 0, 0, 0, 0, 0, 0, 0, 0, 0, 0, 0, 0, 0, 0, 0, 0, 0, 0, 0, 0, 0, 0, 0, 0, 0, 0, 0, 0, 0, 0]
[-167, -206, -228, -239, -222, -160, -64, -8, 10, 68, 148, 192, 219, 201, 179, 213, 230, 224, 236, 241, 226, 74, -59, 5, -11, -33, -73, -49, -11, 4, 13, -14, -37, -68, -104, -154, -160, -168, -156, -153, -122, -90, -72, -65, -61, -56, -44, -30, -19, -15, -12, -10, -8, -6, -7, -7, -6, -6, -7, -7, -6, -5, -5, -5, -5, -6, -6, -6, -6, -6, -6, -6, -7, -7, -7, -7, -7, -7, -6, -6, -5, -5, -5, -5, -6, -6, -6, -6, -6, -6, -6, -6, -6, -6, 0, 0, 0, 0, 0, 0]
[-7, -101, 0, 0, 0, 0, 0, 0, 0, 0, 0, 0, 0, 0, 0, 0, 0, 0, 0, 0, 0, 0, 0, 0, 0, 0, 0, 0, 0, 0, 0, 0, 0, 0, 0, 0, 0, 0, 0, 0, 0, 0, 0, 0, 0, 0, 0, 0, 0, 0, 0, 0, 0, 0, 0, 0, 0, 0, 0, 0, 0, 0, 0, 0, 0, 0, 0, 0, 0, 0, 0, 0, 0, 0, 0, 0, 0, 0, 0, 0, 0, 0, 0, 0, 0, 0, 0, 0, 0, 0, 0, 0, 0, 0, 0, 0, 0, 0, 0, 0]
[0, -174, -211, -230, -240, -236, -165, -51, 50, 99, 158, 202, 208, 143, 187, 216, 196, 199, 223, 227, 203, 37, -114, -159, -188, -197, -180, -176, -166, -124, -92, -70, -65, -64, -52, -44, -35, -29, -25, -18, -12, -8, -7, -6, -4, -4, -3, -3, -2, -3, -4, -4, -4, -4, -5, -5, -5, -4, -5, -4, -4, -3, -3, -3, -3, -2, -2, -3, -3, -4, -4, -4, -4, -4, -3, -4, -5, -5, -5, -6, -5, -5, -6, -6, -6, -6, -5, -5, -5, -4, -5, -5, -5, -5, -6, 0, 0, 0, 0, 0]
[-90, -168, -208, -223, -233, -203, -152, -72, -31, 4, 40, 117, 181, 213, 221, 172, 204, 225, 218, 223, 235, 240, 187, -24, -19, 1, -23, -46, -34, -15, -19, -28, -37, -61, -98, -120, -150, -165, -166, -149, -129, -119, -108, -86, -64, -47, -41, -41, -34, -26, -23, -16, -7, -3, -2, -1, 0, 0, 0, 0, 0, 0, 0, 0, 0, 0, -1, -1, 0, 0, 0, 0, 0, 0, 0, 0, -2, -2, -2, -2, -1, -1, -1, -2, -3, -3, -3, -2, -2, -1, -1, -1, -2, -2, -2, -2, -3, -3, -3, -3]
[-84, -165, -207, -228, -239, -208, -175, -92, -48, -8, 34, 130, 187, 217, 171, 168, 207, 227, 230, 238, 243, 241, 51, -60, -18, -20, -37, -37, -20, 2, -9, -18, -67, -121, -147, -173, -169, -168, -157, -134, -114, -106, -83, -61, -53, -51, -46, -42, -37, -28, -18, -13, -11, -9, -8, -8, -7, -6, -5, -5, -5, -4, -4, -4, -5, -5, -6, -5, -3, -2, -1, -1, -2, -3, -2, -2, -1, -1, -1, -2, -2, -2, -1, -1, -1, -2, -1, 0, -1, -2, -2, -3, -4, -4, -3, -3, -3, -3, -3, -3]
[-84, -165, -207, -228, -239, -238, -157, -37, 45, 80, 110, 167, 206, 226, 237, 237, 218, 165, 44, -44, -110, -153, -145, -147, -150, -133, -113, -102, -92, -85, -74, -61, -50, -39, -25, -18, -13, -10, -8, -8, -8, -8, -8, -9, -8, -7, -7, -7, -7, -6, -7, -9, -9, -8, -8, -8, -7, -6, -6, -6, -6, -6, -7, -8, -9, -8, -7, -7, -7, -7, -7, -7, -7, -6, -6, -6, -6, -6, -6, -6, -6, -6, -7, -7, -7, -7, -7, -7, -7, -7, -7, 0, 0, 0, 0, 0, 0, 0, 0, 0]
[-7, 2, 38, 85, 137, 190, 218, 155, 52, -27, -52, -34, -22, -18, -9, -16, -39, -79, -133, -150, -184, -197, -172, -152, -132, -99, -66, -61, -62, -57, -46, -36, -27, -21, -19, -18, -16, -10, -6, -5, -3, -2, -2, -2, -2, -3, -4, -4, -4, -4, -3, -2, -1, 0, -1, -2, -2, -2, -2, -1, -1, -2, -3, -2, -3, -3, -4, -4, -4, -4, -4, -4, -4, -4, -4, -4, -5, -5, -4, -4, -4, -4, -4, -4, -4, -4, -5, -5, -5, -5, -4, -4, -3, 0, 0, 0, 0, 0, 0, 0]
[-76, -157, -203, -226, -238, -231, -183, -93, -28, 27, 96, 170, 208, 227, 218, 227, 237, 242, 243, 245, 214, 207, 5, -42, 44, 5, -29, -28, -8, -15, -7, -15, -43, -88, -138, -150, -186, -192, -177, -150, -132, -119, -98, -73, -63, -66, -62, -48, -36, -27, -21, -17, -14, -11, -8, -6, -5, -5, -4, -4, -5, -5, -6, -6, -5, -5, -6, -7, -6, -5, -4, -3, -1, -1, -1, -2, -1, -1, -1, 0, 0, 0, -1, -2, -2, -3, -3, -3, -4, -4, -4, -5, -6, -5, -4, -4, -3, -3, -3, -2]
[-93, -170, 0, 0, 0, 0, 0, 0, 0, 0, 0, 0, 0, 0, 0, 0, 0, 0, 0, 0, 0, 0, 0, 0, 0, 0, 0, 0, 0, 0, 0, 0, 0, 0, 0, 0, 0, 0, 0, 0, 0, 0, 0, 0, 0, 0, 0, 0, 0, 0, 0, 0, 0, 0, 0, 0, 0, 0, 0, 0, 0, 0, 0, 0, 0, 0, 0, 0, 0, 0, 0, 0, 0, 0, 0, 0, 0, 0, 0, 0, 0, 0, 0, 0, 0, 0, 0, 0, 0, 0, 0, 0, 0, 0, 0, 0, 0, 0, 0, 0]
[0, -209, -229, -240, -228, -192, -100, -38, 19, 81, 155, 200, 223, 161, 143, 194, 220, 218, 232, 233, 222, 73, -19, 31, 0, -27, -24, -12, -17, -7, -12, -44, -70, -118, -139, -169, -159, -134, -128, -122, -101, -80, -67, -61, -52, -46, -39, -30, -20, -14, -9, -8, -8, -5, -3, -3, -2, -1, 0, 0, 0, 0, 0, -1, 0, 0, -1, 0, 0, 0, -1, -2, -1, -1, 0, 0, 0, 0, 0, 0, 0, 0, 0, -1, -1, -1, -1, -1, -1, -1, -1, -1, -1, -1, -1, -1, -2, -1, -1, 0]
[-108, -177, -213, -231, -241, -217, -107, -9, 18, 35, 80, 139, 192, 219, 167, 170, 208, 224, 222, 234, 241, 225, 19, -26, 10, -20, -34, -33, -25, -23, -14, -27, -56, -105, -150, -161, -167, -155, -137, -114, -96, -78, -75, -76, -67, -49, -33, -22, -20, -19, -15, -14, -13, -12, -10, -8, -9, -7, -4, -5, -6, -6, -6, -6, -6, -5, -5, -6, -8, -9, -6, -4, -5, -6, -5, -5, -6, -6, -7, -6, -5, -6, -5, -5, -6, -6, -8, -8, -7, -7, -8, -6, -4, -5, -6, -7, -7, -8, -7, 0]
[-7, -81, 0, 0, 0, 0, 0, 0, 0, 0, 0, 0, 0, 0, 0, 0, 0, 0, 0, 0, 0, 0, 0, 0, 0, 0, 0, 0, 0, 0, 0, 0, 0, 0, 0, 0, 0, 0, 0, 0, 0, 0, 0, 0, 0, 0, 0, 0, 0, 0, 0, 0, 0, 0, 0, 0, 0, 0, 0, 0, 0, 0, 0, 0, 0, 0, 0, 0, 0, 0, 0, 0, 0, 0, 0, 0, 0, 0, 0, 0, 0, 0, 0, 0, 0, 0, 0, 0, 0, 0, 0, 0, 0, 0, 0, 0, 0, 0, 0, 0]
[0, -163, -206, -228, -239, -245, -163, -57, -1, 79, 161, 203, 225, 236, 242, 244, 246, 247, 247, 232, 224, 77, -53, 6, -10, -34, -25, -11, -27, -17, -31, -48, -67, -122, -157, -190, -185, -164, -132, -123, -109, -86, -74, -66, -58, -43, -30, -19, -13, -10, -9, -7, -4, -3, -2, -2, -1, -2, -3, -3, -4, -5, -5, -5, -4, -5, -6, -7, -7, -7, -6, -5, -5, -5, -6, -6, -5, -5, -4, -5, -4, -4, -5, -5, -5, -5, -6, -6, -6, -6, -6, -6, -6, -6, -7, -7, -7, -7, -7, -6]
[-81, -164, -203, 42, 142, 194, 218, 232, 240, 225, 35, -41, 55, 40, -16, -59, -66, -40, -29, -26, -12, -19, -43, -103, -142, -177, -180, -145, -116, -123, -117, -91, -74, -66, -58, -48, -34, -23, -16, -12, -8, -5, -3, -3, -4, -5, -5, -4, -3, -4, -5, -6, -8, -9, -10, -9, -8, -8, -9, -9, -9, -10, -11, -9, -8, -8, -8, -7, -7, -7, -7, -8, -8, -7, -7, -7, -7, -8, -9, -10, -9, -8, -8, -10, -11, -10, -9, -9, -10, -11, -12, -12, -10, -9, -8, 0, 0, 0, 0, 0]
[-97, -169, -209, -229, -236, -239, -222, -200, -149, -88, -20, 75, 159, 202, 224, 201, 216, 231, 239, 236, 242, 177, -21, -74, -16, -31, -21, -20, -22, -13, -12, -51, -87, -143, -167, -164, -164, -141, -128, -125, -117, -110, -100, -93, -80, -64, -48, -35, -27, -22, -20, -17, -14, -12, -10, -8, -7, -7, -5, -5, -5, -6, -5, -5, -4, -4, -4, -5, -5, -5, -5, -5, -4, -4, -3, -3, -4, -5, -6, -6, -5, -4, -3, -3, -3, -3, -3, -3, -3, -4, -4, -5, -6, -7, -7, -7, -7, -6, -6, -6]
[-71, -61, -49, -35, -49, -126, -187, -218, -234, -239, -169, -90, -10, 68, 126, 182, 214, 230, 239, 240, 244, 245, 241, 238, 169, -17, -38, 5, 0, -14, -22, -11, 3, 4, 6, -36, -82, -125, -160, -166, -165, -141, -127, -123, -102, -79, -70, -64, -55, -44, -34, -25, -20, -15, -8, -4, -2, -2, -4, -3, -3, -3, -3, -3, -3, -4, -5, -7, -8, -8, -7, -7, -7, -6, -6, -7, -8, -8, -9, -10, -12, -13, -10, -6, -2, -3, -8, -14, -13, -7, -5, -8, -13, -16, -13, -9, -8, -9, -10, -11]
[-94, -170, -209, -220, -235, -239, -195, -102, -48, -2, 68, 156, 201, 223, 235, 233, 222, 234, 241, 244, 246, 140, -47, 18, 42, 9, -16, -13, -4, -5, -4, -29, -56, -82, -107, -157, -172, -170, -153, -131, -120, -107, -90, -68, -56, -45, -30, -19, -13, -9, -5, -1, -2, 0, 0, 0, 0, 0, 0, 0, -1, -1, -1, -2, -2, -1, 0, -1, -1, -1, -1, -1, -1, -1, 0, 0, 0, 0, 0, 0, 0, 0, -1, -3, -3, -2, -2, -2, -2, -2, -1, 0, 0, -2, -1, 0, 0, 0, 0, 0]
[-91, -169, -209, -229, -240, -239, -152, -51, 12, 117, 181, 213, 230, 239, 243, 245, 246, 243, 245, 239, 147, -46, -91, -33, -18, -15, -16, -18, -20, -27, -56, -89, -144, -158, -146, -115, -102, -99, -89, -77, -69, -59, -50, -41, -31, -21, -14, -9, -7, -7, -7, -5, -3, -1, 0, 1, 1, 1, 0, 0, -3, -4, -5, -6, -6, -7, -6, -8, -9, -10, -9, -8, -7, -8, -8, -8, -9, -9, -9, -9, -9, -9, -8, -7, -8, -9, -8, -5, -4, -6, -9, -10, -7, -6, -7, -10, -11, -9, -6, 0]
[-100, -172, 0, 0, 0, 0, 0, 0, 0, 0, 0, 0, 0, 0, 0, 0, 0, 0, 0, 0, 0, 0, 0, 0, 0, 0, 0, 0, 0, 0, 0, 0, 0, 0, 0, 0, 0, 0, 0, 0, 0, 0, 0, 0, 0, 0, 0, 0, 0, 0, 0, 0, 0, 0, 0, 0, 0, 0, 0, 0, 0, 0, 0, 0, 0, 0, 0, 0, 0, 0, 0, 0, 0, 0, 0, 0, 0, 0, 0, 0, 0, 0, 0, 0, 0, 0, 0, 0, 0, 0, 0, 0, 0, 0, 0, 0, 0, 0, 0, 0]
[0, -210, -199, -88, 3, 33, -9, -19, 24, 109, 176, 211, 229, 238, 196, 127, 101, 88, 54, 26, -8, -37, -72, -65, -61, -55, -54, -103, -111, -70, -83, -103, -94, -60, -33, -19, -11, -9, -8, -6, -3, -2, -2, -1, 0, 1, 3, 3, 2, 2, 2, 2, 1, 1, 1, 2, 3, 4, 4, 3, 3, 4, 5, 4, 3, 3, 2, 2, 2, 2, 2, 2, 2, 2, 2, 3, 4, 3, 2, 1, 1, 1, 0, 0, 1, 3, 4, 4, 3, 2, 1, 0, 0, 0, 0, 0, 1, 1, 0, 0]
[82, 60, -76, -137, -120, -82, 0, 40, 58, 32, -32, -63, 2, 121, 183, 214, 231, 239, 230, 207, 162, 109, 18, -24, -75, -86, -66, -83, -90, -85, -77, -40, -35, -37, -33, -22, -16, -14, -7, 1, 7, 9, 8, 8, 9, 10, 10, 9, 8, 9, 6, 6, 8, 10, 11, 11, 9, 8, 7, 8, 9, 9, 10, 11, 10, 11, 12, 11, 10, 11, 12, 12, 12, 12, 10, 10, 13, 14, 13, 12, 12, 11, 12, 13, 12, 11, 9, 9, 11, 11, 11, 12, 12, 12, 12, 12, 0, 0, 0, 0]
[-85, -113, -91, -53, -27, -11, -24, -53, -10, 77, 160, 203, 225, 236, 226, 154, 118, 120, 121, 64, -53, -26, -3, -44, -87, -70, -66, -78, -59, -30, -24, -39, -52, -56, -37, -16, -3, 5, 5, 2, 2, 4, 6, 7, 7, 6, 5, 5, 5, 5, 4, 4, 5, 6, 6, 6, 7, 6, 6, 5, 6, 5, 4, 4, 4, 4, 5, 5, 5, 5, 6, 6, 6, 6, 6, 5, 5, 6, 5, 4, 4, 3, 4, 5, 5, 5, 5, 5, 4, 5, 6, 6, 6, 6, 6, 0, 0, 0, 0, 0]
[82, 84, 0, 0, 0, 0, 0, 0, 0, 0, 0, 0, 0, 0, 0, 0, 0, 0, 0, 0, 0, 0, 0, 0, 0, 0, 0, 0, 0, 0, 0, 0, 0, 0, 0, 0, 0, 0, 0, 0, 0, 0, 0, 0, 0, 0, 0, 0, 0, 0, 0, 0, 0, 0, 0, 0, 0, 0, 0, 0, 0, 0, 0, 0, 0, 0, 0, 0, 0, 0, 0, 0, 0, 0, 0, 0, 0, 0, 0, 0, 0, 0, 0, 0, 0, 0, 0, 0, 0, 0, 0, 0, 0, 0, 0, 0, 0, 0, 0, 0]
[0, -21, -103, -173, -123, -29, 33, 42, 6, -33, 11, 89, 157, 201, 224, 235, 230, 188, 39, -40, -25, -17, -8, -4, -5, -5, -4, -4, -2, 0, 1, 4, 5, 5, 4, 6, 8, 8, 7, 8, 9, 9, 8, 7, 7, 5, 4, 5, 5, 4, 3, 4, 5, 5, 5, 6, 6, 5, 6, 7, 6, 5, 5, 5, 6, 7, 7, 6, 5, 6, 7, 7, 7, 9, 8, 8, 9, 9, 8, 8, 8, 8, 8, 8, 8, 6, 7, 8, 8, 9, 9, 8, 9, 9, 9, 9, 0, 0, 0, 0]
[-65, -76, 77, 102, 104, 90, 27, -33, -39, -77, -110, -106, -105, -102, -79, -48, -49, -38, -30, -28, -26, -24, -16, -7, 3, 6, 3, 2, 2, 4, 7, 8, 8, 8, 8, 8, 6, 6, 5, 5, 6, 5, 5, 5, 6, 7, 7, 6, 6, 6, 6, 5, 4, 4, 4, 3, 3, 4, 4, 4, 4, 4, 4, 3, 2, 2, 1, 2, 4, 4, 3, 4, 4, 3, 2, 3, 3, 2, 3, 3, 3, 3, 4, 2, 2, 1, 2, 4, 4, 3, 4, 4, 0, 0, 0, 0, 0, 0, 0, 0]
[66, -76, 62, 90, 115, 130, 92, -9, -71, -99, -71, -80, -109, -112, -97, -65, -41, -12, -2, -1, -36, -59, -46, -19, -2, 8, 11, 6, 0, 0, 4, 8, 8, 7, 8, 9, 9, 8, 9, 9, 8, 7, 7, 6, 6, 6, 6, 7, 6, 5, 6, 6, 7, 5, 6, 5, 6, 5, 6, 6, 6, 5, 6, 5, 5, 5, 5, 5, 5, 5, 5, 6, 6, 5, 6, 5, 5, 5, 5, 5, 5, 5, 4, 4, 5, 5, 5, 5, 5, 5, 5, 6, 5, 5, 5, 5, 0, 0, 0, 0]
[-91, -101, -62, 42, -22, -46, -45, -71, -37, 78, 161, 203, 225, 236, 201, 19, 1, 5, 14, 20, 18, 9, 4, 3, 5, 7, 9, 9, 11, 13, 12, 11, 10, 9, 7, 6, 6, 5, 7, 7, 4, 2, 5, 6, 6, 6, 6, 6, 5, 6, 7, 7, 7, 7, 7, 6, 8, 8, 8, 7, 6, 6, 7, 8, 8, 7, 7, 6, 6, 7, 7, 7, 6, 6, 7, 7, 7, 7, 8, 9, 9, 9, 9, 9, 9, 9, 9, 9, 9, 0, 0, 0, 0, 0, 0, 0, 0, 0, 0, 0]
[-80, -113, -122, -67, -13, 23, 66, 46, 12, -39, -89, -68, -101, -82, -59, -32, -9, 0, -13, -30, -45, -38, -18, 3, 13, 12, 10, 6, 5, 8, 10, 11, 13, 14, 13, 12, 12, 10, 9, 7, 7, 6, 5, 5, 6, 5, 5, 5, 4, 4, 4, 4, 5, 7, 7, 6, 7, 7, 7, 8, 7, 8, 8, 7, 7, 7, 6, 6, 7, 7, 7, 7, 6, 6, 8, 8, 7, 7, 7, 7, 8, 8, 8, 8, 8, 8, 8, 8, 8, 8, 8, 9, 8, 8, 8, 8, 0, 0, 0, 0]
[-94, -142, -155, -63, 5, 23, 20, -26, -49, 15, 99, 171, 209, 228, 237, 220, 190, 181, 94, -74, -86, -46, -6, -14, -22, -48, -28, -5, 7, -2, -33, -59, -51, -29, -7, 2, 7, 6, 4, 4, 7, 8, 7, 7, 9, 11, 10, 9, 9, 8, 7, 7, 8, 7, 7, 8, 7, 6, 5, 5, 5, 5, 6, 6, 6, 7, 8, 7, 7, 8, 8, 8, 9, 9, 8, 8, 8, 7, 7, 7, 6, 7, 7, 8, 8, 8, 8, 8, 9, 9, 9, 8, 9, 10, 11, 9, 8, 8, 8, 7]
[-101, -146, -115, -46, -1, 13, -1, -31, -23, 20, 105, 169, 207, 227, 237, 198, 163, 155, 148, 91, 10, -36, -48, -79, -89, -71, -49, -51, -46, -23, -19, -29, -36, -43, -32, -22, -14, -10, -7, -3, 2, 7, 11, 13, 13, 12, 11, 10, 7, 6, 5, 5, 5, 5, 4, 4, 3, 2, 3, 3, 3, 2, 3, 4, 3, 4, 8, 8, 6, 5, 5, 5, 5, 5, 5, 5, 5, 5, 5, 5, 5, 6, 6, 6, 6, 6, 6, 5, 5, 5, 5, 6, 6, 6, 6, 6, 5, 5, 6, 6]
[-90, -10, 30, -52, -85, -39, -48, -106, -93, -59, -36, -41, -51, -42, -19, -6, -7, -13, -15, -10, -4, -3, 1, 7, 8, 8, 8, 7, 9, 10, 8, 8, 9, 10, 9, 4, 5, 6, 8, 7, 5, 5, 5, 6, 5, 5, 5, 5, 5, 5, 5, 5, 5, 5, 5, 5, 5, 4, 4, 4, 5, 5, 5, 5, 6, 5, 4, 3, 5, 5, 5, 4, 5, 4, 4, 4, 4, 5, 6, 6, 5, 3, 4, 4, 4, 4, 4, 4, 3, 4, 4, 3, 0, 0, 0, 0, 0, 0, 0, 0]
[80, 69, -8, -54, -110, -102, -12, 52, 54, 58, 15, 45, 130, 188, 217, 232, 239, 220, 187, 178, 144, 27, -84, -102, -37, -43, -79, -88, -79, -71, -76, -52, -35, -30, -16, -10, -16, -25, -24, -16, -7, -2, 0, -3, -1, 3, 7, 6, 5, 5, 4, 4, 6, 6, 5, 5, 3, 4, 4, 2, 1, 2, 2, 3, 5, 4, 4, 5, 5, 4, 5, 5, 4, 3, 3, 3, 2, 2, 4, 3, 2, 3, 4, 4, 3, 3, 3, 3, 2, 2, 2, 3, 3, 3, 4, 4, 4, 3, 4, 4]
[39, -13, -120, -169, -119, -42, 27, 52, 34, 7, 46, 138, 191, 219, 233, 240, 229, 189, 121, 14, -94, -59, 6, 0, -17, -31, -66, -61, -55, -45, -27, -25, -31, -38, -35, -25, -13, -3, 4, 9, 9, 8, 7, 7, 7, 9, 10, 10, 9, 9, 10, 12, 11, 10, 10, 9, 8, 9, 8, 7, 8, 8, 8, 9, 9, 9, 10, 10, 10, 10, 10, 9, 10, 10, 11, 11, 11, 10, 11, 10, 10, 10, 10, 10, 10, 9, 9, 10, 10, 11, 11, 11, 12, 12, 10, 11, 0, 0, 0, 0]
[88, 0, 0, 0, 0, 0, 0, 0, 0, 0, 0, 0, 0, 0, 0, 0, 0, 0, 0, 0, 0, 0, 0, 0, 0, 0, 0, 0, 0, 0, 0, 0, 0, 0, 0, 0, 0, 0, 0, 0, 0, 0, 0, 0, 0, 0, 0, 0, 0, 0, 0, 0, 0, 0, 0, 0, 0, 0, 0, 0, 0, 0, 0, 0, 0, 0, 0, 0, 0, 0, 0, 0, 0, 0, 0, 0, 0, 0, 0, 0, 0, 0, 0, 0, 0, 0, 0, 0, 0, 0, 0, 0, 0, 0, 0, 0, 0, 0, 0, 0]
[108, 37, -72, -140, -150, -81, -22, -4, 19, 33, 79, 123, 183, 215, 231, 239, 216, 177, 118, 43, -89, -116, 12, 50, 53, 37, 22, -3, -13, 14, 0, -43, -63, -51, -26, -13, -9, -6, -6, -6, -1, 2, 3, 2, 3, 3, 5, 7, 7, 6, 5, 3, 1, 2, 4, 4, 4, 6, 7, 6, 5, 6, 8, 7, 4, 2, 1, 1, 1, 2, 3, 5, 6, 7, 6, 4, 1, 0, 0, 1, 0, 0, 1, 5, 7, 6, 5, 5, 5, 5, 5, 5, 5, 5, 4, 0, 0, 0, 0, 0]
[-78, -145, -138, -106, -74, -49, -52, -64, -40, -9, 77, 160, 203, 225, 236, 213, 191, 181, 123, 24, 10, 0, -43, -67, -75, -71, -37, -35, -33, -35, -38, -30, -20, -14, -9, 4, 6, 6, 7, 8, 7, 8, 8, 7, 7, 10, 11, 10, 10, 11, 9, 8, 7, 8, 7, 5, 5, 6, 6, 8, 10, 9, 8, 10, 10, 10, 9, 9, 9, 9, 8, 8, 9, 8, 7, 7, 8, 8, 7, 8, 9, 8, 7, 7, 8, 8, 7, 8, 7, 8, 8, 8, 13, 18, 13, 3, 0, 0, 0, 0]
[23, 0, 0, 0, 0, 0, 0, 0, 0, 0, 0, 0, 0, 0, 0, 0, 0, 0, 0, 0, 0, 0, 0, 0, 0, 0, 0, 0, 0, 0, 0, 0, 0, 0, 0, 0, 0, 0, 0, 0, 0, 0, 0, 0, 0, 0, 0, 0, 0, 0, 0, 0, 0, 0, 0, 0, 0, 0, 0, 0, 0, 0, 0, 0, 0, 0, 0, 0, 0, 0, 0, 0, 0, 0, 0, 0, 0, 0, 0, 0, 0, 0, 0, 0, 0, 0, 0, 0, 0, 0, 0, 0, 0, 0, 0, 0, 0, 0, 0, 0]
[-9, 6, 45, 43, 59, 116, 172, 196, 195, 143, 61, 62, 9, -11, -5, -18, -18, 0, 4, 1, -39, -73, -95, -102, -83, -80, -82, -66, -52, -48, -42, -35, -31, -26, -20, -14, -10, -8, -7, -4, 5, 4, 4, 3, 3, 3, 3, 2, 2, 2, 3, 3, 3, 2, 2, 2, 3, 4, 3, 3, 2, 2, 2, 2, 2, 2, 3, 3, 3, 3, 2, 2, 2, 2, 2, 1, 2, 2, 3, 3, 3, 3, 2, 3, 3, 3, 3, 2, 2, 3, 2, 0, 0, 0, 0, 0, 0, 0, 0, 0]
[-25, -61, -12, 85, 127, 160, 196, 215, 167, 105, 163, 41, -30, -21, -11, -22, -19, -8, -8, -43, -72, -86, -92, -71, -78, -86, -76, -70, -63, -52, -39, -28, -21, -17, -14, -10, -6, -3, 0, 2, 5, 4, 0, -1, 0, 0, 0, 0, 0, 1, 0, 0, 0, 0, 0, -1, 0, 0, 0, 0, 0, 0, 0, 0, 0, 0, 0, 0, 0, 0, 0, 0, -1, -1, -1, 0, 0, 0, 0, 0, -1, -1, -1, -1, -1, -1, 0, 0, 0, 0, -1, -1, -1, -1, -1, -1, -1, -1, 0, -1]
[-82, -63, 11, 0, 0, 0, 0, 0, 0, 0, 0, 0, 0, 0, 0, 0, 0, 0, 0, 0, 0, 0, 0, 0, 0, 0, 0, 0, 0, 0, 0, 0, 0, 0, 0, 0, 0, 0, 0, 0, 0, 0, 0, 0, 0, 0, 0, 0, 0, 0, 0, 0, 0, 0, 0, 0, 0, 0, 0, 0, 0, 0, 0, 0, 0, 0, 0, 0, 0, 0, 0, 0, 0, 0, 0, 0, 0, 0, 0, 0, 0, 0, 0, 0, 0, 0, 0, 0, 0, 0, 0, 0, 0, 0, 0, 0, 0, 0, 0, 0]
[0, 0, 96, 104, 128, 165, 140, 91, 103, 5, -45, -14, -17, -24, -8, 21, 6, -22, -74, -101, -107, -102, -89, -76, -69, -57, -47, -43, -41, -37, -34, -27, -17, -11, -10, -8, 0, 9, 9, 3, 1, 1, 1, 0, 0, 0, 0, 0, 0, 0, 0, 0, 1, 2, 3, 3, 4, 3, 3, 2, 2, 2, 2, 2, 2, 3, 2, 2, 2, 2, 2, 2, 2, 2, 2, 2, 2, 2, 1, 2, 1, 1, 1, 1, 1, 1, 1, 2, 2, 2, 2, 1, 1, 1, 1, 0, 0, 0, 0, 0]
[-35, -65, -43, 9, 82, 103, 126, 175, 187, 160, 76, 92, -8, -35, -33, -33, -14, 13, 7, -10, -32, -58, -49, -76, -92, -72, -62, -49, -41, -38, -32, -31, -26, -15, -7, -2, 0, 2, 4, 4, 4, 9, 17, 17, 14, 13, 14, 14, 13, 11, 10, 11, 10, 9, 9, 9, 9, 9, 9, 10, 10, 9, 10, 10, 10, 10, 10, 11, 11, 10, 10, 9, 8, 8, 8, 8, 8, 8, 8, 8, 7, 8, 8, 8, 8, 9, 9, 9, 9, 9, 9, 9, 9, 9, 9, 9, 9, 8, 8, 9]
[-100, -120, 0, 0, 0, 0, 0, 0, 0, 0, 0, 0, 0, 0, 0, 0, 0, 0, 0, 0, 0, 0, 0, 0, 0, 0, 0, 0, 0, 0, 0, 0, 0, 0, 0, 0, 0, 0, 0, 0, 0, 0, 0, 0, 0, 0, 0, 0, 0, 0, 0, 0, 0, 0, 0, 0, 0, 0, 0, 0, 0, 0, 0, 0, 0, 0, 0, 0, 0, 0, 0, 0, 0, 0, 0, 0, 0, 0, 0, 0, 0, 0, 0, 0, 0, 0, 0, 0, 0, 0, 0, 0, 0, 0, 0, 0, 0, 0, 0, 0]
[0, -57, 80, 121, 137, 170, 161, 83, 81, -1, -16, -14, -26, -27, -4, 9, -8, -33, -69, -75, -75, -76, -74, -74, -68, -52, -36, -24, -18, -15, -14, -7, 0, 2, 2, 1, 1, 3, 6, 7, 7, 8, 9, 9, 9, 8, 7, 6, 6, 5, 5, 6, 6, 5, 5, 5, 5, 5, 6, 5, 4, 4, 5, 5, 5, 6, 5, 5, 4, 5, 4, 4, 4, 4, 5, 5, 5, 6, 6, 5, 4, 5, 6, 5, 5, 5, 5, 5, 5, 4, 4, 4, 4, 5, 5, 5, 5, 4, 4, 0]
[-86, -103, -31, 91, 113, 122, 138, 125, 49, 63, -32, -47, -19, -21, -35, -22, -1, -2, -28, -56, -65, -69, -66, -69, -69, -64, -54, -36, -22, -13, -3, 0, -1, 0, 2, 2, 2, 4, 7, 10, 9, 8, 8, 10, 10, 10, 10, 10, 11, 11, 10, 8, 7, 7, 8, 7, 8, 9, 7, 8, 7, 6, 6, 7, 8, 9, 8, 7, 7, 7, 7, 7, 7, 7, 7, 7, 7, 7, 7, 7, 6, 7, 8, 7, 6, 6, 6, 6, 6, 6, 6, 5, 7, 9, 7, 7, 8, 7, 6, 6]
[-63, -109, -58, 75, 111, 121, 146, 150, 77, 98, -12, -16, -21, -31, -23, 3, 9, -9, -43, -65, -82, -83, -77, -80, -68, -60, -51, -39, -29, -22, -13, -9, -8, -6, -4, -3, -1, 0, 1, 3, 4, 5, 6, 7, 8, 9, 8, 7, 6, 5, 4, 3, 3, 4, 4, 3, 3, 3, 3, 4, 5, 4, 3, 3, 3, 3, 3, 3, 4, 5, 5, 3, 3, 4, 3, 1, 2, 4, 3, 2, 3, 3, 3, 2, 3, 2, 3, 4, 3, 3, 3, 3, 3, 4, 4, 4, 4, 4, 4, 3]
[-64, -118, -73, 55, 115, 119, 140, 154, 142, 67, 32, -14, -14, -30, -31, -15, 7, 1, -13, -51, -74, -81, -84, -79, -64, -57, -45, -36, -31, -27, -20, -16, -13, -8, -4, -1, 2, 6, 10, 13, 12, 12, 12, 10, 8, 9, 8, 6, 7, 7, 7, 5, 3, 3, 4, 5, 4, 3, 3, 4, 4, 5, 6, 7, 7, 7, 6, 5, 5, 5, 5, 5, 6, 6, 5, 4, 4, 4, 5, 4, 4, 4, 3, 3, 4, 5, 5, 4, 4, 4, 3, 3, 3, 3, 2, 2, 1, 2, 2, 2]
[-84, -114, -50, 87, 121, 139, 180, -15, -16, -18, -15, -12, -11, -10, -5, 0, 2, 4, 6, 6, 8, 10, 10, 10, 10, 10, 10, 10, 9, 8, 7, 7, 5, 5, 6, 6, 6, 7, 7, 6, 5, 5, 6, 4, 4, 5, 5, 5, 6, 6, 6, 4, 5, 6, 6, 7, 6, 6, 5, 5, 6, 7, 7, 4, 3, 3, 4, 6, 6, 4, 3, 3, 4, 5, 5, 5, 5, 4, 4, 4, 3, 0, 0, 0, 0, 0, 0, 0, 0, 0, 0, 0, 0, 0, 0, 0, 0, 0, 0, 0]
[-70, -92, -44, 83, 132, 138, 182, 174, 96, 119, 51, -10, -19, -19, -9, -3, -5, -34, -60, -81, -76, -74, -74, -65, -56, -46, -39, -41, -43, -35, -23, -11, -5, -3, -1, 1, 6, 9, 8, 6, 7, 7, 7, 8, 8, 7, 7, 6, 6, 6, 6, 6, 5, 4, 4, 4, 5, 6, 6, 6, 6, 6, 5, 6, 6, 6, 5, 5, 5, 4, 5, 6, 6, 5, 4, 4, 4, 4, 5, 4, 5, 4, 4, 5, 6, 5, 6, 6, 6, 6, 6, 6, 5, 4, 4, 5, 0, 0, 0, 0]
[-94, -92, -4, 118, 146, 171, 173, 150, 63, 12, 25, -17, -36, -14, -13, -9, -13, -28, -38, -58, -63, -71, -69, -68, -69, -60, -49, -37, -30, -25, -20, -15, -10, -5, -3, -1, 0, 2, 2, 1, 3, 4, 4, 4, 5, 4, 4, 5, 5, 4, 2, 1, 3, 4, 4, 5, 5, 7, 7, 4, 4, 4, 3, 4, 5, 5, 5, 6, 7, 7, 6, 6, 9, 8, 5, 5, 4, 4, 5, 5, 5, 6, 6, 5, 5, 5, 6, 6, 6, 7, 7, 6, 6, 6, 6, 6, 5, 4, 4, 4]
[-37, 0, 0, 0, 0, 0, 0, 0, 0, 0, 0, 0, 0, 0, 0, 0, 0, 0, 0, 0, 0, 0, 0, 0, 0, 0, 0, 0, 0, 0, 0, 0, 0, 0, 0, 0, 0, 0, 0, 0, 0, 0, 0, 0, 0, 0, 0, 0, 0, 0, 0, 0, 0, 0, 0, 0, 0, 0, 0, 0, 0, 0, 0, 0, 0, 0, 0, 0, 0, 0, 0, 0, 0, 0, 0, 0, 0, 0, 0, 0, 0, 0, 0, 0, 0, 0, 0, 0, 0, 0, 0, 0, 0, 0, 0, 0, 0, 0, 0, 0]
[-80, -24, 90, 146, 181, 214, 204, 213, 172, -7, -15, -7, -16, -11, 0, -7, -22, -42, -52, -64, -69, -59, -63, -59, -56, -53, -46, -33, -23, -16, -9, -5, -3, 1, 6, 7, 6, 6, 6, 5, 5, 5, 4, 3, 4, 4, 4, 4, 3, 3, 3, 3, 3, 4, 4, 3, 4, 4, 4, 4, 4, 4, 4, 3, 4, 4, 3, 2, 3, 4, 3, 3, 3, 3, 3, 3, 3, 3, 2, 2, 2, 3, 2, 3, 3, 3, 4, 4, 4, 4, 4, 4, 3, 3, 4, 0, 0, 0, 0, 0]
[-48, -113, -60, 75, 139, 163, 204, 195, 132, 100, -13, -32, -19, -16, -1, 1, -25, -46, -70, -67, -71, -77, -66, -62, -58, -50, -42, -33, -25, -21, -18, -15, -13, -11, -8, -6, -3, -1, 1, 4, 5, 5, 3, 5, 10, 9, 7, 6, 5, 5, 5, 6, 6, 5, 6, 5, 5, 5, 4, 4, 4, 4, 4, 3, 3, 4, 3, 3, 3, 2, 3, 4, 4, 3, 3, 4, 4, 4, 3, 2, 2, 2, 2, 3, 3, 4, 4, 3, 2, 3, 3, 2, 1, 2, 1, 1, 3, 3, 3, 3]
[-77, -60, 56, 0, 0, 0, 0, 0, 0, 0, 0, 0, 0, 0, 0, 0, 0, 0, 0, 0, 0, 0, 0, 0, 0, 0, 0, 0, 0, 0, 0, 0, 0, 0, 0, 0, 0, 0, 0, 0, 0, 0, 0, 0, 0, 0, 0, 0, 0, 0, 0, 0, 0, 0, 0, 0, 0, 0, 0, 0, 0, 0, 0, 0, 0, 0, 0, 0, 0, 0, 0, 0, 0, 0, 0, 0, 0, 0, 0, 0, 0, 0, 0, 0, 0, 0, 0, 0, 0, 0, 0, 0, 0, 0, 0, 0, 0, 0, 0, 0]
[0, 0, 150, 143, 183, 209, 196, 186, 70, -8, -5, -17, -21, -6, 0, -30, -46, -57, -53, -59, -70, -68, -69, -58, -52, -43, -31, -21, -14, -10, -5, -3, -1, 0, 0, 1, 1, 2, 4, 6, 7, 6, 5, 4, 5, 4, 3, 3, 4, 3, 3, 3, 5, 4, 4, 3, 4, 4, 4, 3, 3, 4, 3, 2, 3, 4, 3, 3, 3, 3, 4, 4, 3, 3, 4, 4, 3, 2, 3, 3, 4, 4, 3, 3, 4, 4, 5, 5, 4, 4, 4, 3, 2, 2, 5, 0, 0, 0, 0, 0]
[-71, -146, -67, 74, 121, 139, 191, 156, 37, -8, -65, -34, -26, -17, -5, -14, -39, -50, -67, -72, -72, -72, -70, -74, -71, -57, -44, -32, -29, -28, -23, -16, -7, 0, 0, 0, 0, 1, 1, 1, 0, 0, 1, 2, 3, 3, 3, 4, 5, 4, 5, 5, 6, 6, 6, 6, 6, 6, 6, 6, 5, 4, 4, 4, 4, 4, 5, 5, 4, 4, 4, 4, 4, 4, 4, 4, 3, 2, 3, 3, 3, 3, 3, 3, 4, 5, 4, 3, 3, 4, 4, 4, 4, 4, 4, 4, 4, 4, 4, 4]
[-84, -152, -84, 66, 112, 147, 196, 188, 90, 29, -33, -25, -44, -23, 9, 13, -8, -24, -65, -64, -65, -67, -64, -68, -65, -49, -36, -27, -20, -18, -14, -11, -8, -3, 0, 2, 3, 4, 4, 4, 4, 4, 4, 4, 3, 3, 5, 6, 6, 5, 5, 6, 5, 4, 4, 4, 4, 3, 3, 3, 3, 3, 3, 3, 3, 3, 3, 3, 2, 2, 2, 2, 2, 1, 2, 3, 3, 2, 2, 3, 2, 2, 2, 1, 1, 3, 4, 4, 2, 2, 3, 2, 2, 3, 3, 3, 3, 3, 3, 3]
[140, 0, 0, 0, 0, 0, 0, 0, 0, 0, 0, 0, 0, 0, 0, 0, 0, 0, 0, 0, 0, 0, 0, 0, 0, 0, 0, 0, 0, 0, 0, 0, 0, 0, 0, 0, 0, 0, 0, 0, 0, 0, 0, 0, 0, 0, 0, 0, 0, 0, 0, 0, 0, 0, 0, 0, 0, 0, 0, 0, 0, 0, 0, 0, 0, 0, 0, 0, 0, 0, 0, 0, 0, 0, 0, 0, 0, 0, 0, 0, 0, 0, 0, 0, 0, 0, 0, 0, 0, 0, 0, 0, 0, 0, 0, 0, 0, 0, 0, 0]
[99, 53, 33, 13, -6, -34, -54, -61, -67, -65, -69, -64, -50, -37, -28, -17, -11, -7, -6, -4, 6, 7, 7, 7, 7, 7, 7, 7, 7, 7, 7, 7, 7, 7, 7, 6, 5, 6, 7, 7, 6, 5, 6, 6, 6, 6, 7, 5, 5, 6, 6, 6, 5, 5, 6, 7, 6, 5, 5, 5, 5, 5, 5, 5, 6, 5, 6, 5, 4, 5, 5, 5, 5, 5, 5, 5, 5, 5, 4, 5, 5, 5, 5, 5, 5, 5, 5, 5, 5, 4, 0, 0, 0, 0, 0, 0, 0, 0, 0, 0]
[-83, -96, -65, 27, 82, 97, 159, 188, 120, 82, -47, -10, -27, -36, -26, -10, -10, -20, -50, -57, -63, -67, -65, -72, -71, -58, -48, -38, -28, -25, -23, -18, -13, -9, -4, -1, -1, 0, 0, 4, 6, 5, 4, 3, 4, 6, 10, 7, 5, 8, 7, 6, 7, 7, 2, 0, 3, 6, 5, 5, 6, 7, 7, 6, 6, 6, 6, 6, 5, 5, 5, 4, 4, 5, 5, 4, 4, 4, 4, 3, 3, 4, 3, 3, 4, 4, 4, 4, 3, 3, 3, 2, 3, 3, 3, 2, 3, 3, 3, 3]
[-76, -135, -87, 42, 129, 164, 205, 200, 105, 83, -26, -20, -17, -20, -11, -5, -27, -39, -62, -66, -77, -79, -68, -70, -57, -47, -38, -27, -21, -19, -16, -12, -8, -2, 0, 1, 2, 4, 6, 8, 9, 10, 9, 10, 11, 10, 7, 7, 6, 5, 6, 8, 7, 6, 6, 6, 6, 6, 5, 5, 5, 4, 5, 6, 6, 6, 7, 6, 6, 6, 4, 4, 6, 8, 6, 3, 3, 5, 5, 5, 6, 5, 5, 5, 4, 5, 6, 6, 6, 5, 5, 5, 5, 4, 5, 5, 4, 4, 5, 4]
[12, 13, 0, 0, 0, 0, 0, 0, 0, 0, 0, 0, 0, 0, 0, 0, 0, 0, 0, 0, 0, 0, 0, 0, 0, 0, 0, 0, 0, 0, 0, 0, 0, 0, 0, 0, 0, 0, 0, 0, 0, 0, 0, 0, 0, 0, 0, 0, 0, 0, 0, 0, 0, 0, 0, 0, 0, 0, 0, 0, 0, 0, 0, 0, 0, 0, 0, 0, 0, 0, 0, 0, 0, 0, 0, 0, 0, 0, 0, 0, 0, 0, 0, 0, 0, 0, 0, 0, 0, 0, 0, 0, 0, 0, 0, 0, 0, 0, 0, 0]
[0, 16, 14, 7, 1, 1, 4, 9, 13, 12, 8, 6, 6, 6, 6, 6, 7, 7, 8, 10, 11, 11, 11, 11, 12, 11, 12, 12, 10, 10, 11, 10, 11, 11, 10, 10, 10, 10, 11, 11, 9, 9, 10, 10, 10, 10, 8, 5, 3, 3, 3, 3, 3, 1, 0, 0, -1, -3, -4, -4, -5, -6, -6, -4, -1, 0, -1, -3, -2, -1, -1, 0, 0, 0, 0, 0, 0, 0, 0, 0, 0, 0, 1, 2, 2, 3, 3, 3, 3, 0, 0, 0, 0, 0, 0, 0, 0, 0, 0, 0]
[-5, 9, 0, 0, 0, 0, 0, 0, 0, 0, 0, 0, 0, 0, 0, 0, 0, 0, 0, 0, 0, 0, 0, 0, 0, 0, 0, 0, 0, 0, 0, 0, 0, 0, 0, 0, 0, 0, 0, 0, 0, 0, 0, 0, 0, 0, 0, 0, 0, 0, 0, 0, 0, 0, 0, 0, 0, 0, 0, 0, 0, 0, 0, 0, 0, 0, 0, 0, 0, 0, 0, 0, 0, 0, 0, 0, 0, 0, 0, 0, 0, 0, 0, 0, 0, 0, 0, 0, 0, 0, 0, 0, 0, 0, 0, 0, 0, 0, 0, 0]
[0, 22, 33, 40, 42, 38, 34, 33, 30, 26, 23, 20, 14, 11, -12, -20, -24, -26, -22, -18, -13, -9, 10, 0, 0, 0, 0, 0, 0, 0, 0, 0, 0, 0, 0, 0, 0, 0, 0, 0, 0, 0, 0, 0, 0, 0, 0, 0, 0, 0, 0, 0, 0, 0, 0, 0, 0, 0, 0, 0, 0, 0, 0, 0, 0, 0, 0, 0, 0, 0, 0, 0, 0, 0, 0, 0, 0, 0, 0, 0, 0, 0, 0, 0, 0, 0, 0, 0, 0, 0, 0, 0, 0, 0, 0, 0, 0, 0, 0, 0]
[12, 5, 1, 0, 0, 0, 1, 2, 2, 2, 2, 3, 3, 3, 3, 3, -8, -5, -3, -2, 1, 2, 0, -2, -5, -2, 0, 0, 0, 0, 0, 0, 0, 0, 0, 0, 0, 0, 0, 0, 0, 0, 0, 0, 0, 0, 0, 0, 0, 0, 0, 0, 0, 0, 0, 0, 0, 0, 0, 0, 0, 0, 0, 0, 0, 0, 0, 0, 0, 0, 0, 0, 0, 0, 0, 0, 0, 0, 0, 0, 0, 0, 0, 0, 0, 0, 0, 0, 0, 0, 0, 0, 0, 0, 0, 0, 0, 0, 0, 0]
[7, 0, 0, 0, 0, 0, 0, 0, 0, 0, 0, 0, 0, 0, 0, 0, 0, 0, 0, 0, 0, 0, 0, 0, 0, 0, 0, 0, 0, 0, 0, 0, 0, 0, 0, 0, 0, 0, 0, 0, 0, 0, 0, 0, 0, 0, 0, 0, 0, 0, 0, 0, 0, 0, 0, 0, 0, 0, 0, 0, 0, 0, 0, 0, 0, 0, 0, 0, 0, 0, 0, 0, 0, 0, 0, 0, 0, 0, 0, 0, 0, 0, 0, 0, 0, 0, 0, 0, 0, 0, 0, 0, 0, 0, 0, 0, 0, 0, 0, 0]
[17, 23, 25, 24, 23, 20, 19, 17, 17, 16, 18, 22, 25, 28, 24, 17, 7, -3, -6, -5, -7, -10, -6, 0, 5, 5, 17, 30, 30, 24, 19, 12, 6, 2, 1, 1, 0, 0, 0, 0, 0, 0, 0, 1, 1, 1, 2, 0, 0, 0, 0, 0, 0, 0, 0, 0, 0, 0, 0, 0, 0, 0, 0, 0, 0, 0, 0, 0, 0, 0, 0, 0, 0, 0, 0, 0, 0, 0, 0, 0, 0, 0, 0, 0, 0, 0, 0, 0, 0, 0, 0, 0, 0, 0, 0, 0, 0, 0, 0, 0]
[5, 17, 31, 36, 34, 31, 28, 25, 18, 11, 8, 5, 2, 1, 0, 1, 0, 0, -2, -3, -3, -1, -1, 0, 2, 4, 8, 13, 16, 18, 19, 19, 17, 13, 11, 11, 10, 8, 7, 7, 5, 4, 2, 1, 0, 0, 0, 3, 4, 4, 3, 3, 4, 5, 6, 8, 11, 12, 12, 10, 8, 8, 8, 6, 4, 3, 1, 0, 0, -2, -4, -4, -6, -6, -5, -2, 0, 2, 3, 5, 7, 9, 9, 12, 17, 22, 25, 25, 21, 15, 7, 4, 1, 0, 0, 0, 0, -1, 0, 3]
[5, 4, 3, 4, 7, 11, 15, 18, 18, 16, 13, 11, 9, 7, 6, 4, 2, 1, 0, 0, -1, -1, -1, 0, 0, 0, 0, 0, 0, 0, 0, 2, 4, 5, 2, 0, 0, 0, 2, 2, 2, 2, 2, 2, 1, 1, 1, 1, 1, 0, 0, 0, 0, 1, 1, 1, 2, 3, 3, 3, 2, 2, 3, 4, 3, 3, 3, 2, 2, 2, 2, 2, 2, 2, 2, 3, 2, 2, 2, 2, 2, 2, 2, 2, 2, 2, 2, 2, 2, 3, 3, 3, 2, 2, 2, 2, 2, 3, 4, 3]
[-9, -13, 0, 0, 0, 0, 0, 0, 0, 0, 0, 0, 0, 0, 0, 0, 0, 0, 0, 0, 0, 0, 0, 0, 0, 0, 0, 0, 0, 0, 0, 0, 0, 0, 0, 0, 0, 0, 0, 0, 0, 0, 0, 0, 0, 0, 0, 0, 0, 0, 0, 0, 0, 0, 0, 0, 0, 0, 0, 0, 0, 0, 0, 0, 0, 0, 0, 0, 0, 0, 0, 0, 0, 0, 0, 0, 0, 0, 0, 0, 0, 0, 0, 0, 0, 0, 0, 0, 0, 0, 0, 0, 0, 0, 0, 0, 0, 0, 0, 0]
[0, -16, -5, 6, 10, 5, 0, -2, -4, -4, -2, 0, 0, 0, 0, 0, 0, 1, 1, 2, 3, 3, 5, 6, 7, 7, 7, 8, 7, 6, 6, 6, 6, 6, 6, 6, 6, 5, 5, 5, 4, 4, 4, 5, 5, 6, 6, 7, 7, 7, 6, 6, 6, 6, 6, 6, 6, 5, 5, 5, 4, 3, 3, 5, 6, 7, 5, 5, 4, 5, 5, 4, 4, 4, 4, 3, 3, 3, 3, 3, 4, 4, 5, 6, 5, 4, 4, 4, 4, 5, 5, 0, 0, 0, 0, 0, 0, 0, 0, 0]
[-12, -32, -35, -27, -21, -16, -8, -4, -4, -4, 0, 9, 14, 14, 12, 11, 10, 5, -3, -11, -18, -21, -20, -16, -12, -7, -4, -2, 0, 2, 4, 6, 6, 6, 6, 7, 8, 8, 8, 8, 9, 9, 9, 9, 9, 8, 7, 7, 7, 7, 7, 7, 7, 7, 8, 8, 8, 8, 9, 9, 8, 8, 9, 9, 9, 9, 9, 9, 8, 7, 7, 7, 8, 8, 7, 8, 8, 7, 8, 8, 8, 9, 8, 9, 9, 9, 8, 9, 8, 7, 7, 8, 8, 7, 7, 7, 6, 3, 2, 5]
[-39, -25, -20, -17, -19, -21, -18, -16, -14, -11, -9, -6, -2, 1, 1, 2, 3, 7, 9, 8, 10, 12, 11, 11, 11, 10, 10, 10, 10, 9, 9, 10, 10, 10, 10, 10, 9, 9, 8, 9, 10, 11, 11, 11, 11, 11, 11, 10, 10, 10, 11, 12, 12, 12, 12, 12, 11, 10, 9, 9, 9, 9, 8, 8, 8, 9, 9, 10, 10, 10, 10, 9, 8, 8, 9, 10, 10, 9, 9, 10, 9, 9, 9, 9, 9, 9, 9, 9, 9, 9, 9, 0, 0, 0, 0, 0, 0, 0, 0, 0]
[11, 23, 38, 51, 56, 63, 65, 65, 61, 52, 49, 43, 33, 25, 18, 16, 17, 18, 11, 6, 3, 1, 0, 0, 0, -3, -2, 1, 4, 5, 5, 3, 1, 0, -4, -6, -8, -9, -9, -10, -9, -9, -9, -8, -6, -6, -5, -4, -2, 0, 0, 2, 3, 4, 4, 4, 4, 3, 3, 4, 3, 3, 3, 3, 4, 4, 5, 5, 5, 5, 5, 5, 5, 5, 5, 5, 5, 5, 5, 4, 4, 4, 5, 5, 5, 5, 5, 5, 5, 5, 5, 5, 5, 5, 5, 5, 0, 0, 0, 0]
[42, 27, 0, 0, 0, 0, 0, 0, 0, 0, 0, 0, 0, 0, 0, 0, 0, 0, 0, 0, 0, 0, 0, 0, 0, 0, 0, 0, 0, 0, 0, 0, 0, 0, 0, 0, 0, 0, 0, 0, 0, 0, 0, 0, 0, 0, 0, 0, 0, 0, 0, 0, 0, 0, 0, 0, 0, 0, 0, 0, 0, 0, 0, 0, 0, 0, 0, 0, 0, 0, 0, 0, 0, 0, 0, 0, 0, 0, 0, 0, 0, 0, 0, 0, 0, 0, 0, 0, 0, 0, 0, 0, 0, 0, 0, 0, 0, 0, 0, 0]
[0, 18, 18, 21, 22, 18, 15, 13, 14, 14, 10, 7, 8, 8, 5, 4, 5, 4, 2, 1, 0, -1, -1, -2, -3, -3, -3, -4, -4, -3, -3, -2, -1, -1, 0, 1, 2, 2, 2, 2, 3, 3, 3, 3, 3, 3, 3, 3, 2, 2, 2, 3, 3, 3, 3, 2, 3, 3, 3, 2, 2, 2, 2, 2, 2, 3, 3, 2, 2, 2, 2, 2, 2, 1, 1, 2, 2, 2, 2, 3, 3, 3, 3, 3, 3, 2, 2, 2, 2, 2, 2, 0, 0, 0, 0, 0, 0, 0, 0, 0]
[21, 21, 43, 66, 71, 66, 65, 60, 54, 52, 50, 46, 34, 22, 16, 18, 19, 20, 20, 17, 13, 11, 10, 10, 10, 9, 7, 6, 5, 4, 3, 2, 2, 2, 2, 3, 3, 4, 4, 5, 4, 4, 4, 4, 3, 4, 4, 4, 4, 4, 5, 5, 5, 5, 6, 5, 5, 5, 5, 5, 4, 4, 4, 4, 4, 4, 4, 5, 5, 4, 5, 5, 4, 4, 5, 4, 4, 5, 5, 4, 3, 6, 9, 6, 2, 1, 4, 8, 8, 5, 3, 5, 8, 6, 3, 3, 4, 4, 4, 4]
[12, 14, 23, 49, 71, 73, 64, 58, 55, 48, 39, 29, 22, 19, 18, 14, 10, 8, 8, 6, 5, 4, 3, 4, 4, 4, 3, 1, 1, 2, 1, 0, 0, 0, 0, 0, 0, 0, 0, 0, 0, 1, 1, 0, 1, 2, 2, 2, 1, 2, 2, 2, 2, 2, 2, 2, 2, 2, 2, 2, 2, 2, 2, 2, 2, 2, 2, 3, 2, 2, 2, 2, 2, 2, 2, 2, 4, 4, 4, 4, 5, 5, 3, 3, 3, 2, 2, 3, 2, 3, 3, 4, 5, 4, 3, 4, 4, 4, 5, 5]
[10, 20, 34, 55, 66, 68, 66, 64, 64, 61, 56, 49, 36, 25, 20, 20, 20, 19, 17, 16, 14, 12, 13, 12, 11, 9, 6, 4, 3, 3, 1, 0, 0, 0, 0, 0, 1, 1, 1, 0, 1, 1, 1, 2, 2, 1, 2, 2, 2, 2, 2, 2, 2, 2, 3, 2, 2, 2, 2, 3, 3, 4, 4, 4, 3, 3, 3, 3, 3, 3, 3, 3, 3, 3, 3, 4, 4, 3, 3, 3, 2, 2, 3, 3, 3, 4, 3, 3, 3, 3, 3, 2, 2, 2, 2, 2, 0, 0, 0, 0]
[32, 30, 34, 45, 53, 53, 49, 48, 45, 38, 31, 25, 22, 19, 18, 18, 19, 17, 16, 15, 14, 12, 9, 7, 4, 2, 0, -2, -1, 0, 0, 0, 0, 0, 0, 0, 0, 0, 0, 0, 0, 0, 0, 0, 0, 0, 0, 0, 0, 0, 0, 0, 0, 0, 0, 0, 0, 0, 0, 0, 0, 0, 0, 0, 0, 0, 0, 0, 0, 0, 0, 0, 0, 0, 0, 0, 0, 0, 0, 0, 0, 0, 0, 0, 0, 0, 0, 0, 0, 0, 0, 0, 0, 0, 0, 0, 0, 0, 0, 0]
[18, 22, 32, 44, 52, 52, 46, 42, 39, 35, 28, 21, 16, 15, 12, 12, 12, 12, 10, 9, 7, 7, 6, 3, 0, 0, -1, -2, -2, -3, -3, -4, -4, -5, -6, -5, -5, -4, -3, -2, -2, -2, -1, -1, -1, -1, -1, -1, -1, 0, 0, -1, -1, -1, -1, -1, -1, 0, 0, 0, 0, 0, 0, 0, 0, 0, 0, 0, -1, -1, -1, -1, -1, 0, 0, 0, 0, -1, -1, -1, -1, -1, 0, 0, 0, 0, 0, -1, -1, -1, -2, -2, -2, -2, -1, 0, 0, 0, -1, -1]
[24, 26, 44, 69, 77, 65, 53, 42, 28, 16, 13, 16, 22, 21, 15, 13, 13, 11, 10, 7, 2, 1, 2, 2, 1, 1, 0, 0, 0, 0, -1, -1, 0, 0, 0, 0, -1, -2, -1, 0, 1, 1, 0, 0, 0, 0, 0, 0, 0, 0, 0, 0, 0, 0, 0, 0, 0, 0, 0, 0, 0, 0, 0, 0, 0, 0, 0, 0, -1, 0, 0, 0, 0, 0, 0, 0, 0, 0, 0, 0, 0, 0, 0, 0, 0, 0, 0, 0, -1, -1, -1, -1, -1, -1, -1, 0, 0, -1, -2, -1]
[3, 0, 0, 0, 0, 0, 0, 0, 0, 0, 0, 0, 0, 0, 0, 0, 0, 0, 0, 0, 0, 0, 0, 0, 0, 0, 0, 0, 0, 0, 0, 0, 0, 0, 0, 0, 0, 0, 0, 0, 0, 0, 0, 0, 0, 0, 0, 0, 0, 0, 0, 0, 0, 0, 0, 0, 0, 0, 0, 0, 0, 0, 0, 0, 0, 0, 0, 0, 0, 0, 0, 0, 0, 0, 0, 0, 0, 0, 0, 0, 0, 0, 0, 0, 0, 0, 0, 0, 0, 0, 0, 0, 0, 0, 0, 0, 0, 0, 0, 0]
[7, 46, 24, 14, 10, 7, 5, 4, 3, 2, 1, 2, 1, 1, 1, 1, 1, 1, 1, 1, 1, 1, 1, 1, 1, 1, 1, 1, 1, 1, 1, 2, 2, 1, 1, 1, 1, 1, 1, 1, 1, 1, 1, 0, 0, 0, 0, 0, 1, 1, 1, 1, 0, 0, 1, 1, 1, 1, 1, 1, 1, 2, 2, 2, 2, 1, 1, 0, 0, 0, 1, 1, 1, 1, 1, 1, 2, 2, 2, 2, 2, 2, 2, 2, 1, 1, 0, 0, 0, 0, 2, 0, 0, 0, 0, 0, 0, 0, 0, 0]
[19, 18, 24, 40, 55, 59, 56, 55, 52, 44, 32, 18, 8, 6, 8, 10, 10, 10, 10, 6, 3, 1, 1, 0, 0, 0, 0, 0, 0, 1, 1, 2, 1, 1, 1, 1, 1, 1, 1, 1, 1, 1, 1, 1, 1, 1, 1, 1, 2, 1, 1, 1, 1, 1, 1, 1, 1, 1, 1, 1, 1, 0, 0, 0, 0, 0, 0, 1, 2, 1, 0, 0, 0, 0, 0, 0, 1, 1, 1, 1, 1, 0, 1, 2, 2, 2, 1, 1, 1, 1, 1, 0, 0, 0, 0, 0, 0, 0, 0, 0]
[22, 25, 20, 28, 44, 55, 52, 46, 46, 44, 36, 26, 15, 7, 6, 7, 7, 7, 6, 6, 7, 7, 7, 5, 3, 1, 0, -1, -2, -3, -3, -3, -3, -2, -1, -1, -1, 0, 0, 0, 0, 0, 0, 0, 0, 0, 0, 0, 0, 0, 0, 0, 0, 1, 1, 1, 2, 2, 2, 2, 1, 1, 1, 1, 0, 0, 0, 0, 0, 0, 0, 1, 0, 0, 0, 0, 0, 0, 0, 0, 0, 0, 0, 0, 0, 0, 0, 0, 0, -1, -1, 0, 0, 0, -1, -1, -1, -1, 0, 0]
[19, 22, 29, 38, 45, 50, 50, 47, 42, 33, 25, 18, 15, 17, 17, 15, 12, 11, 11, 11, 9, 7, 6, 4, 1, 0, -1, -1, -2, -2, -2, -2, -2, -1, -1, -1, -1, -1, -1, -1, 0, 0, 0, 0, 0, 0, 0, 0, 0, 0, 0, 0, 0, 0, 0, 0, 0, 0, 0, 0, 0, 0, 0, 0, 0, 0, 0, 0, 0, 0, 0, 0, 0, 0, 0, 0, 0, 0, 0, 0, 0, 0, 0, 0, 0, 0, 0, 0, 0, 0, 0, 0, 0, 0, 0, 0, 0, 0, 0, 0]
[35, 0, 0, 0, 0, 0, 0, 0, 0, 0, 0, 0, 0, 0, 0, 0, 0, 0, 0, 0, 0, 0, 0, 0, 0, 0, 0, 0, 0, 0, 0, 0, 0, 0, 0, 0, 0, 0, 0, 0, 0, 0, 0, 0, 0, 0, 0, 0, 0, 0, 0, 0, 0, 0, 0, 0, 0, 0, 0, 0, 0, 0, 0, 0, 0, 0, 0, 0, 0, 0, 0, 0, 0, 0, 0, 0, 0, 0, 0, 0, 0, 0, 0, 0, 0, 0, 0, 0, 0, 0, 0, 0, 0, 0, 0, 0, 0, 0, 0, 0]
[34, 33, 42, 32, 22, 16, 9, 5, 3, 0, -2, -3, -4, -4, -3, -2, -1, -1, 0, 0, 0, 0, 0, 0, 0, 0, 0, 0, 0, 0, 0, 0, 0, 0, 0, 0, 0, 0, 0, 0, 0, 0, 0, 0, 0, 0, 0, 0, 0, 0, 0, 0, 0, 0, 0, 1, 1, 1, 2, 1, 1, 0, 0, 0, 0, 0, 1, 0, 0, 0, 0, 0, 0, 0, 0, 0, 0, 0, 0, 0, 0, 0, 0, 0, 0, 0, 0, 0, 0, 0, 0, 0, 0, 0, 0, 0, 0, 0, 0, 0]
[6, 7, 13, 28, 42, 43, 36, 26, 18, 11, 6, 5, 6, 8, 9, 9, 7, 5, 6, 7, 6, 3, 1, 0, -1, -2, -2, -1, -1, -1, 0, 0, 0, 0, 0, 0, 0, 0, 0, 0, -1, -1, 0, 0, 0, 0, 0, 0, 0, 0, 0, 0, 0, 0, 0, 0, 0, 0, 0, 0, 0, 0, 0, 0, 0, 0, 0, 1, 0, 0, 0, 0, 0, 0, 0, 0, 0, 1, 1, 0, 0, 0, 0, 0, 0, 0, 0, 0, 0, -2, -2, -1, 0, 0, 0, 0, 1, 1, 2, 1]
[18, 20, 21, 28, 36, 39, 35, 25, 15, 6, -1, -4, -1, 2, 5, 6, 5, 5, 5, 6, 6, 4, 2, 1, 0, 0, -1, -2, -2, -1, -1, -1, -1, -1, -1, 0, 0, 0, 0, 0, 0, 0, 1, 1, 1, 0, 0, 0, 0, 0, 1, 0, 1, 0, 0, 0, 0, 0, 1, 1, 1, 1, 1, 1, 1, 1, 2, 2, 3, 3, 3, 2, 2, 3, 3, 1, 0, 0, 0, 2, 2, 3, 3, 3, 1, 1, 2, 2, 1, 1, 0, 0, 1, 2, 3, 3, 2, 1, 1, 0]
[5, 11, 23, 38, 53, 61, 68, 69, 65, 61, 57, 49, 37, 23, 13, 9, 10, 11, 11, 11, 11, 10, 11, 11, 10, 7, 5, 4, 2, 1, 0, -1, -2, -1, 0, 0, 0, 0, 0, 0, 1, 1, 1, 1, 2, 2, 3, 3, 3, 3, 3, 3, 3, 3, 3, 3, 2, 2, 2, 2, 3, 3, 3, 3, 3, 3, 3, 3, 3, 4, 3, 3, 3, 3, 2, 1, 1, 1, 2, 2, 2, 2, 2, 3, 3, 3, 3, 3, 3, 3, 4, 4, 3, 2, 2, 2, 0, 0, 0, 0]
[25, 29, 36, 51, 65, 64, 54, 46, 34, 21, 10, 3, 8, 16, 16, 14, 12, 13, 11, 9, 10, 9, 8, 6, 4, 3, 2, 1, 0, 0, 0, 1, 1, 1, 1, 2, 2, 3, 3, 3, 2, 2, 2, 2, 2, 2, 2, 2, 2, 2, 2, 3, 2, 3, 2, 2, 2, 2, 2, 2, 2, 2, 3, 2, 2, 2, 3, 3, 3, 3, 2, 3, 3, 3, 2, 2, 2, 2, 2, 3, 3, 3, 3, 3, 3, 3, 2, 2, 2, 3, 3, 3, 3, 3, 3, 3, 3, 3, 2, 2]
[21, 22, 28, 41, 59, 65, 58, 51, 41, 26, 12, 1, 1, 10, 13, 10, 9, 10, 10, 11, 9, 7, 5, 2, 0, 0, -1, -1, -1, 0, 0, 1, 1, 1, 2, 2, 1, 1, 1, 1, 0, 0, 0, 1, 1, 1, 1, 1, 2, 2, 3, 2, 3, 3, 4, 3, 2, 2, 2, 2, 3, 3, 4, 4, 4, 3, 3, 2, 1, 0, 1, 5, 6, 3, 0, 0, 1, 3, 4, 3, 2, 1, 1, 2, 3, 2, 2, 1, 1, 0, 0, 1, 1, 1, 2, 2, 0, 0, 0, 0]
[26, 41, 28, 19, 15, 12, 9, 6, 3, 1, 0, -1, 0, 0, 0, 0, 0, -3, -4, 0, 2, -1, -5, -5, -4, -1, 0, 1, 1, 0, 0, 0, 0, 0, 0, 0, 0, -1, 0, 0, 0, 0, 0, 0, 0, 0, 0, 0, 0, 0, 0, 0, 0, 0, 0, 0, 0, 0, 0, 0, 0, 0, 0, 0, 0, -1, -1, -1, 0, 0, 0, 0, 0, 0, 0, 0, 0, 0, 0, 0, 0, 0, 0, 0, 0, 0, 0, 0, 0, 0, 0, 0, 0, 0, 0, 0, 0, 0, 0, 0]
[-7, -2, 33, 64, 66, 51, 32, 8, -8, -14, -3, 13, 19, 18, 20, 20, 21, 23, 19, 13, 11, 10, 9, 6, 5, 4, 2, 0, -1, -1, -1, -2, -3, -2, -2, -1, 0, 0, 0, 0, 0, 0, 0, 0, 0, 1, 1, 1, 1, 2, 2, 2, 1, 1, 1, 1, 1, 1, 1, 1, 0, 1, 1, 1, 0, 0, 0, 0, 0, 1, 2, 1, 1, 1, 2, 1, 0, 0, 0, 0, 1, 1, 1, 2, 2, 1, 0, 0, 0, 0, 1, 0, 0, 0, 0, 0, 0, 1, 0, 0]
[24, 30, 34, 39, 56, 68, 64, 52, 40, 24, 10, 0, 6, 16, 18, 16, 18, 18, 17, 15, 12, 10, 8, 5, 3, 0, -1, -2, -3, -2, -1, 0, 0, 0, 0, 0, 0, 1, 1, 1, 0, 0, 1, 1, 1, 0, 0, 1, 1, 1, 1, 1, 1, 0, 0, 1, 1, 0, 0, 1, 1, 1, 1, 1, 0, 0, 1, 0, 0, 1, 1, 2, 2, 2, 2, 2, 1, 1, 1, 1, 0, 1, 1, 1, 1, 1, 0, 1, 1, 1, 1, 1, 2, 2, 2, 3, 0, 0, 0, 0]
[36, 33, 31, 44, 58, 60, 48, 25, -2, -18, -13, 5, 14, 15, 18, 20, 17, 13, 10, 8, 6, 6, 5, 3, 2, 2, 0, 0, 0, 0, 0, 0, 0, 1, 1, 1, 2, 2, 2, 1, 0, 0, 0, 0, 0, 0, 0, 0, 0, 0, 2, 3, 4, 4, 5, 4, 2, 2, 2, 2, 2, 3, 1, 2, 1, 0, 0, 0, 1, 1, 2, 1, 1, 1, 1, 0, 0, 0, 0, 0, 0, 0, 1, 1, 1, 1, 1, 1, 1, 0, 0, 0, 0, 0, 1, 1, 0, 0, 0, 0]
[10, 1, 19, 54, 71, 65, 55, 40, 16, -6, -13, -2, 5, 7, 10, 14, 15, 10, 10, 10, 8, 6, 5, 3, 1, 0, 0, 0, 0, 0, 0, 0, 0, 0, 0, 0, 0, 0, 0, 0, 0, 0, 0, 1, 1, 1, 1, 2, 1, 1, 1, 1, 1, 1, 1, 1, 1, 1, 1, 2, 1, 1, 1, 1, 1, 1, 1, 2, 2, 1, 1, 1, 0, 1, 1, 0, 0, 1, 1, 1, 1, 1, 0, 0, 0, 0, 0, 0, 1, 1, 1, 1, 1, 1, 0, 0, 0, 0, 0, 1]
[14, 23, 43, 54, 56, 57, 54, -6, -1, 1, 3, 3, 2, 3, 4, 3, 3, 3, 4, 4, 4, 3, 3, 3, 3, 3, 4, 4, 4, 5, 4, 4, 4, 4, 4, 3, 3, 3, 3, 4, 5, 5, 5, 5, 6, 6, 5, 5, 5, 4, 5, 5, 5, 6, 6, 5, 5, 5, 4, 4, 4, 4, 4, 4, 4, 4, 4, 4, 4, 4, 4, 4, 4, 3, 3, 3, 3, 3, 4, 4, 5, 5, 5, 5, 5, 4, 3, 2, 2, 2, 1, 0, 0, 0, 0, 0, 0, 0, 0, 0]
[11, 22, 34, 51, 58, 56, 55, 42, 20, 2, -13, -29, -22, -5, 11, 11, 7, 6, 6, 5, 5, 5, 5, 4, 5, 5, 4, 4, 4, 5, 6, 5, 5, 5, 4, 4, 5, 7, 7, 8, 7, 6, 7, 8, 7, 6, 6, 7, 7, 6, 6, 6, 5, 5, 5, 6, 7, 7, 8, 7, 7, 7, 8, 8, 6, 7, 9, 5, 6, 5, 4, 5, 5, 5, 5, 5, 4, 4, 5, 6, 6, 5, 4, 3, 3, 3, 3, 3, 4, 4, 4, 5, 0, 0, 0, 0, 0, 0, 0, 0]
[-6, -3, 18, 44, 56, 51, 34, 6, -32, -48, -29, 0, 15, 14, 10, 10, 11, 9, 6, 6, 7, 5, 4, 4, 4, 4, 5, 4, 4, 4, 4, 4, 4, 4, 3, 3, 4, 4, 4, 4, 4, 4, 3, 3, 5, 6, 6, 5, 3, 2, 4, 5, 5, 5, 5, 4, 4, 4, 4, 4, 4, 5, 5, 4, 3, 3, 3, 3, 3, 3, 4, 4, 4, 4, 4, 4, 4, 4, 4, 4, 4, 4, 4, 4, 5, 4, 4, 5, 4, 4, 4, 4, 4, 4, 4, 5, 4, 5, 5, 5]
[17, 0, 0, 0, 0, 0, 0, 0, 0, 0, 0, 0, 0, 0, 0, 0, 0, 0, 0, 0, 0, 0, 0, 0, 0, 0, 0, 0, 0, 0, 0, 0, 0, 0, 0, 0, 0, 0, 0, 0, 0, 0, 0, 0, 0, 0, 0, 0, 0, 0, 0, 0, 0, 0, 0, 0, 0, 0, 0, 0, 0, 0, 0, 0, 0, 0, 0, 0, 0, 0, 0, 0, 0, 0, 0, 0, 0, 0, 0, 0, 0, 0, 0, 0, 0, 0, 0, 0, 0, 0, 0, 0, 0, 0, 0, 0, 0, 0, 0, 0]
[10, 17, 43, 62, 61, 52, 34, 10, -11, 10, 5, 4, 2, 2, 3, 4, 4, 3, 3, 4, 4, 5, 4, 2, 1, 2, 4, 5, 4, 3, 2, 2, 4, 3, 3, 3, 4, 4, 5, 5, 4, 4, 3, 3, 3, 3, 4, 4, 4, 5, 6, 6, 5, 5, 4, 3, 3, 3, 3, 4, 4, 3, 3, 3, 3, 3, 4, 4, 4, 4, 3, 3, 2, 2, 1, 1, 1, 1, 1, 2, 2, 2, 2, 2, 3, 3, 2, 1, 1, 1, 2, 0, 0, 0, 0, 0, 0, 0, 0, 0]
[-7, -14, -2, 35, 62, 62, 45, 17, -9, -27, -28, -14, 0, 4, 6, 4, 2, 2, 2, 0, 0, -1, -3, -5, -4, -3, -2, -1, 0, 0, 0, -1, -1, -2, -3, -3, -3, -2, -1, -1, -1, -1, -1, -1, -1, 0, -1, -1, -1, -1, -1, -1, -1, -1, -1, -1, -1, -2, -1, 0, 0, 0, 0, 0, 0, 0, -1, -1, -1, -1, -1, -1, 0, -1, -1, -1, 0, 0, 0, 0, 0, 0, 0, 0, 0, 0, 0, 0, 0, 0, 0, 0, 0, 0, 0, 0, 0, 0, 0, 0]
[5, 14, 35, 0, 0, 0, 0, 0, 0, 0, 0, 0, 0, 0, 0, 0, 0, 0, 0, 0, 0, 0, 0, 0, 0, 0, 0, 0, 0, 0, 0, 0, 0, 0, 0, 0, 0, 0, 0, 0, 0, 0, 0, 0, 0, 0, 0, 0, 0, 0, 0, 0, 0, 0, 0, 0, 0, 0, 0, 0, 0, 0, 0, 0, 0, 0, 0, 0, 0, 0, 0, 0, 0, 0, 0, 0, 0, 0, 0, 0, 0, 0, 0, 0, 0, 0, 0, 0, 0, 0, 0, 0, 0, 0, 0, 0, 0, 0, 0, 0]
[0, 0, 53, 59, 54, 46, 28, 2, -12, -9, 1, 8, 10, 10, 10, 11, 10, 6, 3, 2, 1, 0, -3, -3, -3, -3, -3, -3, -1, -1, -1, 0, 0, 0, 0, 0, 0, 0, -1, -2, -2, -1, -1, 0, 0, 0, 0, 0, 0, 0, 0, 0, 0, 0, 0, 0, 0, 0, 0, 0, 0, 0, 0, 0, 0, 0, 0, 0, 0, 0, 0, 0, 0, 0, 0, 0, 0, 0, 0, 0, 0, 0, 0, 0, 0, 0, 0, 0, 0, 0, 0, 0, 0, 0, 0, 0, 0, 0, 0, 0]
[-2, 22, 39, 56, 58, 51, 49, 31, 2, -23, -28, -14, 0, 6, 8, 7, 5, 5, 4, 2, 1, 0, 0, -1, -2, -1, -1, -1, 0, 0, 0, 0, -1, -1, -1, -1, -1, -1, 0, 0, 0, 0, 0, -1, -1, -1, 0, 0, 0, 0, 0, -1, -1, 0, 0, 0, 0, 0, 0, 0, 0, 0, 0, 0, 0, -1, -1, -1, 0, -1, 0, 0, 0, 0, -1, -1, 0, -1, -1, -1, -1, 0, 0, 0, 0, 0, 0, 0, 0, -1, -1, -2, -2, -1, 0, -1, 0, 0, 0, 0]
[1, 0, 0, 0, 0, 0, 0, 0, 0, 0, 0, 0, 0, 0, 0, 0, 0, 0, 0, 0, 0, 0, 0, 0, 0, 0, 0, 0, 0, 0, 0, 0, 0, 0, 0, 0, 0, 0, 0, 0, 0, 0, 0, 0, 0, 0, 0, 0, 0, 0, 0, 0, 0, 0, 0, 0, 0, 0, 0, 0, 0, 0, 0, 0, 0, 0, 0, 0, 0, 0, 0, 0, 0, 0, 0, 0, 0, 0, 0, 0, 0, 0, 0, 0, 0, 0, 0, 0, 0, 0, 0, 0, 0, 0, 0, 0, 0, 0, 0, 0]
[10, 32, 58, 67, 64, 51, 20, -9, -28, -20, -3, 5, 5, 5, 4, 3, 4, 3, 0, -1, -2, -4, -4, -3, -3, -4, -3, -1, 0, 0, 0, -1, -2, -3, -3, -3, -3, -2, -2, -1, -1, 0, 0, 0, 0, 0, 0, 0, 0, 0, 0, 0, 0, 0, 0, 0, 0, 0, -1, -1, -1, -1, -1, 0, 0, 0, 0, 0, 0, 0, -1, 0, 0, 0, 0, 0, 0, 0, -1, -1, -1, -1, -1, -1, -1, -1, 0, -1, -1, 0, 0, 0, -1, -1, -1, -2, -1, -1, -2, 0]
[-34, -10, 41, 76, 66, 47, 30, 14, -1, -12, -14, -7, -2, -1, -5, -5, 0, 3, 3, 1, 0, 0, 0, -1, -2, -2, -3, -2, -2, -1, -1, -2, -2, -2, -2, -2, -2, -4, -4, -2, 0, 0, -1, -1, -1, -1, -2, -2, -2, -2, -1, 0, -1, -1, -1, -1, -1, -1, -1, -1, -1, -1, -1, -1, 0, 0, 0, 0, -1, -1, -1, -1, 0, 0, -1, -1, -2, -2, -2, -1, -1, -1, -1, -1, -1, -1, 0, -1, -1, -1, -1, -1, -1, 0, 0, 0, 0, -1, -2, -2]
[-1, 0, 0, 0, 0, 0, 0, 0, 0, 0, 0, 0, 0, 0, 0, 0, 0, 0, 0, 0, 0, 0, 0, 0, 0, 0, 0, 0, 0, 0, 0, 0, 0, 0, 0, 0, 0, 0, 0, 0, 0, 0, 0, 0, 0, 0, 0, 0, 0, 0, 0, 0, 0, 0, 0, 0, 0, 0, 0, 0, 0, 0, 0, 0, 0, 0, 0, 0, 0, 0, 0, 0, 0, 0, 0, 0, 0, 0, 0, 0, 0, 0, 0, 0, 0, 0, 0, 0, 0, 0, 0, 0, 0, 0, 0, 0, 0, 0, 0, 0]
[16, 43, 69, 68, 54, 44, 32, 16, 2, 0, 2, 8, 5, 1, 0, 0, 0, 2, 3, 1, 1, 1, 0, 0, 0, 0, -3, -5, -7, -7, -8, -8, -6, -5, -5, -6, -7, -8, -7, -4, 0, 0, -4, -9, -7, -1, 0, -4, -6, -6, -4, -3, -3, -4, -3, -2, -4, -5, -3, -2, -3, -4, -5, -4, -3, -4, -3, -2, -2, -1, -1, -1, -1, -1, -2, -2, -2, -3, -3, -2, -1, -1, -1, 0, -1, -2, -2, -2, -2, -2, -1, 0, 0, 0, 0, 0, 0, 0, 0, 0]
[-1, 3, 4, 6, 15, 27, 40, 54, 62, 64, 60, 42, 19, -1, -7, 0, 9, 13, 14, 11, 8, 6, 7, 9, 8, 5, 3, 2, 1, 0, 0, 0, -1, 0, 0, 2, 3, 3, 3, 3, 2, 2, 2, 1, 0, 0, 0, 1, 1, 2, 2, 1, 0, 0, 0, 0, 0, 0, 1, 2, 2, 3, 6, 4, 2, 1, 0, 0, 0, 0, -1, -2, -1, -1, -1, -1, 0, 0, 0, 0, 0, 0, 1, 1, 0, 0, 1, 4, 5, 2, -2, -3, -2, -1, 1, 4, 5, 5, 4, 0]
[2, 13, 33, 62, 78, 72, 6, 5, 13, 15, 7, -1, -7, -11, -9, -4, -1, 0, -2, -7, -10, -13, -11, -7, -6, -7, -5, -4, -6, -8, -7, -6, 0, 3, 0, -3, -3, 0, 0, -2, -2, 0, 0, 0, 0, -1, -1, -2, -2, -1, 0, 1, 5, 5, 5, 5, 4, 3, 2, 3, 1, -1, 0, 0, 0, 0, 5, 4, 2, 0, 0, 0, 0, 0, 0, 0, 0, 0, 2, 1, 1, 1, 0, 0, 2, 3, 5, 5, 4, 3, 1, 0, -1, 0, 0, 0, 0, 0, 0, 0]
[13, 24, 31, 51, 65, 64, 56, 45, 26, 8, -3, -7, -1, 5, 9, 13, 12, 7, 5, 7, 6, 6, 7, 5, 2, 0, -2, -3, -5, -3, 0, 0, -2, -5, -3, -1, 0, 7, 3, 4, 4, 4, 2, 2, 3, 1, 0, 0, 0, 0, 0, 0, -3, -5, -4, -2, 1, 2, 3, 2, 2, 1, 1, 1, 0, 0, 0, 0, 1, 1, 2, 2, 1, 1, 1, 0, 0, 0, 0, 0, 1, 2, 2, 2, 2, 1, 0, 0, 1, 1, 2, 2, 2, 2, 3, 0, 0, 0, 0, 0]
[8, 6, 26, 57, 68, 59, 51, 43, 26, 6, -7, -8, 0, 7, 9, 10, 11, 9, 7, 6, 4, 2, 1, 1, 0, 0, 0, 0, 0, 0, 0, 0, 0, 0, 0, 0, 0, 0, 1, 1, 2, 2, 3, 3, 2, 2, 1, 0, 0, 0, 0, 1, 1, 0, 2, 2, 1, 2, 3, 3, 4, 4, 3, 3, 2, 2, 2, 1, 1, 1, 1, 1, 1, 1, 1, 3, 3, 4, 3, 3, 3, 3, 3, 4, 4, 5, 5, 5, 5, 4, 4, 4, 3, 3, 3, 3, 0, 0, 0, 0]
[3, 5, 27, 56, 67, 57, 44, 28, 8, -8, -7, 8, 21, 16, 13, 13, 13, 10, 7, 5, 4, 3, 2, -1, 0, 0, -1, -3, -2, -1, -2, -2, -3, -4, -4, -2, -2, -2, -2, -1, -1, 0, 0, 0, 0, 0, 0, 0, -1, -1, 0, 0, 0, 0, 0, 0, 0, 0, 0, 0, 0, 0, 0, 0, 0, 0, 0, 0, 0, 0, 0, -1, 0, 0, 0, 0, 0, 0, 0, 0, 0, 0, 0, 0, -1, -1, 0, 0, -1, -1, -1, 0, 0, -1, -1, -1, -1, -1, -2, -1]
[0, 6, 29, 57, 70, 65, 55, 34, 3, -19, -24, -10, 1, 5, 8, 7, 6, 10, 10, 6, 3, 2, 1, 0, 0, 0, 0, 0, 0, 0, 0, 0, 0, -1, -1, -1, -2, -1, -2, -1, -1, -1, -1, -2, -1, 0, 0, -1, -2, -2, -2, -2, -1, -2, -2, -1, -1, -1, -1, -2, -2, -2, -1, -1, -1, -1, 0, -1, -1, -1, -1, -1, -1, -1, -1, -1, -1, 0, 0, 0, 0, -1, -1, -1, -2, -2, -2, -2, -1, -1, 0, 0, 0, 0, -1, -1, -1, -1, -1, 0]
[-1, 8, 10, 27, 54, 60, 53, 40, 18, -11, -29, -22, -6, 0, 6, 7, 7, 10, 11, 11, 9, 5, 3, 2, 2, 1, 1, 0, 0, -1, -3, -1, 0, 2, 3, 2, 2, 2, 3, 2, 1, 1, 1, 0, 0, 1, 1, 1, 1, 1, 1, 1, 1, 2, 1, 2, 3, 3, 2, 1, 1, 1, 1, 2, 2, 2, 1, 1, 1, 0, 1, 1, 2, 3, 3, 3, 3, 4, 4, 2, 2, 3, 3, 3, 2, 2, 2, 2, 2, 3, 2, 3, 2, 2, 2, 2, 2, 0, 0, 0]
[4, 19, 46, 66, 65, 56, 46, 29, 6, -10, -14, -9, -2, 5, 11, 12, 10, 9, 10, 7, 4, 2, 2, 2, 0, 0, 0, 0, 1, 1, 0, 0, 0, 0, 1, 2, 0, 0, 0, 0, 0, 1, 1, 0, 0, 0, 0, 0, 1, 0, 0, 0, 1, 1, 1, 0, 0, 0, 0, 0, 1, 1, 0, 0, 0, 1, 1, 1, 1, 0, 0, 0, 0, 0, 0, 0, 0, 0, -1, 0, 0, 0, 0, -1, 0, 1, 0, 0, -1, -2, -2, -2, -2, -2, -2, -2, -2, -1, 0, 0]
[-106, 0, 0, 0, 0, 0, 0, 0, 0, 0, 0, 0, 0, 0, 0, 0, 0, 0, 0, 0, 0, 0, 0, 0, 0, 0, 0, 0, 0, 0, 0, 0, 0, 0, 0, 0, 0, 0, 0, 0, 0, 0, 0, 0, 0, 0, 0, 0, 0, 0, 0, 0, 0, 0, 0, 0, 0, 0, 0, 0, 0, 0, 0, 0, 0, 0, 0, 0, 0, 0, 0, 0, 0, 0, 0, 0, 0, 0, 0, 0, 0, 0, 0, 0, 0, 0, 0, 0, 0, 0, 0, 0, 0, 0, 0, 0, 0, 0, 0, 0]
[-82, -156, -49, 25, 31, -5, -87, -161, -175, -166, -178, -200, -190, -186, -149, -111, -56, -18, 9, 38, 53, 75, 83, 103, 112, 102, 86, 74, 62, 34, -24, -30, -71, -111, -113, -165, -182, -151, -105, -108, -114, -83, -53, -28, -10, -1, 0, -1, -1, -1, 1, 5, 3, 2, 7, 12, 12, 8, 4, 1, 3, 6, 6, 3, 1, 0, 1, 4, 4, 2, 0, 0, 2, 3, 5, 6, 4, 2, 0, -1, 0, 0, 1, 2, 2, 2, 1, 1, 1, 1, 0, 0, 0, 0, 0, 0, 0, 0, 0, 0]
[-87, -165, -205, -217, -154, -68, 25, 86, 128, 151, 174, 179, 190, 157, 104, 59, 24, -9, -50, -103, -157, -198, -222, -222, -219, -200, -163, -101, -47, -1, 9, 3, 12, 5, 39, 39, 36, 39, 28, 15, 22, 37, 27, 24, 8, -45, -95, -134, -134, -139, -135, -106, -70, -56, -82, -125, -108, -59, -25, -16, -17, -11, -7, -9, -12, -8, -4, -4, -3, -2, -1, 0, 0, 0, 0, 4, 6, 1, -3, -1, 1, 2, 2, 3, 3, 4, 4, 4, 4, 5, 5, 6, 6, 5, 4, 3, 3, 2, 1, 0]
[1, -79, -145, -195, -204, -191, -137, -67, 4, 78, 125, 134, 123, 133, 135, 131, 123, 99, 65, 33, 4, -26, -87, -163, -200, -223, -224, -228, -210, -189, -154, -100, -49, 9, 25, 50, 72, 83, 88, 79, 63, 45, 37, 31, 22, 6, 0, -13, -65, -88, -105, -123, -118, -105, -98, -101, -94, -70, -43, -23, -14, -8, -2, 4, 6, 4, 5, 8, 6, 6, 4, 4, 3, 4, 5, 4, 3, 2, 2, 2, 1, 1, 1, 2, 2, 2, 1, 1, 0, 0, 1, 1, 2, 2, 2, 3, 3, 0, 0, 0]
[-83, -136, -159, -162, -150, -137, -98, -50, 0, 51, 95, 102, 75, 45, 20, 48, 78, 84, 74, 62, 43, 11, -58, -148, -194, -216, -230, -225, -219, -200, -163, -126, -59, -1, 33, 51, 63, 70, 69, 68, 73, 57, 49, 47, 45, 28, 2, -13, -46, -65, -76, -95, -103, -95, -99, -95, -95, -99, -88, -71, -51, -31, -13, -2, 0, -1, 0, 1, 3, 4, 3, 1, 2, 2, 2, 1, 0, 1, 2, 3, 3, 4, 4, 3, 3, 2, 2, 2, 2, 2, 3, 4, 4, 4, 4, 0, 0, 0, 0, 0]
[4, -83, -160, -168, -160, -146, -103, -48, 7, 68, 110, 112, 90, 65, 32, 17, 31, 50, 76, 88, 73, 62, 40, -3, -113, -178, -212, -229, -226, -207, -171, -136, -86, -22, 6, 38, 50, 55, 51, 53, 56, 56, 57, 53, 53, 53, 56, 33, -1, -30, -87, -92, -111, -140, -136, -123, -125, -104, -83, -64, -45, -32, -25, -15, -7, -4, -5, -6, -5, -2, -1, -1, 0, 0, 0, 0, 0, 0, 0, 0, 1, 1, 1, 3, 4, 3, 2, 3, 4, 5, 5, 4, 3, 1, 0, 0, 1, 1, 1, 0]
[0, -82, -152, -198, -199, -198, -152, -96, -31, 42, 90, 122, 128, 103, 71, 44, 57, 82, 85, 73, 53, 30, -24, -127, -186, -216, -231, -220, -183, -134, -68, -54, -10, 12, 28, 49, 63, 74, 74, 65, 67, 67, 59, 43, 4, -34, -96, -118, -116, -131, -127, -103, -92, -71, -88, -91, -85, -71, -41, -17, -11, -4, 2, 2, 0, 0, 0, 1, 2, 3, 4, 4, 3, 2, 1, 1, 2, 3, 3, 5, 6, 6, 5, 6, 6, 6, 5, 5, 5, 5, 6, 5, 5, 5, 4, 4, 3, 3, 3, 3]
[3, -84, -145, -170, -163, -160, -122, -72, -17, 39, 70, 87, 86, 70, 46, 34, 49, 65, 84, 98, 83, 71, 53, 4, -69, -156, -201, -224, -231, -209, -184, -150, -125, -71, -11, 27, 54, 64, 75, 87, 85, 72, 60, 44, 33, 16, -3, -16, -33, -63, -79, -75, -90, -119, -127, -134, -133, -134, -115, -89, -81, -61, -38, -19, -9, -3, 1, 4, 3, 3, 2, 1, 2, 8, 13, 12, 11, 11, 11, 12, 10, 9, 8, 8, 9, 11, 11, 11, 12, 12, 12, 11, 10, 9, 9, 9, 8, 7, 6, 6]
[6, -80, 0, 0, 0, 0, 0, 0, 0, 0, 0, 0, 0, 0, 0, 0, 0, 0, 0, 0, 0, 0, 0, 0, 0, 0, 0, 0, 0, 0, 0, 0, 0, 0, 0, 0, 0, 0, 0, 0, 0, 0, 0, 0, 0, 0, 0, 0, 0, 0, 0, 0, 0, 0, 0, 0, 0, 0, 0, 0, 0, 0, 0, 0, 0, 0, 0, 0, 0, 0, 0, 0, 0, 0, 0, 0, 0, 0, 0, 0, 0, 0, 0, 0, 0, 0, 0, 0, 0, 0, 0, 0, 0, 0, 0, 0, 0, 0, 0, 0]
[0, -139, -188, -198, -181, -132, -69, 2, 68, 104, 119, 115, 92, 64, 50, 69, 91, 93, 80, 62, 42, -2, -89, -167, -206, -221, -215, -198, -178, -167, -145, -108, -72, -24, 17, 43, 65, 74, 61, 49, 31, 9, -3, 0, 15, 35, 49, 48, 36, 27, -13, -63, -108, -147, -143, -127, -117, -98, -59, -49, -39, -24, -12, -2, 2, 3, 3, 0, 2, 3, 3, 3, 4, 4, 5, 6, 6, 6, 6, 6, 7, 6, 5, 4, 4, 5, 5, 5, 5, 6, 6, 5, 5, 5, 4, 4, 4, 5, 5, 0]
[5, -76, -137, -179, -183, -170, -135, -73, 3, 70, 106, 106, 89, 73, 47, 19, 16, 42, 77, 96, 98, 83, 67, 46, 13, -57, -147, -195, -221, -223, -213, -199, -181, -148, -95, -40, 16, 62, 76, 69, 51, 44, 35, 27, 21, 23, 29, 44, 59, 60, 44, 24, -19, -68, -84, -130, -141, -133, -130, -116, -86, -55, -38, -30, -27, -22, -20, -17, -10, -1, 5, 9, 13, 15, 12, 9, 8, 11, 13, 12, 11, 10, 10, 10, 10, 11, 10, 9, 9, 9, 9, 9, 9, 9, 9, 8, 9, 9, 9, 9]
[9, -80, -132, -156, -164, -138, -98, -46, 24, 84, 106, 106, 94, 73, 60, 70, 76, 79, 78, 66, 61, 49, 18, -8, -65, -123, -167, -181, -181, -177, -159, -151, 77, 66, 64, 54, 4, -58, -59, -60, -65, -54, -57, -60, -53, -41, -35, -33, -30, -25, -24, -18, -14, -10, -5, -2, -1, 0, 0, 1, 1, 1, 1, 2, 6, 9, 9, 7, 5, 3, 3, 3, 3, 3, 2, 2, 1, 1, 0, 0, 2, 4, 3, 1, -1, -1, 0, 3, 8, 9, 6, 2, 0, 1, 2, 0, 0, 0, 0, 0]
[-100, -172, -204, -220, -185, -104, -17, 72, 117, 117, 95, 83, 74, 81, 90, 81, 74, 61, 49, 25, -12, -91, -153, -174, -186, -191, -177, -181, -183, -190, -188, -166, -128, -71, -6, 47, 67, 71, 86, 78, 51, 27, 2, -18, -15, 20, 57, 52, 27, 14, -17, -50, -76, -102, -117, -115, -125, -125, -108, -93, -79, -66, -64, -60, -49, -35, -25, -17, -6, 1, 3, 3, 1, 0, 0, -1, -1, 0, -1, -5, -4, -5, -6, -6, -5, -4, -3, -3, -3, -3, -3, -2, -2, -2, -3, -3, -2, -2, -2, -1]
[-89, -162, -198, -204, -184, -128, -55, 18, 77, 85, 80, 91, 114, 119, 117, 112, 93, 63, 48, 28, -34, -129, -185, -211, -229, -224, -217, -199, -175, -135, -98, -38, 21, 54, 58, 62, 71, 63, 55, 48, 40, 27, 28, 35, 21, 15, -3, -34, -67, -90, -78, -71, -94, -98, -90, -91, -78, -69, -66, -58, -43, -25, -17, -11, -5, -3, -2, -2, 0, 2, 4, 4, 3, 3, 1, 1, 3, 4, 4, 3, 2, 2, 1, 0, 0, 4, 4, 5, 8, 10, 9, 7, 7, 6, 6, 6, 0, 0, 0, 0]
[-76, 0, 0, 0, 0, 0, 0, 0, 0, 0, 0, 0, 0, 0, 0, 0, 0, 0, 0, 0, 0, 0, 0, 0, 0, 0, 0, 0, 0, 0, 0, 0, 0, 0, 0, 0, 0, 0, 0, 0, 0, 0, 0, 0, 0, 0, 0, 0, 0, 0, 0, 0, 0, 0, 0, 0, 0, 0, 0, 0, 0, 0, 0, 0, 0, 0, 0, 0, 0, 0, 0, 0, 0, 0, 0, 0, 0, 0, 0, 0, 0, 0, 0, 0, 0, 0, 0, 0, 0, 0, 0, 0, 0, 0, 0, 0, 0, 0, 0, 0]
[-136, -178, -184, -176, -150, -101, -41, 16, 71, 89, 91, 89, 95, 113, 120, 110, 91, 62, 44, 24, -28, -120, -172, -198, -202, -212, -198, -195, -194, -171, -137, -91, -45, -8, 26, 53, 54, 61, 55, 57, 55, 38, 28, 28, 25, 0, -26, -20, -24, -33, -75, -95, -95, -101, -83, -64, -96, -80, -63, -66, -69, -64, -54, -45, -39, -35, -23, -12, -6, -4, -3, -3, -2, -1, 0, 1, 0, 0, 1, 2, 3, 3, 4, 4, 4, 3, 2, 2, 2, 2, 2, 1, 2, 4, 5, 5, 4, 3, 0, 0]
[1, -84, -126, -169, -181, -156, -110, -44, 31, 83, 102, 94, 84, 72, 55, 66, 91, 107, 106, 83, 52, 21, -26, -117, -181, -213, -226, -219, -210, -192, -177, -155, -132, -106, -72, -31, 12, 42, 69, 74, 57, 43, 33, 23, 15, 15, 13, -5, 5, 3, -24, -49, -85, -107, -108, -110, -125, -104, -78, -87, -99, -86, -63, -53, -50, -47, -41, -27, -13, -3, 2, 6, 7, 5, 5, 5, 3, 2, 3, 3, 2, 2, 2, 2, 2, 3, 2, 2, 1, 1, 1, 1, 0, 0, 0, 0, 0, 0, 0, 0]
[0, 0, 0, 0, 0, 0, 0, 0, 0, 0, 0, 0, 0, 0, 0, 0, 0, 0, 0, 0, 0, 0, 0, 0, 0, 0, 0, 0, 0, 0, 0, 0, 0, 0, 0, 0, 0, 0, 0, 0, 0, 0, 0, 0, 0, 0, 0, 0, 0, 0, 0, 0, 0, 0, 0, 0, 0, 0, 0, 0, 0, 0, 0, 0, 0, 0, 0, 0, 0, 0, 0, 0, 0, 0, 0, 0, 0, 0, 0, 0, 0, 0, 0, 0, 0, 0, 0, 0, 0, 0, 0, 0, 0, 0, 0, 0, 0, 0, 0, 0]
[-85, -129, -177, 0, 0, 0, 0, 0, 0, 0, 0, 0, 0, 0, 0, 0, 0, 0, 0, 0, 0, 0, 0, 0, 0, 0, 0, 0, 0, 0, 0, 0, 0, 0, 0, 0, 0, 0, 0, 0, 0, 0, 0, 0, 0, 0, 0, 0, 0, 0, 0, 0, 0, 0, 0, 0, 0, 0, 0, 0, 0, 0, 0, 0, 0, 0, 0, 0, 0, 0, 0, 0, 0, 0, 0, 0, 0, 0, 0, 0, 0, 0, 0, 0, 0, 0, 0, 0, 0, 0, 0, 0, 0, 0, 0, 0, 0, 0, 0, 0]
[0, 0, -189, -174, -137, -75, -15, 44, 77, 84, 82, 87, 96, 115, 131, 128, 105, 73, 47, 19, -21, -88, -165, -189, -202, -199, -183, -169, -145, -120, -85, -38, 7, 53, 70, 68, 70, 79, 74, 66, 57, 48, 42, 42, 32, 27, 14, -29, -63, -106, -120, -117, -126, -119, -82, -60, -63, -54, -28, -60, -81, -70, -51, -32, -19, -9, -4, 0, 2, 2, 1, 0, 0, 0, 0, 0, 0, 0, 0, 0, 1, 2, 2, 2, 2, 3, 3, 3, 3, 2, 1, 1, 1, 1, 1, 1, 1, 0, 0, 0]
[-92, -163, -187, -170, -160, -156, -117, -65, -9, 59, 109, 110, 90, 53, 18, 2, 9, 29, 69, 89, 77, 63, 49, 16, -28, -109, -176, -211, -229, -234, -224, -206, -189, -153, -111, -58, 9, 69, 87, 79, 66, 64, 64, 48, 31, 9, 0, 18, 23, 13, 4, -11, -31, -62, -67, -80, -102, -87, -121, -134, -108, -103, -102, -90, -68, -48, -33, -27, -19, -9, -2, 0, 0, 3, 6, 4, 1, 0, 0, 0, 0, 0, 0, 1, 3, 2, 1, 0, 0, 1, 1, 1, 3, 3, 2, 1, 1, 1, 2, 3]
[-85, -130, -158, -162, -147, -129, -81, -21, 22, 65, 70, 68, 68, 64, 75, 103, 121, 126, 116, 83, 54, 26, -19, -114, -179, -212, -229, -237, -221, -201, -179, -134, -72, -24, 9, 37, 62, 79, 32, -26, -69, -78, -97, -88, -88, -94, -98, -95, -79, -58, -44, -36, -32, -26, -18, -11, -7, -7, -8, -10, -12, -13, -12, -11, -8, -7, -7, -8, -8, -8, -8, -8, -9, -8, -7, -7, -7, -7, -7, -8, -8, -8, -8, -8, -9, -9, -8, -7, -6, -6, -6, -6, -7, -7, -6, -6, 0, 0, 0, 0]
[-92, -147, -182, -200, -186, -141, -86, -25, 31, 61, 70, 72, 80, 108, 27, -44, -40, 6, 41, 69, 84, 69, 60, 56, 46, 32, 20, 12, 26, 36, 23, 11, 5, -14, -59, -107, -107, -130, -145, -124, -91, -91, -106, -101, -98, -92, -77, -65, -55, -42, -31, -19, -11, -7, -2, -1, -1, 0, 0, 0, 0, 0, 0, 0, 0, 0, -1, -1, -1, -1, -2, -3, -3, -4, -4, -4, -4, -4, -4, -5, -4, -3, -3, -3, -3, -3, -3, -3, -3, -5, -3, -2, 0, 0, 0, 0, 0, 0, 0, 0]
[-98, -170, -192, -188, -167, -118, -69, -17, 33, 71, 100, 103, 96, 98, 104, 101, 86, 57, 37, 25, -2, -46, -117, -174, -196, -200, -200, -177, -157, -132, -99, -56, -1, 52, 83, 97, 93, 80, 71, 61, 43, 31, 34, 34, 26, 8, 0, -22, -66, -74, -96, -124, -119, -112, -88, -102, -122, -91, -77, -72, -63, -56, -46, -34, -24, -15, -9, -3, 3, 6, 6, 6, 5, 3, 1, 0, 1, 2, 2, 2, 0, 0, -1, 0, -1, -1, -2, -1, -2, -1, -1, -3, -3, -2, -2, -2, -3, -4, -4, -3]
[-86, -157, -196, -203, -194, -163, -107, -32, 51, 93, 95, 101, 103, 107, 122, 123, 106, 84, 58, 33, 5, -27, -88, -149, -196, -196, -197, -185, -166, -145, -122, -87, -42, 21, 75, 93, 87, 70, 60, 47, 43, 38, 25, 18, 29, 30, 12, 5, -17, -52, -59, -89, -119, -114, -118, -106, -73, -83, -84, -67, -67, -72, -69, -60, -48, -35, -22, -16, -10, -7, -6, -5, -2, -1, 0, 0, 0, -1, 0, 0, 0, 0, 0, 0, 1, 0, 0, 0, 0, 0, 0, 0, 0, 0, 0, 0, 0, -1, -2, -1]
[-79, -131, -178, -196, -186, -159, -116, -57, 8, 53, 74, 69, 57, 74, 98, 111, 109, 102, 82, 55, 15, -19, -70, -141, -185, -199, -211, -208, -193, -174, -151, -122, -77, -15, 41, 64, 66, 67, 74, 63, 50, 50, 46, 35, 20, 4, -3, -15, -90, -84, -73, -59, -46, -43, -36, -29, -25, -21, -16, -16, -16, -15, -14, -14, -12, -11, -10, -10, -10, -9, -8, -8, -9, -9, -9, -9, -9, -9, -8, -8, -10, -11, -13, -14, -13, -12, -13, -13, -14, -14, -13, -12, -10, -10, -11, -12, 0, 0, 0, 0]
[-86, -136, -175, -192, -193, -175, -145, -100, -46, 15, 66, 69, 44, 52, 86, 97, 96, 90, 91, 76, 30, -13, -64, -116, -175, -198, -204, -203, -194, -186, -163, -133, -101, -55, -17, 20, 66, 81, 61, 48, 45, 36, 28, 19, 12, 3, 2, -5, -2, -7, -20, -31, -76, -85, -87, -105, -99, -115, -110, -91, -79, -75, -61, -92, -116, -101, -82, -73, -68, -57, -51, -39, -30, -25, -19, -14, -9, -7, -7, -7, -6, -4, -4, -7, -9, -9, -8, -9, -10, -11, -10, -10, -10, -9, -10, -11, -11, -10, -10, -10]
[-76, -133, -186, -204, -181, -140, -88, -30, 19, 48, 57, 70, 85, 105, 124, 125, 114, 96, 67, 41, 34, 5, -71, -148, -183, -201, -201, -194, -177, -151, -129, -96, -55, -11, 32, 63, 77, 57, 48, 50, 50, 47, 35, 34, 33, 16, -13, -38, -58, -78, -116, -129, -115, -106, -99, -98, -91, -88, -82, -81, -80, -79, -83, -83, -74, -60, -47, -36, -30, -25, -23, -22, -19, -17, -14, -11, -6, -8, -9, -9, -8, -8, -8, -9, -11, -11, -11, -11, -11, -11, -11, -11, -12, -12, -12, -11, 0, 0, 0, 0]
[-81, -142, -194, -213, -206, -172, -107, -40, 17, 50, 63, 69, 91, 124, 131, 113, 93, 76, 59, 32, 0, -37, -99, -155, -188, -204, -206, -191, -214, -212, -180, -115, -36, 20, 50, 55, 48, 45, 51, 52, 48, 48, 41, 28, 17, 13, 25, -4, -27, -63, -99, -101, -112, -120, -100, -76, -102, -112, -105, -98, -90, -81, -73, -64, -54, -51, -41, -29, -21, -14, -11, -10, -11, -10, -10, -8, -7, -8, -8, -6, -6, -6, -5, -4, -4, -4, -4, -3, -3, -4, -4, -4, -4, -5, -7, -7, -7, -8, -8, -8]
[-84, -158, 0, 0, 0, 0, 0, 0, 0, 0, 0, 0, 0, 0, 0, 0, 0, 0, 0, 0, 0, 0, 0, 0, 0, 0, 0, 0, 0, 0, 0, 0, 0, 0, 0, 0, 0, 0, 0, 0, 0, 0, 0, 0, 0, 0, 0, 0, 0, 0, 0, 0, 0, 0, 0, 0, 0, 0, 0, 0, 0, 0, 0, 0, 0, 0, 0, 0, 0, 0, 0, 0, 0, 0, 0, 0, 0, 0, 0, 0, 0, 0, 0, 0, 0, 0, 0, 0, 0, 0, 0, 0, 0, 0, 0, 0, 0, 0, 0, 0]
[0, -202, -198, -170, -132, -74, -9, 43, 65, 60, 60, 64, 87, 103, 109, 107, 103, 81, 52, 33, 18, -12, -101, -172, -205, -214, -215, -196, -180, -161, -138, -100, -53, 0, 46, 71, 68, 50, 43, 45, 44, 45, 40, 29, 20, 11, -3, -17, -35, -68, -78, -88, -107, -118, -103, -106, -106, -95, -84, -74, -72, -69, -62, -52, -43, -42, -34, -27, -22, -15, -9, -5, -3, -3, 0, 2, 2, 1, 0, 0, 1, 1, 1, 0, 1, 1, 0, -1, -2, -2, -2, -2, -1, 0, 0, 0, 0, -1, -3, 0]
[-82, -158, -201, -214, -194, -144, -83, -18, 38, 68, 70, 65, 65, 79, 92, 116, 124, 117, 101, 75, -165, -64, -19, 4, 13, 25, 6, -21, -29, -49, -64, -91, -108, -90, -96, -100, -78, -104, -108, -104, -116, -108, -93, -92, -89, -83, -73, -60, -59, -62, -55, -44, -34, -29, -24, -22, -20, -18, -17, -15, -15, -16, -18, -19, -21, -19, -18, -17, -17, -17, -17, -16, -15, -16, -17, -16, -16, -18, -18, -18, -18, -18, -18, -18, -18, -17, -16, -15, -15, -16, -17, -18, -19, 0, 0, 0, 0, 0, 0, 0]
[-84, -140, -168, -201, -205, -176, -115, -56, 0, 49, 67, 61, 79, 83, 95, 114, 118, 115, 100, 77, 37, 8, -2, -36, -111, -172, -208, -218, -220, -210, -185, -169, -134, -85, -35, 20, 61, 86, 88, 79, 61, 43, 38, 34, 37, 39, 21, 5, -8, -17, -47, -51, -64, -87, -91, -116, -112, -96, -98, -93, -83, -90, -90, -85, -74, -72, -70, -61, -46, -34, -25, -22, -21, -19, -16, -14, -15, -13, -12, -10, -9, -14, -17, -15, -12, -12, -13, -12, -11, -11, -12, -13, -13, -13, -13, -13, -12, -12, -12, -12]
[-81, -128, -186, -216, -226, -199, -146, -71, 14, 65, 74, 69, 65, 64, 77, 72, 51, 41, 37, 36, 32, 24, 9, -22, -69, -124, -176, -207, -211, -213, -201, -188, -172, -142, -108, -68, -11, 43, 69, 77, 69, 68, 69, 68, 67, 59, 49, 43, 23, 11, -6, -48, -47, -70, -88, -114, -139, -129, -143, -144, -125, -102, -90, -93, -90, -77, -65, -57, -51, -47, -43, -31, -20, -15, -13, -13, -12, -17, -13, -11, -10, -9, -9, -10, -9, -8, -9, -9, -10, -10, -10, -10, -11, -11, -12, -13, -13, -12, -11, -10]
[-75, 0, 0, 0, 0, 0, 0, 0, 0, 0, 0, 0, 0, 0, 0, 0, 0, 0, 0, 0, 0, 0, 0, 0, 0, 0, 0, 0, 0, 0, 0, 0, 0, 0, 0, 0, 0, 0, 0, 0, 0, 0, 0, 0, 0, 0, 0, 0, 0, 0, 0, 0, 0, 0, 0, 0, 0, 0, 0, 0, 0, 0, 0, 0, 0, 0, 0, 0, 0, 0, 0, 0, 0, 0, 0, 0, 0, 0, 0, 0, 0, 0, 0, 0, 0, 0, 0, 0, 0, 0, 0, 0, 0, 0, 0, 0, 0, 0, 0, 0]
[-136, -180, -208, -208, -189, -154, -86, -14, 41, 72, 66, 71, 76, 68, 87, 99, 97, 91, 69, 54, 53, 27, -14, -79, -159, -202, -224, -225, -201, -158, -130, -87, -52, -30, 3, 46, 81, 99, 96, 80, 77, 69, 61, 52, 45, 40, 35, 19, -22, -57, -78, -86, -119, -134, -130, -129, -129, -99, -75, -101, -108, -77, -60, -60, -61, -57, -54, -48, -39, -33, -29, -24, -20, -18, -5, -4, -6, -7, -7, -7, -8, -9, -10, -10, -10, -10, -9, -9, -9, -9, -9, -9, 0, 0, 0, 0, 0, 0, 0, 0]
[-78, -152, 0, 0, 0, 0, 0, 0, 0, 0, 0, 0, 0, 0, 0, 0, 0, 0, 0, 0, 0, 0, 0, 0, 0, 0, 0, 0, 0, 0, 0, 0, 0, 0, 0, 0, 0, 0, 0, 0, 0, 0, 0, 0, 0, 0, 0, 0, 0, 0, 0, 0, 0, 0, 0, 0, 0, 0, 0, 0, 0, 0, 0, 0, 0, 0, 0, 0, 0, 0, 0, 0, 0, 0, 0, 0, 0, 0, 0, 0, 0, 0, 0, 0, 0, 0, 0, 0, 0, 0, 0, 0, 0, 0, 0, 0, 0, 0, 0, 0]
[0, -196, -220, -206, -144, -62, 10, 64, 83, 87, 107, 142, 156, 153, 128, 88, 49, 32, 15, -45, -134, -189, -217, -217, -199, -194, -169, -137, -100, -54, 0, 43, 56, 54, 50, 58, 52, 49, 48, 40, 28, 18, 10, 0, -24, -16, -31, -49, -50, -69, -74, -99, -143, -92, -87, -112, -107, -92, -85, -73, -67, -62, -49, -30, -17, -14, -8, 2, 0, 1, 20, 26, 21, 16, 14, 16, 19, 18, 14, 12, 12, 14, 14, 14, 15, 15, 14, 10, 8, 11, 14, 14, 14, 15, 15, 14, 13, 12, 11, 0]
[-94, -169, -207, -218, -203, -145, -65, 10, 54, 73, 69, 78, 96, 135, 160, 141, 103, 62, 27, 0, -50, -124, -171, -198, -216, -212, -193, -168, -146, -105, -48, 12, 59, 76, 70, 59, 49, 44, 35, 31, 38, 38, 27, 20, 0, -7, -14, -45, -47, -63, -78, -90, -98, -101, -114, -102, -106, -117, -106, -112, -108, -95, -84, -74, -63, -54, -42, -29, -21, -19, -16, -15, -15, -13, -11, -9, -8, -9, -9, -8, -7, -7, -7, -8, -9, -9, -8, -8, -8, -8, -8, -8, -10, -10, -11, -11, -10, -11, -11, -11]
[-83, -160, 77, 87, 93, 80, 55, 31, 19, -16, -89, -155, -200, -219, -221, -215, -216, -217, -207, -177, -122, -58, 59, -4, -45, -92, -88, -103, -147, -143, -106, -108, -103, -100, -115, -112, -89, -80, -75, -61, -49, -37, -23, -14, -10, -10, -10, -7, -7, -5, -1, 0, -1, -1, 2, 3, 1, -1, -3, -4, -5, -4, -5, -6, -5, -4, -5, -6, -8, -9, -10, -9, -9, -10, -10, -10, -10, -9, -9, -10, -9, -9, -8, -7, -7, -7, -6, 0, 0, 0, 0, 0, 0, 0, 0, 0, 0, 0, 0, 0]
[-93, -168, -207, -225, -203, -131, -36, 51, 77, 79, 74, 57, 80, 130, 141, 141, 125, 94, 57, 27, 6, -53, -140, -185, -205, -222, -206, -208, -197, -154, -94, -22, 35, 70, 83, 75, 59, 58, 53, 40, 23, 17, 20, 22, 20, 7, -3, -1, -32, -60, -89, -119, -107, -94, -95, -73, -110, -129, -98, -90, -96, -94, -73, -52, -34, -19, -8, -3, 0, 1, 3, 5, 8, 10, 7, 2, 0, 2, 3, 4, 4, 4, 5, 6, 5, 4, 3, 3, 4, 4, 4, 4, 3, 0, 0, 0, 0, 0, 0, 0]
