[29, -63, -93, -95, -54, -47, -41, -34, -14, -3, -5, -44, -82, -129, -196, -231, -241, -199, -55, 84, 155, 151, 110, 154, 181, 150, 99, 63, 24, 5, -5, 3, 12, 8, 4, -3, -30, -42, -42, -50, -56, -67, -64, -53, -44, -37, -29, -20, -17, -17, -16, -15, -13, -10, -10, -11, -12, -14, -13, -14, -15, -15, -15, -15, -16, -15, -15, -16, -15, -13, -13, -12, -12, -12, -11, -10, -11, -11, -11, -12, -11, -10, -10, -10, -10, -10, -10, -10, -10, -10, -11, -11, -10, -10, -10, 0, 0, 0, 0, 0]
[-45, -126, -179, -188, -169, -132, -85, -53, -46, -51, -54, -71, -107, -144, -204, -233, -250, -200, -139, 12, 119, 173, 152, 117, 98, 90, 73, 43, 24, 21, 4, 28, 66, 56, 38, 11, -13, -19, -35, -51, -50, -46, -43, -40, -35, -28, -21, -17, -14, -11, -9, -10, -13, -14, -15, -16, -17, -19, -18, -16, -16, -16, -15, -15, -15, -15, -15, -15, -15, -15, -16, -16, -16, -16, -16, -16, -15, -15, -15, -14, -14, -15, -14, -15, -15, -15, -15, -14, -14, -14, -14, -14, -14, -15, -15, -14, 0, 0, 0, 0]
[-77, -90, -142, -180, -161, -106, -40, 5, 17, 13, -6, -55, -94, -168, -205, -222, -244, -246, -233, -208, -151, 9, 113, 170, 195, 191, 187, 163, 121, 72, 16, 15, 8, 3, 38, 51, 35, 10, -10, -25, -29, -23, -21, -30, -31, -36, -36, -31, -24, -18, -12, -8, -6, -8, -10, -11, -9, -8, -7, -7, -7, -7, -7, -7, -6, -7, -7, -7, -8, -9, -10, -9, -8, -7, -8, -8, -8, -7, -7, -8, -8, -8, -8, -8, -7, -8, -8, -8, -7, -7, -8, -8, -7, -7, -7, -7, -7, -7, -6, -6]
[-13, -37, 0, 0, 0, 0, 0, 0, 0, 0, 0, 0, 0, 0, 0, 0, 0, 0, 0, 0, 0, 0, 0, 0, 0, 0, 0, 0, 0, 0, 0, 0, 0, 0, 0, 0, 0, 0, 0, 0, 0, 0, 0, 0, 0, 0, 0, 0, 0, 0, 0, 0, 0, 0, 0, 0, 0, 0, 0, 0, 0, 0, 0, 0, 0, 0, 0, 0, 0, 0, 0, 0, 0, 0, 0, 0, 0, 0, 0, 0, 0, 0, 0, 0, 0, 0, 0, 0, 0, 0, 0, 0, 0, 0, 0, 0, 0, 0, 0, 0]
[0, -70, -99, -163, -178, -161, -88, 10, 68, 80, 62, 0, -106, -185, -225, -246, -248, -256, -204, -143, 16, 121, 161, 177, 202, 191, 160, 131, 81, 33, 8, -1, 0, 6, 23, 1, -32, -15, -31, -38, -36, -39, -37, -34, -30, -24, -23, -23, -24, -21, -17, -15, -17, -18, -18, -17, -15, -12, -11, -11, -8, -8, -7, -8, -8, -8, -8, -8, -7, -8, -8, -7, -7, -7, -7, -7, -8, -8, -8, -7, -6, -7, -8, -9, -8, -8, -7, -7, -7, -6, -6, -6, -6, -7, -7, 0, 0, 0, 0, 0]
[-53, -118, -191, -211, -239, -245, -247, -125, -111, 27, 126, 177, 193, 183, 156, 127, 99, 48, 16, 7, 0, 6, 23, 27, 24, 11, -3, -7, -17, -30, -28, -25, -23, -25, -26, -25, -21, -17, -15, -13, -11, -11, -13, -15, -15, -13, -11, -9, -9, -10, -9, -7, -7, -8, -9, -8, -8, -8, -8, -9, -12, -12, -11, -10, -10, -11, -12, -11, -11, -12, -12, -12, -11, -11, -11, -11, -11, -11, -10, -9, -9, -9, -9, -9, -8, -8, -8, -9, -10, -10, -10, -10, -10, 0, 0, 0, 0, 0, 0, 0]
[-5, -33, -133, -196, -188, -138, -71, 0, 43, 51, 38, 7, -74, -159, -185, -225, -228, -195, -189, -105, -8, 108, 168, 193, 180, 144, 116, 88, 46, 33, 16, 4, 9, 4, -16, -35, -29, -37, -57, -44, -39, -39, -41, -37, -28, -24, -23, -23, -22, -19, -15, -12, -15, -10, -7, -7, -7, -7, -7, -8, -9, -9, -8, -8, -7, -7, -9, -8, -8, -8, -9, -9, -8, -8, -8, -8, -8, -8, -8, -8, -8, -8, -8, -8, -8, -9, -8, -8, -8, -9, -9, -8, -9, -9, -9, 0, 0, 0, 0, 0]
[-9, 0, 0, 0, 0, 0, 0, 0, 0, 0, 0, 0, 0, 0, 0, 0, 0, 0, 0, 0, 0, 0, 0, 0, 0, 0, 0, 0, 0, 0, 0, 0, 0, 0, 0, 0, 0, 0, 0, 0, 0, 0, 0, 0, 0, 0, 0, 0, 0, 0, 0, 0, 0, 0, 0, 0, 0, 0, 0, 0, 0, 0, 0, 0, 0, 0, 0, 0, 0, 0, 0, 0, 0, 0, 0, 0, 0, 0, 0, 0, 0, 0, 0, 0, 0, 0, 0, 0, 0, 0, 0, 0, 0, 0, 0, 0, 0, 0, 0, 0]
[-19, -98, -159, -145, -105, -155, -204, -231, -170, -69, -33, -15, -25, -38, -31, -21, -34, -50, -75, -79, -74, -73, -66, -60, -52, -42, -32, -24, -18, -15, -15, -13, -12, -13, -14, -14, -15, -16, -15, -14, -14, -13, -13, -14, -14, -13, -13, -13, -12, -12, -12, -13, -13, -12, -13, -13, -13, -12, -12, -12, -12, -12, -14, -13, -13, -12, -12, -12, -12, -10, -11, -11, -11, -11, -11, -11, -11, -11, -11, -11, -10, -10, -10, -10, -10, -10, -10, -10, 0, 0, 0, 0, 0, 0, 0, 0, 0, 0, 0, 0]
[-145, -69, 0, 0, 0, 0, 0, 0, 0, 0, 0, 0, 0, 0, 0, 0, 0, 0, 0, 0, 0, 0, 0, 0, 0, 0, 0, 0, 0, 0, 0, 0, 0, 0, 0, 0, 0, 0, 0, 0, 0, 0, 0, 0, 0, 0, 0, 0, 0, 0, 0, 0, 0, 0, 0, 0, 0, 0, 0, 0, 0, 0, 0, 0, 0, 0, 0, 0, 0, 0, 0, 0, 0, 0, 0, 0, 0, 0, 0, 0, 0, 0, 0, 0, 0, 0, 0, 0, 0, 0, 0, 0, 0, 0, 0, 0, 0, 0, 0, 0]
[0, -157, -154, -190, -228, -220, -198, -192, -81, 69, 148, 164, 158, 137, 123, 94, 59, 41, 23, 16, 16, 9, 7, -26, -39, -56, -62, -67, -60, -49, -54, -55, -51, -43, -33, -23, -17, -15, -15, -15, -15, -14, -12, -13, -14, -14, -13, -13, -13, -13, -12, -12, -11, -11, -12, -11, -10, -11, -11, -11, -10, -10, -11, -10, -10, -10, -10, -10, -11, -10, -10, -10, -11, -10, -10, -11, -10, -9, -8, -8, -7, -7, -8, -9, -10, -10, -9, -8, -8, -8, -8, -8, -8, -9, -9, 0, 0, 0, 0, 0]
[-1, -41, -143, -202, -201, -153, -70, -13, 19, 16, -28, -94, -170, -176, -221, -244, -231, -227, -85, 38, 132, 175, 161, 125, 113, 104, 83, 63, 39, 20, 18, 32, 5, -2, 1, -11, -51, -43, -33, -35, -30, -28, -26, -24, -18, -14, -9, -7, -8, -8, -8, -7, -5, -4, -3, -2, -2, -1, -1, -1, -1, -1, -1, -1, -1, 0, 0, -1, -1, -1, 0, 0, 0, 0, -1, 0, -1, -1, -1, -1, -1, -1, -1, -1, -1, -1, -1, -1, 0, 0, 0, 0, 0, 0, 0, 0, 0, 0, 0, 0]
[-18, 0, 0, 0, 0, 0, 0, 0, 0, 0, 0, 0, 0, 0, 0, 0, 0, 0, 0, 0, 0, 0, 0, 0, 0, 0, 0, 0, 0, 0, 0, 0, 0, 0, 0, 0, 0, 0, 0, 0, 0, 0, 0, 0, 0, 0, 0, 0, 0, 0, 0, 0, 0, 0, 0, 0, 0, 0, 0, 0, 0, 0, 0, 0, 0, 0, 0, 0, 0, 0, 0, 0, 0, 0, 0, 0, 0, 0, 0, 0, 0, 0, 0, 0, 0, 0, 0, 0, 0, 0, 0, 0, 0, 0, 0, 0, 0, 0, 0, 0]
[-52, -140, -197, -184, -128, -42, 12, 32, 39, 2, -66, -81, -169, -137, -161, -213, -227, -244, -221, -109, 41, 133, 181, 205, 186, 148, 132, 78, 29, 5, -5, -1, 20, 46, 38, 6, -31, -39, -42, -41, -42, -42, -44, -43, -37, -27, -19, -14, -11, -6, -3, -2, -2, -2, -3, -4, -3, -2, -2, -1, -2, -3, -5, -5, -4, -5, -6, -6, -6, -7, -7, -6, -5, -4, -4, -4, -5, -5, -6, -6, -6, -5, -5, -4, -4, -4, -4, -5, -5, -5, -5, -6, -6, -6, 0, 0, 0, 0, 0, 0]
[-5, -48, 0, 0, 0, 0, 0, 0, 0, 0, 0, 0, 0, 0, 0, 0, 0, 0, 0, 0, 0, 0, 0, 0, 0, 0, 0, 0, 0, 0, 0, 0, 0, 0, 0, 0, 0, 0, 0, 0, 0, 0, 0, 0, 0, 0, 0, 0, 0, 0, 0, 0, 0, 0, 0, 0, 0, 0, 0, 0, 0, 0, 0, 0, 0, 0, 0, 0, 0, 0, 0, 0, 0, 0, 0, 0, 0, 0, 0, 0, 0, 0, 0, 0, 0, 0, 0, 0, 0, 0, 0, 0, 0, 0, 0, 0, 0, 0, 0, 0]
[0, -62, -125, -148, -127, -71, -8, 51, 21, -21, -59, -135, -179, -165, -215, -237, -233, -233, -176, -108, 42, 134, 75, 28, -32, -61, -69, -39, -30, -43, -44, -40, -34, -24, -17, -9, -7, -8, -7, -4, -3, -4, -5, -6, -6, -7, -7, -6, -5, -5, -6, -5, -5, -6, -5, -4, -4, -4, -4, -5, -4, -4, -4, -4, -4, -4, -4, -4, -4, -4, -3, -3, -4, -4, -4, -4, -5, -4, -4, -4, -4, -3, -2, -2, -3, -3, -3, -4, -5, -4, -4, -5, -4, -3, -3, 0, 0, 0, 0, 0]
[-23, -57, -152, -206, -208, -159, -84, 4, 41, 57, 36, -18, -89, -164, -192, -180, -222, -244, -221, -201, -146, -33, 95, 161, 192, 170, 137, 116, 71, 44, 40, 29, 15, 18, 11, -18, -32, -44, -57, -75, -60, -42, -43, -38, -31, -23, -19, -14, -16, -18, -17, -18, -18, -18, -18, -17, -16, -16, -15, -15, -14, -12, -12, -12, -13, -13, -13, -13, -13, -12, -13, -13, -13, -12, -12, -12, -12, -12, -13, -14, -14, -13, -12, -11, -12, -13, -12, -12, -12, -13, -13, -13, -13, -13, -13, -13, -13, -13, -12, -12]
[-37, -59, -123, -170, -156, -120, -61, 0, 37, 30, -10, -58, -88, -176, -177, -212, -239, -239, -208, -179, -67, 78, 152, 189, 166, 119, 107, 78, 62, 51, 51, 32, 29, 28, 4, -6, -17, -28, -36, -34, -39, -47, -44, -41, -39, -37, -36, -33, -30, -27, -23, -21, -21, -21, -20, -19, -20, -20, -19, -19, -20, -20, -20, -20, -18, -17, -17, -18, -19, -18, -18, -17, -17, -17, -17, -16, -16, -16, -16, -17, -17, -17, -17, -18, -18, -18, -18, -19, -18, -18, -17, -16, -16, -16, -16, -16, -17, -17, -16, -17]
[-18, -76, -117, -128, -123, -94, -34, 10, 22, 11, -4, -51, -97, -165, -215, -241, -240, 48, 31, 2, -47, -46, -55, -71, -65, -64, -70, -64, -60, -55, -47, -37, -29, -25, -25, -24, -24, -25, -25, -25, -26, -26, -27, -27, -26, -26, -26, -26, -26, -25, -25, -26, -26, -24, -22, -21, -20, -19, -19, -20, -21, -21, -21, -23, -23, -24, -22, -21, -20, -20, -19, -19, -19, -19, -19, -19, -18, -18, -18, -17, -17, -18, -18, -18, -18, -18, -19, -19, -19, -19, -19, 0, 0, 0, 0, 0, 0, 0, 0, 0]
[-19, -19, -6, -15, -35, -58, -156, -40, 49, 81, 71, 36, 19, 11, 10, 15, 17, 10, -1, -24, -24, -30, -16, -9, -16, -22, -39, -45, -47, -43, -36, -32, -31, -29, -25, -22, -20, -21, -21, -22, -23, -24, -24, -23, -23, -23, -24, -24, -24, -23, -22, -21, -20, -19, -19, -19, -18, -18, -18, -16, -16, -17, -17, -18, -18, -19, -19, -19, -19, -19, -19, -19, -19, -19, -18, -18, -18, -19, -18, -19, -19, -18, -18, -18, -18, -17, -17, -18, -18, -17, -18, -18, -18, 0, 0, 0, 0, 0, 0, 0]
[-25, -37, -114, -189, -217, -165, -61, 29, 68, 68, 43, -49, -126, -170, -161, -211, -230, -233, -182, -110, -11, 106, 167, 198, 197, 180, 137, 94, 43, 25, 18, 27, 36, 29, 32, 8, 0, -2, -13, -11, -11, -18, -24, -37, -39, -36, -37, -36, -33, -29, -26, -25, -24, -24, -24, -23, -21, -21, -21, -21, -21, -20, -20, -20, -20, -20, -20, -21, -21, -20, -19, -17, -17, -17, -16, -16, -16, -17, -16, -15, -15, -16, -16, -16, -16, -16, -15, -15, -15, -15, -14, -15, -15, -16, -17, -16, -16, -16, -16, -16]
[3, -1, 0, 0, 0, 0, 0, 0, 0, 0, 0, 0, 0, 0, 0, 0, 0, 0, 0, 0, 0, 0, 0, 0, 0, 0, 0, 0, 0, 0, 0, 0, 0, 0, 0, 0, 0, 0, 0, 0, 0, 0, 0, 0, 0, 0, 0, 0, 0, 0, 0, 0, 0, 0, 0, 0, 0, 0, 0, 0, 0, 0, 0, 0, 0, 0, 0, 0, 0, 0, 0, 0, 0, 0, 0, 0, 0, 0, 0, 0, 0, 0, 0, 0, 0, 0, 0, 0, 0, 0, 0, 0, 0, 0, 0, 0, 0, 0, 0, 0]
[0, -62, -119, -118, -77, -12, 52, 78, 74, 29, -84, -167, -208, -172, -206, -236, -244, -245, -161, -80, 61, 144, 186, 195, 162, 135, 101, 56, 41, 33, 37, 34, 19, 19, 3, 8, -3, -12, -18, -23, -16, -16, -25, -29, -28, -23, -18, -18, -20, -20, -19, -17, -17, -17, -16, -14, -14, -13, -13, -12, -11, -11, -11, -11, -11, -11, -12, -13, -12, -12, -11, -10, -11, -12, -11, -11, -12, -12, -12, -12, -11, -11, -11, -12, -12, -12, -12, -12, -12, -12, -12, -12, -12, -11, -11, -11, -11, -11, -11, 0]
[-15, -19, -59, -111, -114, -63, 12, 51, 69, 51, -16, -93, -124, -194, -179, -219, -243, -222, -227, -192, -69, 76, 152, 187, 187, 152, 114, 85, 56, 30, 18, 21, 13, 3, 9, -10, -24, -27, -19, -25, -28, -22, -27, -29, -25, -19, -14, -10, -11, -11, -18, -24, -22, -19, -15, -15, -17, -17, -16, -16, -16, -15, -13, -15, -15, -14, -14, -16, -20, -22, -19, -15, -14, -16, -17, -19, -19, -17, -16, -17, -18, -19, -19, -19, -18, -16, -16, -17, -16, -16, -17, -17, -16, -17, -17, -16, -15, -15, -15, 0]
[-14, -24, 0, 0, 0, 0, 0, 0, 0, 0, 0, 0, 0, 0, 0, 0, 0, 0, 0, 0, 0, 0, 0, 0, 0, 0, 0, 0, 0, 0, 0, 0, 0, 0, 0, 0, 0, 0, 0, 0, 0, 0, 0, 0, 0, 0, 0, 0, 0, 0, 0, 0, 0, 0, 0, 0, 0, 0, 0, 0, 0, 0, 0, 0, 0, 0, 0, 0, 0, 0, 0, 0, 0, 0, 0, 0, 0, 0, 0, 0, 0, 0, 0, 0, 0, 0, 0, 0, 0, 0, 0, 0, 0, 0, 0, 0, 0, 0, 0, 0]
[0, -7, -12, -76, -141, -113, -35, 29, 50, 51, 3, -46, -120, -189, -204, -235, -241, -226, -170, -93, 54, 140, 184, 195, 166, 136, 91, 43, 28, 22, 12, 12, 2, -6, -18, -18, -26, -38, -40, -36, -31, -34, -41, -40, -32, -23, -16, -13, -14, -16, -19, -19, -18, -17, -17, -16, -15, -15, -15, -14, -14, -14, -15, -16, -17, -17, -16, -16, -16, -15, -15, -15, -15, -15, -15, -14, -14, -14, -14, -13, -13, -14, -14, -15, -15, -14, -15, -16, -15, -15, -15, -15, -14, -14, -13, -13, -13, -13, -14, -15]
[-23, -33, -88, -53, -153, -192, -209, -175, -102, 51, 139, 174, 170, 165, 147, 120, 91, 45, 18, 14, 3, -3, -4, -4, -38, -36, -22, -20, -48, -59, -43, -36, -39, -42, -37, -30, -24, -20, -18, -17, -17, -19, -20, -20, -20, -19, -19, -18, -17, -19, -18, -18, -16, -14, -14, -16, -17, -16, -15, -14, -14, -15, -16, -17, -17, -16, -16, -16, -17, -17, -17, -17, -17, -17, -17, -17, -18, -18, -17, -17, -17, -16, -15, -15, -16, -17, -17, -17, -17, -16, -16, -15, -16, -16, -16, 0, 0, 0, 0, 0]
[-34, -43, -84, -138, -147, -140, -129, -83, -22, 17, 46, 34, -21, -134, -132, -170, -214, -228, -188, -148, -15, 104, 166, 191, 176, 137, 89, 60, 40, 26, 39, 39, 21, 14, 6, -12, -13, -19, -18, -30, -36, -22, -16, -22, -24, -22, -18, -17, -20, -20, -20, -19, -18, -17, -17, -15, -14, -14, -14, -14, -14, -14, -13, -13, -14, -13, -11, -11, -11, -11, -11, -11, -11, -11, -10, -10, -9, -9, -10, -10, -11, -11, -11, -10, -9, -10, -10, -11, -11, -12, -11, -11, -12, -12, -11, -12, -12, -13, -12, -12]
[-46, -57, -48, -37, -35, -67, -146, -200, -216, -186, -106, -54, -14, -12, -32, -43, -103, -180, -199, -232, -234, -225, -135, -16, 104, 166, 197, 198, 164, 115, 83, 53, 13, 1, 7, 13, 31, 39, 47, 35, 9, 9, 2, -10, -21, -32, -38, -34, -25, -20, -20, -22, -22, -21, -18, -15, -14, -14, -15, -14, -13, -13, -14, -14, -15, -15, -15, -15, -15, -16, -15, -14, -14, -13, -13, -13, -13, -14, -14, -15, -15, -13, -13, -16, -18, -15, -10, -9, -14, -18, -18, -14, -11, -10, -13, -16, -17, -15, -13, -12]
[10, 7, -55, -142, -141, -66, 26, 81, 85, 67, 31, -58, -136, -188, -190, -224, -245, -254, -218, -186, -19, 102, 165, 143, 125, 96, 91, 78, 48, 33, 16, 6, 14, 31, 22, 21, 31, 6, -18, -23, -15, -12, -13, -17, -22, -23, -17, -8, -3, -1, -1, -1, -3, -5, -7, -8, -8, -6, -5, -5, -6, -5, -5, -5, -7, -7, -5, -3, -4, -5, -5, -5, -5, -5, -5, -6, -7, -8, -7, -6, -5, -5, -6, -6, -7, -6, -6, -5, -5, -6, -6, -7, -7, -3, -6, 0, 0, 0, 0, 0]
[36, -17, -136, -193, -192, -143, -69, -31, -3, 9, 6, -54, -138, -164, -204, -218, -242, -187, -147, -23, 100, 164, 191, 156, 97, 64, 46, 42, 36, 33, 44, 44, 37, 32, 23, 3, 9, 16, 3, -10, -15, -13, -12, -9, -6, -6, -7, -11, -13, -14, -16, -17, -15, -12, -11, -10, -10, -11, -11, -11, -12, -14, -16, -16, -13, -13, -15, -14, -13, -13, -13, -14, -15, -15, -16, -16, -15, -15, -16, -15, -15, -15, -15, -15, -14, -14, -15, -16, -16, -15, -14, -17, -17, -16, -12, -10, -12, -16, -17, 0]
[-53, -115, 0, 0, 0, 0, 0, 0, 0, 0, 0, 0, 0, 0, 0, 0, 0, 0, 0, 0, 0, 0, 0, 0, 0, 0, 0, 0, 0, 0, 0, 0, 0, 0, 0, 0, 0, 0, 0, 0, 0, 0, 0, 0, 0, 0, 0, 0, 0, 0, 0, 0, 0, 0, 0, 0, 0, 0, 0, 0, 0, 0, 0, 0, 0, 0, 0, 0, 0, 0, 0, 0, 0, 0, 0, 0, 0, 0, 0, 0, 0, 0, 0, 0, 0, 0, 0, 0, 0, 0, 0, 0, 0, 0, 0, 0, 0, 0, 0, 0]
[0, -125, -116, -166, -176, -145, -103, -94, -152, -208, -171, -29, 97, 162, 189, 146, 107, 68, 10, -31, -36, -18, 11, 39, 42, 37, 21, 20, 14, -23, -38, -30, -17, -7, -9, -17, -16, -11, -8, -8, -8, -8, -7, -6, -7, -6, -5, -5, -5, -7, -8, -9, -9, -9, -9, -9, -10, -10, -10, -10, -8, -7, -6, -6, -7, -6, -5, -5, -5, -6, -8, -8, -7, -7, -6, -6, -5, -5, -6, -6, -6, -6, -6, -6, -5, -4, -5, -7, -8, -8, -8, -6, -5, -7, -9, -6, -4, -6, -8, 0]
[37, 54, 7, -66, -32, -12, -66, -100, -110, -90, -61, -94, -179, -222, -180, 0, 112, 170, 178, 102, 17, -8, 22, 50, 64, 108, 71, 35, 44, 30, 16, 2, -11, -16, -21, -15, -8, -5, -7, -9, -12, -10, -6, -4, -5, -6, -9, -9, -10, -13, -11, -8, -7, -9, -12, -13, -10, -7, -6, -8, -10, -12, -10, -8, -7, -7, -7, -8, -10, -10, -11, -12, -11, -9, -7, -8, -9, -9, -10, -10, -9, -8, -8, -11, -12, -11, -10, -11, -11, -10, -9, -9, -9, -9, -10, -10, 0, 0, 0, 0]
[-37, -57, -61, -76, -98, -115, -129, -171, -218, -242, -219, -130, 25, 125, 177, 184, 146, 96, 17, -49, -47, -15, 18, 70, 66, 59, 37, 15, -1, -24, -45, -55, -49, -29, -11, -4, -3, -4, -4, -7, -9, -10, -10, -9, -10, -13, -15, -16, -16, -15, -14, -15, -16, -14, -13, -12, -12, -11, -13, -13, -13, -11, -7, -7, -9, -12, -12, -11, -10, -11, -12, -13, -13, -12, -12, -11, -10, -10, -10, -10, -10, -11, -11, -10, -10, -10, -10, -10, -10, -10, -11, -11, -11, -11, -11, 0, 0, 0, 0, 0]
[82, 103, 0, 0, 0, 0, 0, 0, 0, 0, 0, 0, 0, 0, 0, 0, 0, 0, 0, 0, 0, 0, 0, 0, 0, 0, 0, 0, 0, 0, 0, 0, 0, 0, 0, 0, 0, 0, 0, 0, 0, 0, 0, 0, 0, 0, 0, 0, 0, 0, 0, 0, 0, 0, 0, 0, 0, 0, 0, 0, 0, 0, 0, 0, 0, 0, 0, 0, 0, 0, 0, 0, 0, 0, 0, 0, 0, 0, 0, 0, 0, 0, 0, 0, 0, 0, 0, 0, 0, 0, 0, 0, 0, 0, 0, 0, 0, 0, 0, 0]
[0, 17, -89, -95, -56, -94, -131, -127, -129, -149, -205, -236, -232, -170, 13, 119, 173, 167, -89, -53, -43, -38, -34, -29, -26, -21, -18, -16, -13, -9, -9, -12, -15, -15, -17, -19, -20, -21, -22, -23, -22, -20, -19, -19, -17, -17, -17, -16, -15, -14, -14, -15, -16, -16, -15, -15, -15, -15, -16, -17, -16, -16, -17, -16, -16, -14, -14, -14, -15, -14, -13, -13, -14, -14, -14, -15, -14, -13, -14, -13, -13, -13, -14, -14, -13, -13, -13, -13, -14, -13, -13, -14, -13, -13, -14, -14, 0, 0, 0, 0]
[-62, -106, -103, -25, -51, -82, -54, -21, 3, 8, -41, -30, -31, -33, -34, -41, -34, -36, -40, -47, -39, -26, -12, -6, -4, -6, -9, -12, -14, -14, -13, -13, -14, -16, -18, -19, -17, -17, -18, -18, -17, -17, -17, -16, -15, -16, -15, -14, -14, -15, -14, -14, -15, -15, -15, -15, -17, -17, -17, -17, -16, -16, -15, -15, -15, -14, -14, -15, -14, -15, -16, -16, -15, -16, -17, -17, -17, -17, -17, -15, -16, -16, -14, -14, -14, -14, -14, -15, -14, -15, -16, -16, 0, 0, 0, 0, 0, 0, 0, 0]
[89, 65, 146, 167, 132, 37, -48, -58, -3, 39, 29, -5, 12, -10, -21, -8, -35, -22, -29, -69, -78, -47, -11, 8, 4, -6, -10, -9, -7, -8, -9, -13, -14, -15, -15, -15, -14, -13, -15, -15, -14, -14, -14, -13, -14, -14, -13, -13, -13, -14, -14, -14, -15, -15, -15, -14, -13, -14, -14, -14, -14, -14, -14, -14, -13, -14, -14, -14, -14, -14, -14, -14, -13, -13, -13, -13, -14, -14, -14, -15, -15, -15, -15, -15, -14, -14, -15, -14, -14, -14, -14, -14, -14, -14, -13, -13, 0, 0, 0, 0]
[-26, -23, 0, -42, -84, -101, -152, -168, -203, -234, -209, -45, 89, 158, 186, 3, 21, 27, 16, 3, -2, -6, -7, -9, -10, -12, -11, -9, -9, -11, -14, -15, -15, -15, -15, -15, -14, -16, -15, -12, -10, -10, -12, -12, -12, -11, -11, -11, -11, -12, -13, -14, -14, -14, -13, -13, -13, -13, -12, -12, -10, -10, -11, -11, -11, -12, -12, -12, -13, -13, -13, -13, -13, -13, -12, -12, -12, -11, -11, -11, -12, -11, -11, -11, -10, -11, -10, -10, -10, 0, 0, 0, 0, 0, 0, 0, 0, 0, 0, 0]
[-44, -52, -63, -88, -128, -153, -126, -97, -58, -7, 13, 9, 21, 9, 13, -15, -11, -29, -51, -52, -31, -8, 2, 2, -5, -9, -9, -7, -6, -7, -8, -9, -9, -10, -11, -13, -15, -16, -17, -18, -18, -18, -18, -17, -17, -15, -15, -14, -12, -11, -11, -12, -12, -11, -13, -14, -14, -15, -15, -15, -15, -15, -14, -14, -13, -13, -13, -13, -12, -12, -13, -13, -13, -14, -13, -13, -14, -14, -13, -13, -12, -12, -12, -12, -11, -11, -11, -11, -12, -11, -11, -11, -11, -12, -12, -11, 0, 0, 0, 0]
[-25, -117, -147, -141, -147, -145, -128, -107, -146, -205, -228, -174, 8, 117, 172, 177, 126, 22, -74, -65, -15, 40, 44, 30, 8, 4, -5, -22, -41, -71, -101, -73, -30, -3, -2, -9, -15, -15, -11, -9, -10, -11, -11, -11, -12, -14, -15, -17, -18, -19, -19, -21, -21, -20, -19, -19, -18, -17, -18, -18, -18, -17, -17, -17, -17, -18, -17, -18, -18, -18, -17, -17, -17, -16, -16, -17, -17, -17, -16, -16, -17, -17, -17, -17, -17, -17, -17, -17, -16, -15, -16, -15, -15, -14, -14, -14, -16, -16, -16, -17]
[-5, -20, -42, -100, -118, -109, -93, -85, -107, -164, -190, -151, 12, 119, 173, 172, 146, 97, -2, -60, -31, -12, 11, 35, 11, -26, -12, -17, -24, -44, -77, -71, -53, -33, -21, -19, -16, -15, -14, -14, -13, -14, -14, -15, -17, -18, -18, -16, -17, -19, -21, -21, -21, -20, -20, -19, -19, -19, -19, -19, -18, -18, -18, -17, -17, -17, -16, -14, -15, -17, -17, -17, -17, -17, -17, -18, -17, -17, -17, -17, -17, -17, -17, -16, -16, -16, -16, -15, -15, -14, -14, -15, -16, -16, -17, -16, -16, -17, -16, -16]
[-19, -104, -132, -93, -35, 15, 10, 36, 55, 28, 12, -14, -33, -28, -34, -42, -42, -37, -27, -19, -17, -15, -9, -6, -8, -10, -11, -13, -14, -13, -13, -18, -19, -20, -19, -16, -15, -14, -12, -11, -12, -13, -13, -12, -11, -12, -12, -12, -12, -13, -13, -13, -13, -13, -12, -12, -12, -13, -13, -12, -11, -11, -12, -13, -12, -12, -13, -14, -13, -13, -13, -13, -12, -12, -12, -11, -11, -12, -12, -12, -12, -14, -14, -13, -13, -14, -14, -13, -13, -13, -12, -12, 0, 0, 0, 0, 0, 0, 0, 0]
[68, 90, 53, 16, 36, 51, -5, -91, -123, -139, -159, -210, -238, -241, -138, 41, 134, 181, 178, 107, -12, -85, -42, -2, 7, 19, 27, 37, 38, 27, -7, -18, -8, -16, -36, -49, -47, -37, -23, -15, -13, -13, -11, -9, -8, -8, -9, -9, -11, -10, -11, -12, -13, -13, -14, -14, -15, -16, -14, -13, -14, -13, -14, -12, -12, -12, -12, -12, -13, -13, -12, -11, -11, -12, -12, -11, -10, -10, -11, -11, -11, -12, -11, -11, -10, -11, -11, -10, -10, -11, -11, -11, -12, -12, -12, -12, -11, -10, -10, -10]
[79, 22, -104, -184, -171, -165, -173, -152, -132, -156, -211, -238, -197, -31, 96, 162, 179, 119, -9, -91, -70, -12, 41, 79, 74, 27, 20, 22, -31, -52, -58, -76, -70, -53, -30, -12, -7, -9, -10, -9, -8, -7, -8, -10, -13, -15, -17, -16, -16, -16, -16, -16, -15, -13, -12, -11, -11, -10, -9, -8, -7, -7, -7, -6, -7, -8, -7, -7, -7, -8, -7, -8, -8, -8, -7, -8, -8, -8, -7, -6, -6, -6, -6, -6, -6, -6, -6, -6, -6, -6, -7, -7, -7, -7, -5, -6, 0, 0, 0, 0]
[89, 0, 0, 0, 0, 0, 0, 0, 0, 0, 0, 0, 0, 0, 0, 0, 0, 0, 0, 0, 0, 0, 0, 0, 0, 0, 0, 0, 0, 0, 0, 0, 0, 0, 0, 0, 0, 0, 0, 0, 0, 0, 0, 0, 0, 0, 0, 0, 0, 0, 0, 0, 0, 0, 0, 0, 0, 0, 0, 0, 0, 0, 0, 0, 0, 0, 0, 0, 0, 0, 0, 0, 0, 0, 0, 0, 0, 0, 0, 0, 0, 0, 0, 0, 0, 0, 0, 0, 0, 0, 0, 0, 0, 0, 0, 0, 0, 0, 0, 0]
[83, 31, 12, 32, 22, -68, -155, -177, -194, -229, -242, -215, -161, -4, 110, 169, 193, 156, 55, -56, -86, -81, -36, 1, 9, 21, 38, 32, -16, -36, -74, -109, -93, -55, -19, -9, -12, -17, -17, -14, -11, -9, -10, -10, -10, -11, -12, -12, -12, -13, -14, -15, -15, -15, -14, -14, -16, -19, -21, -21, -19, -14, -11, -13, -15, -14, -13, -14, -15, -15, -14, -13, -14, -15, -15, -14, -12, -11, -11, -11, -11, -12, -13, -15, -16, -15, -16, -16, -16, -16, -16, -15, -15, -15, -15, 0, 0, 0, 0, 0]
[-28, -48, -70, -100, -119, -142, -151, -142, -152, -185, -188, -125, 32, 129, 178, 186, 147, 59, -41, -58, -8, 28, 22, 13, 6, 4, -20, -75, -84, -68, -57, -44, -31, -23, -18, -8, -10, -9, -7, -5, -5, -4, -4, -4, -5, -5, -6, -7, -8, -7, -5, -5, -5, -5, -5, -6, -7, -7, -7, -7, -7, -6, -7, -7, -7, -7, -6, -6, -6, -6, -6, -6, -6, -6, -7, -7, -7, -7, -7, -6, -6, -5, -6, -6, -6, -6, -6, -6, -6, -7, -7, -6, -9, -10, -3, -3, 0, 0, 0, 0]
[40, 0, 0, 0, 0, 0, 0, 0, 0, 0, 0, 0, 0, 0, 0, 0, 0, 0, 0, 0, 0, 0, 0, 0, 0, 0, 0, 0, 0, 0, 0, 0, 0, 0, 0, 0, 0, 0, 0, 0, 0, 0, 0, 0, 0, 0, 0, 0, 0, 0, 0, 0, 0, 0, 0, 0, 0, 0, 0, 0, 0, 0, 0, 0, 0, 0, 0, 0, 0, 0, 0, 0, 0, 0, 0, 0, 0, 0, 0, 0, 0, 0, 0, 0, 0, 0, 0, 0, 0, 0, 0, 0, 0, 0, 0, 0, 0, 0, 0, 0]
[41, -40, -147, -206, -236, -251, -259, -260, -243, -152, -33, -63, -107, -68, -46, -29, -17, -30, -48, -90, -120, -127, -143, -116, -93, -73, -49, -38, -38, -38, -36, -33, -26, -20, -20, -21, -19, -15, -13, -12, -8, -8, -8, -9, -9, -9, -9, -9, -9, -9, -9, -9, -9, -9, -10, -10, -10, -9, -8, -7, -8, -8, -8, -7, -8, -9, -9, -9, -9, -9, -9, -8, -9, -8, -8, -8, -8, -8, -8, -8, -8, -8, -8, -8, -7, -8, -8, -8, -8, -8, -7, 0, 0, 0, 0, 0, 0, 0, 0, 0]
[2, -48, -142, -203, -235, -240, -237, -238, -190, -88, -34, -29, 7, 2, -4, -14, -23, -40, -70, -75, -66, -81, -73, -66, -66, -60, -60, -53, -42, -32, -27, -25, -23, -19, -16, -14, -11, -8, -7, -5, -2, -3, -5, -8, -9, -9, -9, -9, -11, -12, -11, -11, -11, -12, -12, -13, -12, -12, -10, -11, -11, -10, -10, -9, -9, -10, -10, -10, -10, -10, -11, -10, -10, -11, -11, -11, -11, -10, -10, -11, -12, -12, -11, -10, -10, -11, -11, -10, -10, -10, -11, -10, -10, -10, -10, -11, -12, -11, -11, -11]
[-76, -169, -217, 0, 0, 0, 0, 0, 0, 0, 0, 0, 0, 0, 0, 0, 0, 0, 0, 0, 0, 0, 0, 0, 0, 0, 0, 0, 0, 0, 0, 0, 0, 0, 0, 0, 0, 0, 0, 0, 0, 0, 0, 0, 0, 0, 0, 0, 0, 0, 0, 0, 0, 0, 0, 0, 0, 0, 0, 0, 0, 0, 0, 0, 0, 0, 0, 0, 0, 0, 0, 0, 0, 0, 0, 0, 0, 0, 0, 0, 0, 0, 0, 0, 0, 0, 0, 0, 0, 0, 0, 0, 0, 0, 0, 0, 0, 0, 0, 0]
[0, 0, -239, -217, -171, -133, -99, -42, -52, -31, -17, -25, -29, -26, -34, -59, -72, -95, -99, -96, -111, -96, -82, -80, -72, -62, -54, -49, -46, -45, -40, -33, -25, -21, -18, -13, -8, -6, -8, -11, -14, -15, -15, -14, -13, -14, -14, -14, -14, -14, -13, -13, -13, -12, -12, -13, -14, -13, -12, -11, -12, -11, -10, -10, -10, -9, -10, -11, -11, -10, -11, -11, -11, -10, -10, -10, -11, -11, -10, -10, -9, -9, -9, -9, -9, -8, -9, -9, -9, -10, -10, -9, -10, -10, -9, 0, 0, 0, 0, 0]
[-31, -89, -159, -209, -214, -188, -160, -150, -143, -74, -46, -30, -3, -27, -28, -21, -15, -34, -68, -89, -130, -118, -119, -132, -104, -92, -86, -78, -69, -59, -51, -44, -38, -35, -30, -26, -24, -23, -20, -17, -15, -18, -18, -15, -13, -13, -13, -12, -12, -13, -14, -15, -14, -14, -14, -14, -14, -13, -14, -13, -13, -14, -13, -12, -12, -12, -12, -12, -12, -12, -13, -13, -13, -14, -13, -13, -13, -12, -11, -11, -11, -11, -11, -11, -12, -12, -11, -11, -11, -12, -12, -12, -12, -12, -11, -11, -10, -10, -10, -10]
[-88, -172, 0, 0, 0, 0, 0, 0, 0, 0, 0, 0, 0, 0, 0, 0, 0, 0, 0, 0, 0, 0, 0, 0, 0, 0, 0, 0, 0, 0, 0, 0, 0, 0, 0, 0, 0, 0, 0, 0, 0, 0, 0, 0, 0, 0, 0, 0, 0, 0, 0, 0, 0, 0, 0, 0, 0, 0, 0, 0, 0, 0, 0, 0, 0, 0, 0, 0, 0, 0, 0, 0, 0, 0, 0, 0, 0, 0, 0, 0, 0, 0, 0, 0, 0, 0, 0, 0, 0, 0, 0, 0, 0, 0, 0, 0, 0, 0, 0, 0]
[0, -217, -215, -181, -138, -122, -98, -121, -27, 10, -3, -5, -8, -14, -32, -57, -78, -107, -101, -109, -115, -102, -93, -80, -64, -54, -48, -40, -32, -23, -17, -17, -13, -6, 0, 1, 0, 0, 0, 0, 0, -1, -3, -5, -6, -7, -7, -7, -6, -6, -5, -4, -4, -4, -4, -3, -4, -4, -4, -4, -4, -4, -4, -5, -5, -5, -5, -5, -4, -4, -5, -5, -4, -5, -5, -4, -5, -5, -5, -4, -5, -5, -4, -3, -4, -4, -4, -4, -3, -4, -4, -3, -4, -4, -4, -4, -4, -4, -4, 0]
[-85, -167, -216, -235, -206, -166, -141, -109, -31, -15, 2, 3, -2, -5, -13, -34, -70, -97, -113, -104, -107, -104, -97, -81, -63, -58, -53, -43, -33, -27, -23, -19, -18, -17, -14, -10, -9, -8, -7, -6, -8, -10, -12, -14, -14, -13, -13, -13, -13, -14, -13, -12, -10, -10, -10, -10, -10, -7, -8, -9, -8, -8, -8, -8, -9, -8, -9, -10, -9, -8, -7, -6, -6, -7, -7, -7, -8, -9, -9, -9, -10, -10, -10, -10, -9, -8, -8, -8, -8, -8, -8, -9, -10, -9, -9, -10, -9, -8, -8, -8]
[-78, -160, -213, -230, -199, -150, -119, -116, -153, -29, -6, -12, 4, 14, 4, -30, -66, -99, -102, -117, -116, -103, -95, -81, -68, -58, -44, -34, -27, -22, -18, -16, -14, -11, -9, -8, -7, -6, -5, -5, -7, -8, -8, -8, -10, -12, -12, -12, -12, -12, -11, -11, -10, -9, -9, -10, -10, -9, -9, -10, -9, -9, -9, -9, -9, -9, -9, -9, -8, -7, -7, -9, -10, -9, -8, -8, -8, -8, -8, -9, -9, -9, -9, -8, -8, -8, -8, -8, -8, -9, -9, -9, -8, -8, -7, -8, -8, -8, -8, -8]
[-76, -155, -210, -235, -215, -156, -105, -90, -103, -119, -48, -22, -19, -9, -8, -15, -45, -66, -88, -98, -86, -95, -97, -86, -77, -64, -49, -39, -32, -29, -23, -17, -14, -11, -9, -7, -6, -7, -5, -4, -5, -9, -11, -11, -11, -12, -12, -12, -12, -11, -12, -12, -10, -11, -12, -11, -11, -11, -10, -10, -11, -11, -11, -12, -11, -11, -12, -11, -12, -12, -12, -12, -10, -10, -11, -10, -9, -10, -10, -10, -10, -11, -11, -11, -11, -9, -9, -10, -10, -10, -10, -10, -10, -10, -10, -10, -10, -10, -9, -10]
[-90, -174, -219, -230, -189, -146, -116, -31, -31, -29, -24, -18, -13, -8, -7, -8, -8, -6, -6, -6, -8, -10, -11, -12, -12, -12, -12, -12, -12, -12, -12, -12, -11, -12, -11, -11, -11, -12, -11, -11, -10, -10, -11, -11, -10, -10, -9, -9, -8, -8, -8, -9, -9, -9, -9, -8, -8, -7, -7, -8, -9, -9, -8, -8, -6, -7, -7, -8, -8, -8, -10, -10, -8, -7, -8, -9, -9, -9, -9, -9, -10, 0, 0, 0, 0, 0, 0, 0, 0, 0, 0, 0, 0, 0, 0, 0, 0, 0, 0, 0]
[-95, -178, -220, -224, -176, -131, -106, -87, -60, -4, 19, 11, 12, 12, -11, -48, -83, -103, -114, -119, -109, -111, -92, -70, -57, -56, -59, -56, -46, -33, -24, -20, -18, -17, -15, -10, -8, -8, -7, -9, -8, -8, -9, -8, -8, -8, -8, -8, -10, -10, -10, -10, -10, -9, -10, -11, -12, -10, -9, -10, -10, -9, -10, -9, -8, -8, -8, -8, -8, -8, -9, -9, -9, -11, -11, -10, -10, -10, -10, -9, -9, -8, -8, -8, -8, -8, -9, -8, -9, -10, -10, -9, -9, -9, -9, -8, 0, 0, 0, 0]
[-90, -172, -219, -235, -207, -171, -136, -122, -54, -59, -48, -35, -8, -21, -42, -72, -98, -114, -123, -117, -118, -106, -99, -88, -72, -61, -50, -44, -38, -32, -27, -24, -21, -19, -17, -16, -15, -12, -9, -9, -11, -11, -12, -13, -13, -13, -14, -15, -15, -14, -14, -12, -11, -12, -12, -11, -10, -10, -10, -10, -10, -11, -12, -12, -12, -12, -13, -14, -14, -14, -14, -15, -13, -10, -8, -9, -9, -10, -10, -10, -11, -12, -12, -13, -13, -12, -12, -12, -12, -11, -10, -11, -11, -11, -10, -11, -11, -12, -12, -12]
[-72, 0, 0, 0, 0, 0, 0, 0, 0, 0, 0, 0, 0, 0, 0, 0, 0, 0, 0, 0, 0, 0, 0, 0, 0, 0, 0, 0, 0, 0, 0, 0, 0, 0, 0, 0, 0, 0, 0, 0, 0, 0, 0, 0, 0, 0, 0, 0, 0, 0, 0, 0, 0, 0, 0, 0, 0, 0, 0, 0, 0, 0, 0, 0, 0, 0, 0, 0, 0, 0, 0, 0, 0, 0, 0, 0, 0, 0, 0, 0, 0, 0, 0, 0, 0, 0, 0, 0, 0, 0, 0, 0, 0, 0, 0, 0, 0, 0, 0, 0]
[-153, -209, -237, -242, -204, -174, -112, 24, -35, 6, -25, -24, -22, -31, -57, -85, -107, -105, -112, -113, -90, -84, -73, -65, -63, -54, -45, -40, -32, -27, -23, -18, -14, -13, -13, -11, -9, -9, -10, -11, -12, -13, -14, -16, -17, -16, -16, -16, -16, -15, -15, -16, -17, -16, -17, -17, -16, -16, -16, -15, -15, -15, -16, -16, -15, -14, -16, -17, -17, -16, -16, -16, -16, -17, -17, -17, -17, -17, -16, -16, -16, -15, -16, -16, -16, -15, -15, -16, -16, -16, -16, -16, -17, -17, -16, 0, 0, 0, 0, 0]
[-84, -157, -211, -239, -251, -230, -203, -123, -90, -33, -8, -9, -22, -45, -72, -93, -111, -130, -106, -99, -93, -71, -68, -72, -62, -49, -42, -39, -35, -28, -22, -18, -15, -12, -8, -5, -3, -3, -5, -7, -10, -12, -14, -15, -13, -10, -11, -13, -15, -15, -14, -14, -13, -13, -13, -14, -14, -13, -13, -14, -13, -12, -11, -12, -12, -11, -11, -11, -11, -11, -11, -11, -12, -13, -14, -14, -15, -15, -13, -13, -12, -11, -12, -12, -11, -12, -12, -12, -11, -12, -12, -13, -13, -12, -13, -14, -13, -12, -14, -13]
[-95, -178, -222, 0, 0, 0, 0, 0, 0, 0, 0, 0, 0, 0, 0, 0, 0, 0, 0, 0, 0, 0, 0, 0, 0, 0, 0, 0, 0, 0, 0, 0, 0, 0, 0, 0, 0, 0, 0, 0, 0, 0, 0, 0, 0, 0, 0, 0, 0, 0, 0, 0, 0, 0, 0, 0, 0, 0, 0, 0, 0, 0, 0, 0, 0, 0, 0, 0, 0, 0, 0, 0, 0, 0, 0, 0, 0, 0, 0, 0, 0, 0, 0, 0, 0, 0, 0, 0, 0, 0, 0, 0, 0, 0, 0, 0, 0, 0, 0, 0]
[0, 0, -244, -214, -183, -183, -125, -31, 10, 12, -12, -16, -26, -55, -84, -96, -102, -86, -85, -82, -69, -65, -56, -49, -49, -36, -25, -20, -18, -19, -18, -17, -15, -14, -12, -12, -12, -10, -11, -11, -12, -12, -11, -11, -11, -10, -9, -10, -9, -10, -10, -10, -10, -10, -10, -10, -10, -10, -11, -10, -9, -9, -9, -10, -10, -9, -10, -10, -11, -11, -11, -9, -10, -10, -9, -9, -11, -12, -11, -10, -10, -9, -10, -11, -10, -9, -10, -10, -10, -10, -9, -9, -9, -9, -9, 0, 0, 0, 0, 0]
[-81, -156, -210, -238, -245, -217, -179, -105, -120, -78, 0, 4, -8, -40, -81, -101, -107, -119, -97, -89, -88, -74, -70, -64, -50, -38, -33, -33, -33, -26, -20, -18, -19, -18, -16, -15, -12, -11, -11, -12, -12, -12, -12, -13, -13, -13, -13, -13, -13, -13, -13, -13, -13, -13, -12, -12, -12, -13, -12, -12, -12, -12, -12, -13, -13, -13, -13, -13, -12, -12, -12, -13, -13, -12, -12, -12, -13, -13, -12, -12, -13, -13, -12, -13, -13, -12, -12, -14, -13, -12, -12, -13, -13, -13, -13, -13, -13, -12, -13, -12]
[-78, -159, -212, -239, -231, -196, -176, -141, -39, -32, -7, -9, 0, -9, -42, -77, -90, -123, -108, -103, -110, -94, -83, -67, -53, -42, -39, -39, -37, -32, -27, -22, -18, -16, -14, -12, -10, -8, -5, -6, -8, -9, -8, -9, -10, -9, -12, -13, -12, -12, -13, -13, -12, -11, -12, -12, -11, -10, -11, -10, -10, -11, -11, -11, -12, -13, -12, -12, -13, -11, -11, -11, -11, -11, -11, -11, -10, -10, -11, -10, -11, -12, -12, -12, -13, -12, -10, -11, -11, -11, -10, -10, -11, -11, -11, -11, -10, -11, -11, -11]
[-235, 0, 0, 0, 0, 0, 0, 0, 0, 0, 0, 0, 0, 0, 0, 0, 0, 0, 0, 0, 0, 0, 0, 0, 0, 0, 0, 0, 0, 0, 0, 0, 0, 0, 0, 0, 0, 0, 0, 0, 0, 0, 0, 0, 0, 0, 0, 0, 0, 0, 0, 0, 0, 0, 0, 0, 0, 0, 0, 0, 0, 0, 0, 0, 0, 0, 0, 0, 0, 0, 0, 0, 0, 0, 0, 0, 0, 0, 0, 0, 0, 0, 0, 0, 0, 0, 0, 0, 0, 0, 0, 0, 0, 0, 0, 0, 0, 0, 0, 0]
[-169, -125, -122, -114, -117, -121, -105, -105, -99, -86, -71, -58, -44, -31, -27, -22, -19, -18, -17, -14, -4, -6, -6, -5, -5, -5, -4, -4, -5, -5, -5, -4, -4, -4, -4, -4, -4, -4, -5, -6, -6, -6, -6, -5, -5, -6, -6, -5, -6, -6, -5, -5, -6, -5, -5, -5, -5, -5, -5, -6, -6, -6, -6, -7, -6, -5, -6, -5, -5, -5, -5, -5, -5, -5, -5, -6, -6, -6, -6, -7, -7, -7, -7, -6, -6, -6, -5, -5, -4, -5, 0, 0, 0, 0, 0, 0, 0, 0, 0, 0]
[-84, -168, -206, -185, -134, -105, -150, -133, -79, 5, 7, 5, 1, -2, -20, -44, -75, -114, -117, -127, -130, -107, -103, -91, -72, -53, -40, -34, -29, -21, -16, -15, -12, -11, -9, -4, -2, -1, -2, -1, 0, 0, 0, 0, -2, -6, -6, -4, -3, -5, -5, -5, -6, -7, -4, -3, -5, -6, -5, -6, -6, -6, -6, -6, -6, -7, -6, -6, -6, -6, -5, -5, -6, -6, -5, -5, -6, -6, -5, -6, -6, -7, -6, -6, -5, -5, -6, -5, -5, -5, -4, -5, -5, -6, -6, -7, -6, -6, -7, -7]
[-76, -150, -207, -237, -252, -236, -194, -95, -15, 8, 29, -3, -29, -37, -50, -73, -89, -104, -97, -100, -102, -82, -61, -51, -37, -26, -22, -21, -19, -16, -13, -13, -11, -6, -2, 0, 1, 2, 2, 1, 1, 1, 0, -2, -3, -4, -5, -7, -5, -5, -6, -7, -5, -4, -5, -5, -4, -4, -4, -5, -4, -4, -4, -4, -4, -5, -5, -5, -5, -5, -4, -6, -9, -9, -5, -4, -6, -7, -6, -4, -4, -5, -6, -6, -6, -6, -7, -6, -7, -7, -7, -6, -6, -6, -6, -6, -7, -8, -9, -8]
[0, 1, 0, 0, 0, 0, 0, 0, 0, 0, 0, 0, 0, 0, 0, 0, 0, 0, 0, 0, 0, 0, 0, 0, 0, 0, 0, 0, 0, 0, 0, 0, 0, 0, 0, 0, 0, 0, 0, 0, 0, 0, 0, 0, 0, 0, 0, 0, 0, 0, 0, 0, 0, 0, 0, 0, 0, 0, 0, 0, 0, 0, 0, 0, 0, 0, 0, 0, 0, 0, 0, 0, 0, 0, 0, 0, 0, 0, 0, 0, 0, 0, 0, 0, 0, 0, 0, 0, 0, 0, 0, 0, 0, 0, 0, 0, 0, 0, 0, 0]
[0, 2, 4, 6, 8, 9, 9, 8, 7, 5, 0, -3, -2, -1, -1, 0, -1, -4, -4, -4, -4, -3, -3, -3, -4, -2, -1, 0, 0, 0, -2, -1, -1, -2, -1, 0, -3, -4, -2, -1, -1, 0, 1, 2, 1, 0, 0, 0, 0, 0, 0, 1, 0, 0, 1, 2, 0, 0, 1, 2, 2, 1, -1, -3, -2, 0, 0, 0, 0, 1, 3, 4, 3, 2, 1, 0, 0, 1, 1, 0, 0, 0, 1, 2, 1, 1, 1, 0, 0, 0, 0, 0, 0, 0, 0, 0, 0, 0, 0, 0]
[-5, -3, 0, 0, 0, 0, 0, 0, 0, 0, 0, 0, 0, 0, 0, 0, 0, 0, 0, 0, 0, 0, 0, 0, 0, 0, 0, 0, 0, 0, 0, 0, 0, 0, 0, 0, 0, 0, 0, 0, 0, 0, 0, 0, 0, 0, 0, 0, 0, 0, 0, 0, 0, 0, 0, 0, 0, 0, 0, 0, 0, 0, 0, 0, 0, 0, 0, 0, 0, 0, 0, 0, 0, 0, 0, 0, 0, 0, 0, 0, 0, 0, 0, 0, 0, 0, 0, 0, 0, 0, 0, 0, 0, 0, 0, 0, 0, 0, 0, 0]
[0, -1, 0, 1, 5, 11, 15, 17, 18, 19, 18, 16, 17, 17, 2, 0, -6, -13, -19, -22, -22, -20, -10, 0, 0, 0, 0, 0, 0, 0, 0, 0, 0, 0, 0, 0, 0, 0, 0, 0, 0, 0, 0, 0, 0, 0, 0, 0, 0, 0, 0, 0, 0, 0, 0, 0, 0, 0, 0, 0, 0, 0, 0, 0, 0, 0, 0, 0, 0, 0, 0, 0, 0, 0, 0, 0, 0, 0, 0, 0, 0, 0, 0, 0, 0, 0, 0, 0, 0, 0, 0, 0, 0, 0, 0, 0, 0, 0, 0, 0]
[0, -1, -1, -1, -1, -1, -1, 0, 0, -1, 0, 0, -1, -2, -2, -2, -17, -18, -17, -14, 0, 0, 0, 0, 0, 0, 0, 0, 0, 0, 0, 0, 0, 0, 0, 0, 0, 0, 0, 0, 0, 0, 0, 0, 0, 0, 0, 0, 0, 0, 0, 0, 0, 0, 0, 0, 0, 0, 0, 0, 0, 0, 0, 0, 0, 0, 0, 0, 0, 0, 0, 0, 0, 0, 0, 0, 0, 0, 0, 0, 0, 0, 0, 0, 0, 0, 0, 0, 0, 0, 0, 0, 0, 0, 0, 0, 0, 0, 0, 0]
[-20, 0, 0, 0, 0, 0, 0, 0, 0, 0, 0, 0, 0, 0, 0, 0, 0, 0, 0, 0, 0, 0, 0, 0, 0, 0, 0, 0, 0, 0, 0, 0, 0, 0, 0, 0, 0, 0, 0, 0, 0, 0, 0, 0, 0, 0, 0, 0, 0, 0, 0, 0, 0, 0, 0, 0, 0, 0, 0, 0, 0, 0, 0, 0, 0, 0, 0, 0, 0, 0, 0, 0, 0, 0, 0, 0, 0, 0, 0, 0, 0, 0, 0, 0, 0, 0, 0, 0, 0, 0, 0, 0, 0, 0, 0, 0, 0, 0, 0, 0]
[-13, -7, -1, 3, 5, 7, 8, 10, 10, 13, 15, 18, 23, 25, 24, 20, 13, 9, 4, -2, -10, -16, -19, -13, -3, 6, 0, -6, -8, -7, -4, -3, -1, -2, -1, -2, -4, -4, -3, -2, -3, -3, -2, -1, -1, -1, -2, 0, 0, 0, 0, 0, 0, 0, 0, 0, 0, 0, 0, 0, 0, 0, 0, 0, 0, 0, 0, 0, 0, 0, 0, 0, 0, 0, 0, 0, 0, 0, 0, 0, 0, 0, 0, 0, 0, 0, 0, 0, 0, 0, 0, 0, 0, 0, 0, 0, 0, 0, 0, 0]
[0, 0, 1, 2, 2, 3, 5, 5, 4, 5, 4, 2, 0, -1, -3, -2, -2, -2, -1, 0, 0, 0, 0, 0, 0, 0, 0, 0, 0, 0, 0, 1, 0, 1, 1, 1, 0, 0, 0, -1, -2, -3, -3, -3, -2, 0, 3, 3, 3, 5, 7, 7, 7, 7, 8, 9, 9, 9, 7, 5, 5, 3, 1, -1, -2, -4, -5, -5, -7, -8, -7, -7, -7, -6, -4, -4, -4, -2, 0, 1, 3, 4, 7, 9, 10, 8, 6, 5, 6, 8, 11, 11, 8, 3, 1, 1, 2, 3, 3, 1]
[0, 0, 0, 0, -1, -1, 0, 0, 0, 0, -1, -1, 0, 0, 0, 0, 0, 0, 0, 0, -1, -2, -2, -2, -2, -2, -1, -1, -1, 0, 0, -2, -4, -3, 0, 2, 1, -1, -3, -2, -1, 0, 0, -1, -1, -1, -1, -2, -2, -2, -1, 0, 0, 0, 0, 0, 0, 0, 0, 0, 0, 0, -1, -1, -1, 0, -1, -2, -1, 0, 0, 0, 0, 0, 0, -1, -1, -1, -1, -1, -1, 0, 0, 0, 0, 0, 0, 0, 0, 0, -1, 0, 0, 0, 0, 0, 0, 0, 0, 0]
[-14, -16, 0, 0, 0, 0, 0, 0, 0, 0, 0, 0, 0, 0, 0, 0, 0, 0, 0, 0, 0, 0, 0, 0, 0, 0, 0, 0, 0, 0, 0, 0, 0, 0, 0, 0, 0, 0, 0, 0, 0, 0, 0, 0, 0, 0, 0, 0, 0, 0, 0, 0, 0, 0, 0, 0, 0, 0, 0, 0, 0, 0, 0, 0, 0, 0, 0, 0, 0, 0, 0, 0, 0, 0, 0, 0, 0, 0, 0, 0, 0, 0, 0, 0, 0, 0, 0, 0, 0, 0, 0, 0, 0, 0, 0, 0, 0, 0, 0, 0]
[0, -20, -24, -4, 8, 17, 20, 18, 15, 12, 9, 7, 5, 5, 3, 2, 1, 0, 0, -1, -1, -1, -1, 0, -1, -1, -1, -1, -1, -1, -1, 0, 0, 0, 0, -1, -1, 0, -1, 0, 0, 0, -1, 0, 0, 0, 0, 0, 0, 0, 0, 0, 0, 0, 0, 0, 0, 0, 0, 0, -1, -1, 0, -2, -2, -2, -3, -3, -3, -1, -1, -2, -3, -2, -2, -2, -1, 0, 0, -2, -3, -4, -4, -2, -1, 0, 0, -1, -1, -2, -1, 0, 0, 0, 0, 0, 0, 0, 0, 0]
[-17, -18, -22, -29, -36, -40, -41, -38, -36, -35, -34, -31, -24, -16, -9, -4, -1, 0, 1, 6, 10, 12, 11, 5, 2, 1, 0, -2, -5, -6, -5, -4, -4, -3, -3, -2, -2, -1, -1, -1, -1, -2, -2, -3, -2, -2, -2, -1, -2, -2, -2, -1, -2, -3, -3, -2, -1, -1, -1, 0, -1, -1, -1, -1, -1, -1, -1, -1, 0, -1, -2, -2, -2, -3, -2, 0, 0, -2, -3, -2, 0, 0, 0, 0, 0, 0, 0, -1, -1, -2, -1, 0, 0, -1, 0, 0, 0, 0, 0, -1]
[-36, -11, 2, 8, 10, 15, 14, 8, 3, 1, 0, 0, 1, 0, -1, -2, -1, 0, 0, 0, -2, -3, -3, -2, -1, 0, -1, -2, -2, -2, -2, -2, -1, -1, -1, -3, -3, -3, -2, -1, -1, -2, -3, -3, -2, -2, -2, -1, -1, -1, -1, -1, -1, 0, 0, 0, -1, -2, -1, -1, -1, -1, -1, -2, -1, -1, 0, 0, -1, -1, 0, 0, -1, -1, -1, -1, -1, -1, 0, 0, 0, 0, 0, -1, -1, -1, 0, 0, 0, 0, 0, 0, 0, 0, 0, 0, 0, 0, 0, 0]
[11, 3, -4, -4, 0, 0, 4, 6, 8, 12, 9, 8, 8, 11, 13, 14, 11, 8, 8, 8, 6, 4, 2, 1, 0, 0, -1, -5, -8, -11, -13, -16, -16, -16, -15, -15, -15, -15, -15, -15, -14, -12, -10, -8, -6, -6, -6, -7, -5, -4, -3, -2, -3, -3, -3, -2, -2, -1, -2, -2, -2, -2, -2, -3, -3, -3, -3, -3, -2, -3, -2, -2, -2, -1, -2, -3, -3, -2, -2, -1, -2, -2, -2, -2, -2, -2, -2, -3, -2, -2, -2, -2, -2, -2, -3, -3, 0, 0, 0, 0]
[-5, 4, 0, 0, 0, 0, 0, 0, 0, 0, 0, 0, 0, 0, 0, 0, 0, 0, 0, 0, 0, 0, 0, 0, 0, 0, 0, 0, 0, 0, 0, 0, 0, 0, 0, 0, 0, 0, 0, 0, 0, 0, 0, 0, 0, 0, 0, 0, 0, 0, 0, 0, 0, 0, 0, 0, 0, 0, 0, 0, 0, 0, 0, 0, 0, 0, 0, 0, 0, 0, 0, 0, 0, 0, 0, 0, 0, 0, 0, 0, 0, 0, 0, 0, 0, 0, 0, 0, 0, 0, 0, 0, 0, 0, 0, 0, 0, 0, 0, 0]
[0, 8, 7, 4, 2, 1, 1, 1, 0, 0, -2, -3, -5, -5, -5, -5, -7, -8, -9, -10, -11, -12, -12, -12, -12, -11, -11, -10, -10, -9, -9, -8, -8, -7, -7, -7, -7, -6, -6, -6, -6, -6, -6, -6, -6, -6, -6, -6, -6, -5, -5, -6, -6, -6, -6, -6, -6, -6, -6, -6, -6, -6, -5, -5, -6, -6, -6, -6, -6, -5, -6, -6, -6, -7, -7, -7, -6, -6, -7, -6, -6, -6, -6, -6, -6, -6, -6, -6, -6, -6, -6, 0, 0, 0, 0, 0, 0, 0, 0, 0]
[10, 0, -14, -5, -6, -7, -1, 2, 3, 2, 0, -1, 0, 0, 1, 4, 5, 5, 3, 1, -2, -5, -6, -8, -9, -9, -10, -10, -10, -10, -10, -9, -9, -10, -10, -10, -10, -10, -11, -12, -12, -11, -11, -11, -12, -11, -11, -10, -10, -10, -10, -10, -10, -10, -10, -10, -10, -10, -10, -10, -10, -11, -11, -11, -11, -11, -11, -11, -11, -11, -11, -11, -10, -10, -10, -10, -10, -10, -10, -9, -9, -10, -11, -10, -7, -7, -11, -12, -10, -7, -7, -9, -10, -9, -8, -8, -9, -9, -9, -10]
[5, 5, -11, -14, -4, 2, 8, 11, 11, 9, 7, 8, 7, 5, 2, 0, 0, -2, -1, 0, -2, -5, -6, -7, -8, -9, -10, -11, -12, -14, -16, -16, -16, -16, -15, -15, -15, -14, -14, -13, -12, -12, -11, -11, -10, -10, -10, -11, -10, -10, -10, -10, -10, -10, -10, -10, -11, -11, -11, -11, -11, -11, -11, -10, -11, -11, -11, -11, -11, -11, -11, -10, -10, -10, -10, -9, -8, -8, -9, -9, -9, -10, -11, -10, -9, -9, -9, -9, -9, -8, -8, -7, -7, -7, -6, -6, -7, -8, -8, -8]
[2, -7, -8, -11, -11, -8, 0, 5, 6, 2, 0, 0, 2, 5, 6, 4, 3, 1, 0, 0, 0, 0, -2, -4, -4, -4, -6, -7, -9, -11, -12, -13, -14, -14, -14, -14, -14, -14, -14, -14, -13, -13, -12, -12, -11, -11, -11, -11, -11, -11, -10, -10, -10, -10, -10, -10, -10, -10, -9, -9, -9, -9, -10, -10, -10, -10, -9, -9, -9, -10, -10, -10, -10, -10, -9, -9, -8, -8, -9, -9, -9, -9, -9, -8, -9, -10, -9, -9, -10, -10, -9, -9, -9, -9, -8, -8, 0, 0, 0, 0]
[7, 3, 3, 5, 6, 10, 15, 15, 13, 11, 10, 9, 6, 5, 5, 6, 5, 6, 5, 3, 0, -4, -7, -10, -13, -15, -16, -17, -15, -14, -14, -13, -13, -13, -13, -13, -13, -13, -13, -13, -12, -12, -12, -12, -12, -12, -13, -13, -13, -13, -13, -13, -13, -13, -13, -13, -13, -12, -12, -12, -12, -13, -13, -13, -12, -12, -12, -12, -13, -13, -13, -13, -12, -12, -13, -12, -12, -12, -12, -12, -13, -13, -13, -13, -13, -14, -13, -12, -11, -12, -12, -12, -12, -12, -12, -12, 0, 0, 0, 0]
[11, 2, -1, 4, 8, 11, 15, 18, 18, 15, 12, 11, 10, 7, 5, 4, 1, 0, -1, -3, -5, -8, -10, -13, -14, -15, -15, -15, -16, -16, -17, -16, -16, -16, -16, -15, -15, -16, -16, -15, -15, -15, -15, -14, -13, -13, -14, -14, -14, -13, -13, -13, -13, -14, -13, -13, -13, -13, -13, -13, -14, -14, -15, -15, -14, -13, -12, -13, -13, -13, -13, -13, -13, -13, -13, -13, -13, -14, -14, -14, -14, -13, -13, -13, -13, -13, -13, -13, -14, -14, -13, -13, -13, -13, -13, -13, -13, -13, -12, -13]
[10, -9, -17, -5, 11, 25, 32, 30, 23, 16, 12, 12, 8, 5, 5, 3, -1, -5, -5, -8, -11, -13, -16, -17, -18, -18, -18, -17, -18, -17, -16, -16, -17, -17, -17, -17, -17, -16, -17, -18, -17, -16, -16, -14, -14, -14, -14, -13, -13, -13, -13, -14, -13, -13, -13, -13, -14, -14, -14, -14, -14, -14, -14, -14, -15, -14, -14, -14, -15, -15, -15, -15, -15, -14, -14, -14, -14, -14, -14, -14, -14, -14, -14, -15, -15, -15, -15, -15, -15, -15, -16, -15, -15, -15, -15, -15, -15, -14, -14, -14]
[1, 0, 0, 0, 0, 0, 0, 0, 0, 0, 0, 0, 0, 0, 0, 0, 0, 0, 0, 0, 0, 0, 0, 0, 0, 0, 0, 0, 0, 0, 0, 0, 0, 0, 0, 0, 0, 0, 0, 0, 0, 0, 0, 0, 0, 0, 0, 0, 0, 0, 0, 0, 0, 0, 0, 0, 0, 0, 0, 0, 0, 0, 0, 0, 0, 0, 0, 0, 0, 0, 0, 0, 0, 0, 0, 0, 0, 0, 0, 0, 0, 0, 0, 0, 0, 0, 0, 0, 0, 0, 0, 0, 0, 0, 0, 0, 0, 0, 0, 0]
[2, -2, -7, -11, -15, -16, -18, -19, -19, -17, -17, -18, -17, -16, -16, -16, -17, -17, -17, -17, -17, -17, -18, -17, -17, -17, -16, -16, -17, -17, -16, -16, -16, -16, -16, -15, -15, -15, -16, -16, -16, -15, -16, -16, -16, -16, -16, -16, -16, -17, -16, -16, -16, -16, -16, -16, -17, -17, -17, -17, -16, -16, -16, -16, -16, -16, -16, -16, -16, -16, -16, -16, -16, -16, -17, -16, -16, -17, -17, -16, -16, -15, -15, -15, -15, -15, -16, -16, -16, -15, -16, 0, 0, 0, 0, 0, 0, 0, 0, 0]
[4, 5, 4, 4, 6, 7, 7, 9, 9, 9, 8, 8, 7, 4, 2, 1, 0, -5, -8, -14, -16, -17, -17, -17, -18, -18, -18, -18, -17, -17, -16, -16, -16, -16, -17, -16, -16, -16, -16, -15, -15, -15, -15, -16, -16, -17, -17, -16, -16, -16, -16, -16, -16, -16, -16, -16, -16, -16, -16, -16, -16, -17, -17, -17, -17, -17, -17, -17, -18, -17, -17, -16, -16, -16, -15, -15, -15, -15, -15, -16, -17, -16, -16, -15, -15, -15, -15, -15, -15, -15, -15, 0, 0, 0, 0, 0, 0, 0, 0, 0]
[15, 13, 6, 2, 6, 15, 26, 33, 32, 27, 20, 13, 9, 8, 7, 3, 0, -2, -4, -4, -5, -6, -10, -14, -17, -19, -21, -23, -22, -22, -21, -21, -20, -19, -19, -19, -18, -18, -19, -18, -17, -16, -15, -14, -14, -14, -14, -14, -14, -14, -15, -15, -15, -14, -13, -13, -12, -12, -12, -12, -12, -12, -13, -13, -13, -13, -14, -13, -13, -13, -13, -13, -14, -14, -14, -13, -13, -13, -13, -12, -10, -10, -11, -12, -13, -14, -14, -12, -12, -12, -13, -14, -12, -11, -11, -10, -10, -11, -12, -13]
[15, 9, 6, 6, 8, 11, 17, 20, 19, 19, 19, 17, 13, 9, 6, 3, 2, 1, 0, -2, -3, -6, -8, -11, -13, -15, -17, -17, -18, -19, -19, -18, -18, -18, -18, -18, -17, -17, -16, -16, -16, -15, -15, -15, -15, -15, -15, -15, -14, -14, -14, -14, -14, -14, -14, -13, -14, -14, -13, -13, -14, -13, -13, -14, -14, -13, -13, -13, -13, -13, -13, -14, -14, -14, -14, -13, -12, -13, -12, -12, -12, -13, -14, -14, -14, -14, -14, -13, -13, -13, -13, -13, -13, -13, -13, -13, -13, -13, -13, -13]
[19, 0, 0, 0, 0, 0, 0, 0, 0, 0, 0, 0, 0, 0, 0, 0, 0, 0, 0, 0, 0, 0, 0, 0, 0, 0, 0, 0, 0, 0, 0, 0, 0, 0, 0, 0, 0, 0, 0, 0, 0, 0, 0, 0, 0, 0, 0, 0, 0, 0, 0, 0, 0, 0, 0, 0, 0, 0, 0, 0, 0, 0, 0, 0, 0, 0, 0, 0, 0, 0, 0, 0, 0, 0, 0, 0, 0, 0, 0, 0, 0, 0, 0, 0, 0, 0, 0, 0, 0, 0, 0, 0, 0, 0, 0, 0, 0, 0, 0, 0]
[8, 0, 1, 23, 11, 2, -4, -10, -14, -16, -18, -20, -20, -21, -20, -19, -19, -18, -18, -17, -17, -16, -16, -15, -15, -15, -15, -15, -15, -14, -14, -14, -14, -14, -14, -13, -13, -13, -13, -13, -15, -15, -14, -13, -13, -13, -14, -15, -14, -14, -13, -13, -13, -13, -13, -13, -13, -13, -13, -14, -14, -14, -13, -12, -12, -12, -12, -13, -13, -13, -13, -13, -14, -14, -14, -13, -13, -13, -13, -13, -13, -13, -12, -12, -13, -13, -13, -13, -13, -14, -13, 0, 0, 0, 0, 0, 0, 0, 0, 0]
[12, 6, 6, 11, 17, 21, 22, 22, 20, 15, 13, 12, 8, 4, 3, 3, 1, 0, -2, -5, -8, -12, -16, -18, -18, -18, -18, -18, -18, -18, -18, -18, -17, -17, -17, -17, -16, -16, -16, -15, -15, -16, -15, -15, -16, -15, -15, -15, -15, -15, -14, -14, -13, -14, -13, -13, -13, -14, -14, -14, -14, -14, -14, -15, -15, -14, -14, -14, -14, -14, -14, -14, -13, -13, -13, -13, -13, -13, -14, -14, -15, -15, -14, -13, -13, -13, -13, -14, -14, -14, -14, -14, -14, -14, -15, -15, -15, -14, -14, -14]
[10, 5, 4, 10, 21, 29, 32, 31, 26, 19, 14, 12, 11, 7, 3, 1, 0, 0, -1, -5, -10, -12, -15, -17, -18, -19, -19, -19, -20, -20, -20, -19, -19, -19, -19, -19, -18, -18, -18, -18, -17, -16, -15, -14, -14, -14, -14, -14, -14, -14, -13, -13, -13, -13, -13, -14, -14, -15, -15, -15, -16, -15, -15, -15, -15, -14, -13, -13, -13, -13, -13, -13, -13, -13, -13, -13, -13, -14, -14, -14, -14, -14, -14, -14, -14, -13, -13, -13, -13, -13, -13, -12, -13, -14, -14, -14, -15, -15, -14, -14]
[14, 10, 5, 5, 4, 3, 3, 8, 12, 12, 11, 9, 11, 14, 16, 13, 10, 7, 7, 6, 4, 0, -3, -5, -7, -10, -12, -14, -15, -16, -15, -15, -15, -14, -14, -13, -13, -13, -13, -13, -13, -13, -13, -12, -13, -13, -12, -12, -12, -13, -12, -12, -12, -11, -11, -10, -10, -10, -10, -11, -11, -11, -11, -11, -12, -12, -12, -12, -12, -11, -11, -11, -12, -11, -11, -11, -11, -11, -12, -12, -12, -11, -12, -12, -13, -13, -12, -11, -12, -12, -12, -12, -11, -11, -12, -11, 0, 0, 0, 0]
[19, 7, -3, -3, 1, 13, 23, 27, 23, 18, 13, 9, 6, 6, 3, 0, 1, 0, -3, -6, -7, -8, -10, -13, -15, -16, -17, -17, -18, -17, -17, -17, -18, -18, -18, -18, -18, -17, -17, -17, -17, -17, -17, -16, -16, -16, -15, -15, -14, -14, -14, -15, -15, -16, -16, -16, -16, -16, -15, -15, -15, -16, -16, -16, -15, -16, -16, -16, -16, -15, -14, -14, -15, -15, -17, -18, -17, -16, -15, -15, -16, -16, -16, -16, -15, -15, -15, -15, -15, -15, -15, -16, -16, -16, -16, -16, -15, -14, -14, -15]
[15, 5, -5, -3, 2, 10, 20, 23, 21, 16, 11, 9, 7, 6, 5, 2, 0, -2, -4, -7, -11, -14, -18, -21, -22, -22, -22, -22, -21, -20, -20, -20, -19, -18, -19, -19, -19, -20, -21, -21, -20, -19, -19, -19, -18, -18, -17, -17, -17, -16, -15, -16, -17, -16, -16, -15, -15, -15, -16, -16, -16, -16, -16, -16, -16, -16, -16, -16, -16, -16, -16, -16, -15, -14, -14, -17, -17, -16, -15, -15, -15, -16, -17, -17, -16, -16, -17, -17, -16, -16, -16, -16, -16, -16, -16, -16, 0, 0, 0, 0]
[5, 14, 8, 2, -6, -13, -18, -21, -22, -21, -22, -23, -23, -23, -23, -22, -20, -20, -19, -21, -21, -20, -20, -20, -22, -22, -22, -22, -21, -20, -20, -20, -20, -20, -20, -19, -19, -19, -20, -20, -20, -20, -20, -20, -20, -20, -20, -20, -20, -20, -20, -20, -20, -20, -20, -20, -20, -20, -20, -20, -20, -20, -20, -20, -20, -21, -21, -20, -19, -19, -20, -21, -20, -20, -20, -21, -21, -20, -20, -20, -20, -20, -21, -20, -20, -21, -20, -20, -20, -20, -19, 0, 0, 0, 0, 0, 0, 0, 0, 0]
[14, -16, -15, 4, 25, 34, 31, 24, 19, 13, 6, 3, 6, 10, 10, 6, 2, -1, -5, -8, -13, -17, -20, -21, -21, -20, -18, -17, -17, -17, -18, -17, -18, -18, -18, -17, -16, -15, -16, -16, -17, -16, -16, -15, -14, -14, -14, -14, -13, -13, -13, -13, -13, -13, -13, -13, -14, -14, -15, -15, -15, -14, -14, -14, -14, -14, -15, -15, -14, -14, -14, -14, -15, -15, -14, -14, -15, -15, -15, -15, -15, -15, -15, -15, -14, -14, -13, -13, -13, -14, -15, -17, -17, -16, -15, -16, -16, -15, -14, -12]
[19, 13, 9, 5, 5, 12, 21, 24, 22, 19, 16, 12, 7, 6, 11, 10, 6, 1, -1, -3, -6, -9, -13, -15, -17, -18, -18, -18, -18, -18, -17, -17, -17, -16, -15, -15, -15, -14, -14, -13, -13, -13, -14, -14, -14, -14, -14, -14, -14, -15, -15, -15, -14, -14, -14, -14, -13, -13, -14, -14, -14, -14, -14, -14, -14, -14, -14, -14, -14, -14, -13, -14, -14, -14, -15, -15, -15, -15, -15, -15, -15, -15, -15, -15, -15, -14, -14, -15, -15, -14, -14, -14, -15, -15, -14, -14, 0, 0, 0, 0]
[19, 8, -4, -3, 9, 25, 31, 25, 18, 13, 12, 12, 11, 7, 4, 5, 3, -1, -6, -9, -12, -15, -16, -16, -16, -17, -16, -16, -16, -15, -14, -14, -14, -14, -14, -14, -15, -14, -15, -15, -16, -16, -15, -14, -15, -16, -14, -13, -13, -13, -13, -14, -14, -15, -16, -16, -16, -15, -14, -12, -13, -13, -12, -11, -15, -14, -14, -14, -13, -13, -12, -13, -13, -14, -15, -16, -16, -16, -16, -16, -16, -16, -15, -14, -14, -15, -15, -15, -15, -15, -15, -16, -16, -15, -15, -15, 0, 0, 0, 0]
[21, -2, -10, -2, 10, 21, 23, 21, 17, 13, 12, 15, 18, 14, 7, 2, 0, 0, -4, -8, -11, -14, -17, -17, -16, -17, -17, -17, -17, -17, -17, -17, -18, -18, -18, -19, -19, -18, -18, -18, -18, -17, -17, -16, -16, -16, -16, -17, -16, -16, -16, -15, -16, -16, -16, -16, -16, -16, -16, -16, -16, -17, -17, -17, -16, -16, -16, -16, -16, -16, -16, -16, -17, -17, -16, -16, -16, -16, -16, -16, -17, -17, -17, -17, -17, -17, -16, -15, -15, -16, -15, -16, -16, -16, -16, -16, -15, -15, -16, -17]
[3, -9, -4, 7, 19, 24, 20, 2, -8, -13, -17, -18, -18, -19, -18, -18, -17, -17, -17, -17, -17, -17, -17, -17, -16, -16, -16, -15, -15, -15, -14, -14, -14, -15, -15, -15, -16, -16, -16, -16, -16, -16, -16, -16, -16, -15, -14, -14, -14, -15, -16, -15, -16, -16, -16, -16, -16, -16, -17, -18, -18, -18, -18, -17, -16, -17, -16, -16, -16, -16, -16, -16, -16, -17, -17, -17, -17, -17, -17, -17, -17, -16, -16, -16, -16, -16, -16, -16, -17, -18, -18, 0, 0, 0, 0, 0, 0, 0, 0, 0]
[0, -5, -2, 10, 20, 22, 15, 8, 0, -9, -23, -12, 8, 7, -7, -15, -16, -17, -18, -18, -17, -17, -17, -17, -17, -17, -17, -18, -18, -17, -17, -17, -17, -17, -17, -16, -15, -16, -17, -17, -18, -19, -20, -19, -19, -17, -15, -14, -16, -18, -19, -19, -17, -16, -17, -17, -17, -17, -16, -15, -16, -15, -15, -14, -14, -15, -17, -16, -16, -15, -14, -14, -15, -15, -15, -14, -15, -15, -15, -16, -16, -15, -15, -14, -14, -13, -14, -16, -16, -16, -17, -17, 0, 0, 0, 0, 0, 0, 0, 0]
[9, -7, -5, 9, 11, 2, -12, -29, -26, -1, 16, 10, -5, -12, -10, -7, -6, -7, -8, -12, -15, -16, -17, -17, -17, -16, -15, -15, -15, -15, -15, -15, -15, -15, -15, -16, -16, -16, -16, -16, -16, -15, -14, -14, -14, -14, -15, -15, -16, -16, -15, -14, -13, -14, -15, -16, -15, -14, -14, -15, -16, -17, -18, -17, -17, -17, -16, -16, -17, -16, -16, -16, -16, -16, -16, -16, -16, -16, -16, -16, -16, -16, -16, -17, -17, -17, -17, -17, -17, -17, -17, -17, -16, -16, -16, -16, -17, -17, -17, -16]
[24, 0, 0, 0, 0, 0, 0, 0, 0, 0, 0, 0, 0, 0, 0, 0, 0, 0, 0, 0, 0, 0, 0, 0, 0, 0, 0, 0, 0, 0, 0, 0, 0, 0, 0, 0, 0, 0, 0, 0, 0, 0, 0, 0, 0, 0, 0, 0, 0, 0, 0, 0, 0, 0, 0, 0, 0, 0, 0, 0, 0, 0, 0, 0, 0, 0, 0, 0, 0, 0, 0, 0, 0, 0, 0, 0, 0, 0, 0, 0, 0, 0, 0, 0, 0, 0, 0, 0, 0, 0, 0, 0, 0, 0, 0, 0, 0, 0, 0, 0]
[6, -7, -1, 11, 19, 15, 10, 5, 3, 0, -10, -14, -16, -18, -18, -17, -16, -15, -15, -16, -16, -17, -17, -17, -18, -17, -17, -17, -16, -16, -16, -16, -16, -15, -14, -14, -15, -16, -17, -16, -17, -17, -17, -17, -17, -17, -17, -17, -17, -15, -15, -15, -14, -14, -14, -14, -15, -15, -15, -15, -15, -15, -15, -14, -14, -15, -15, -15, -15, -16, -15, -15, -16, -15, -15, -15, -15, -15, -15, -15, -14, -14, -15, -16, -16, -16, -16, -16, -15, -16, -16, 0, 0, 0, 0, 0, 0, 0, 0, 0]
[27, 0, -13, -2, 14, 24, 19, 12, 8, 12, 15, 15, 9, 1, -3, -3, -3, -5, -8, -12, -15, -18, -20, -21, -21, -21, -21, -21, -21, -20, -20, -19, -19, -19, -20, -21, -21, -20, -20, -19, -19, -18, -18, -19, -19, -20, -18, -17, -16, -17, -17, -17, -17, -16, -16, -17, -17, -17, -17, -18, -18, -18, -18, -17, -17, -17, -17, -18, -18, -18, -18, -18, -18, -19, -19, -18, -18, -17, -17, -16, -16, -17, -17, -17, -17, -17, -17, -17, -17, -17, -17, -16, -16, -16, -16, -16, -15, -16, -16, -17]
[12, -5, -13, 0, 0, 0, 0, 0, 0, 0, 0, 0, 0, 0, 0, 0, 0, 0, 0, 0, 0, 0, 0, 0, 0, 0, 0, 0, 0, 0, 0, 0, 0, 0, 0, 0, 0, 0, 0, 0, 0, 0, 0, 0, 0, 0, 0, 0, 0, 0, 0, 0, 0, 0, 0, 0, 0, 0, 0, 0, 0, 0, 0, 0, 0, 0, 0, 0, 0, 0, 0, 0, 0, 0, 0, 0, 0, 0, 0, 0, 0, 0, 0, 0, 0, 0, 0, 0, 0, 0, 0, 0, 0, 0, 0, 0, 0, 0, 0, 0]
[0, 0, -2, 17, 33, 33, 27, 20, 16, 18, 20, 20, 13, 4, 0, 0, -2, -5, -8, -11, -13, -14, -14, -15, -15, -15, -15, -15, -14, -14, -14, -14, -15, -14, -14, -14, -14, -14, -14, -15, -15, -13, -13, -14, -14, -13, -13, -13, -12, -13, -13, -13, -13, -13, -13, -14, -14, -14, -14, -14, -14, -13, -13, -13, -13, -14, -14, -14, -14, -14, -14, -14, -14, -14, -14, -14, -14, -14, -15, -14, -15, -15, -15, -15, -14, -14, -14, -14, -14, -15, -15, -15, -15, -15, 0, 0, 0, 0, 0, 0]
[-2, -12, -4, 7, 19, 26, 21, 11, 4, 5, 11, 14, 10, 3, -1, -3, -4, -7, -9, -10, -11, -13, -14, -14, -14, -14, -14, -14, -14, -13, -13, -13, -13, -14, -14, -15, -15, -16, -16, -17, -16, -16, -15, -15, -15, -14, -14, -13, -13, -13, -13, -13, -13, -14, -15, -15, -15, -15, -15, -15, -15, -15, -15, -15, -14, -14, -14, -14, -15, -15, -15, -15, -15, -15, -15, -15, -14, -14, -14, -14, -13, -13, -13, -14, -14, -14, -14, -14, -14, -14, -13, -13, -13, -13, -15, -14, 0, 0, 0, 0]
[9, 0, 0, 0, 0, 0, 0, 0, 0, 0, 0, 0, 0, 0, 0, 0, 0, 0, 0, 0, 0, 0, 0, 0, 0, 0, 0, 0, 0, 0, 0, 0, 0, 0, 0, 0, 0, 0, 0, 0, 0, 0, 0, 0, 0, 0, 0, 0, 0, 0, 0, 0, 0, 0, 0, 0, 0, 0, 0, 0, 0, 0, 0, 0, 0, 0, 0, 0, 0, 0, 0, 0, 0, 0, 0, 0, 0, 0, 0, 0, 0, 0, 0, 0, 0, 0, 0, 0, 0, 0, 0, 0, 0, 0, 0, 0, 0, 0, 0, 0]
[-9, -10, 6, 21, 21, 11, 6, 6, 12, 17, 15, 7, -3, -8, -6, -3, -4, -6, -8, -12, -14, -16, -17, -18, -19, -17, -17, -16, -16, -16, -16, -15, -15, -15, -15, -16, -16, -15, -15, -15, -15, -15, -15, -15, -14, -14, -13, -13, -13, -13, -14, -13, -14, -14, -15, -15, -15, -15, -15, -14, -14, -14, -14, -15, -15, -15, -15, -15, -15, -15, -15, -15, -14, -14, -14, -14, -14, -14, -15, -15, -15, -15, -16, -16, -16, -15, -15, -15, -15, -15, -15, -14, -14, -14, -15, -15, -14, -15, -15, 0]
[1, -29, -22, 4, 32, 46, 45, 40, 36, 34, 27, 18, 12, 9, 5, 3, 3, 1, -3, -7, -11, -14, -16, -17, -18, -18, -17, -17, -18, -17, -17, -17, -17, -17, -17, -17, -18, -17, -17, -19, -21, -19, -15, -14, -15, -16, -17, -16, -14, -13, -13, -14, -14, -14, -14, -14, -15, -15, -15, -16, -17, -17, -16, -15, -15, -15, -14, -14, -14, -13, -13, -14, -15, -15, -15, -15, -15, -15, -15, -15, -15, -14, -14, -15, -15, -15, -15, -15, -14, -14, -14, -14, -15, -15, -15, -15, -14, -13, -13, -13]
[-2, 0, 0, 0, 0, 0, 0, 0, 0, 0, 0, 0, 0, 0, 0, 0, 0, 0, 0, 0, 0, 0, 0, 0, 0, 0, 0, 0, 0, 0, 0, 0, 0, 0, 0, 0, 0, 0, 0, 0, 0, 0, 0, 0, 0, 0, 0, 0, 0, 0, 0, 0, 0, 0, 0, 0, 0, 0, 0, 0, 0, 0, 0, 0, 0, 0, 0, 0, 0, 0, 0, 0, 0, 0, 0, 0, 0, 0, 0, 0, 0, 0, 0, 0, 0, 0, 0, 0, 0, 0, 0, 0, 0, 0, 0, 0, 0, 0, 0, 0]
[-17, -12, 0, 11, 17, 17, 17, 16, 17, 15, 12, 4, -1, -5, -6, -4, -2, -3, -5, -6, -7, -10, -14, -17, -19, -20, -20, -21, -21, -21, -20, -19, -20, -19, -19, -19, -19, -17, -16, -16, -17, -19, -21, -18, -17, -18, -18, -16, -16, -18, -19, -17, -15, -14, -13, -11, -10, -11, -14, -14, -13, -12, -13, -13, -14, -14, -14, -14, -14, -14, -15, -15, -15, -15, -14, -13, -13, -13, -14, -14, -14, -14, -15, -15, -14, -14, -13, -13, -13, -13, -13, -14, -14, -14, 0, 0, 0, 0, 0, 0]
[-2, 0, 7, 16, 21, 17, 11, 9, 10, 14, 12, 8, 7, 9, 10, 11, 6, 1, -1, -4, -8, -9, -9, -11, -11, -11, -11, -12, -12, -13, -13, -13, -13, -14, -15, -16, -16, -17, -17, -17, -17, -16, -15, -15, -15, -14, -14, -14, -15, -16, -16, -16, -15, -14, -13, -12, -11, -10, -11, -14, -16, -18, -18, -16, -13, -11, -11, -13, -14, -14, -14, -13, -12, -12, -12, -14, -15, -15, -14, -14, -14, -14, -13, -13, -13, -13, -14, -15, -16, -14, -12, -11, -12, -13, -15, -14, -13, -12, -12, 0]
[-12, 4, -12, -2, 8, 9, 0, -1, -2, -5, -10, -13, -14, -13, -12, -15, -20, -22, -20, -18, -19, -21, -22, -24, -26, -26, -24, -22, -20, -19, -18, -18, -17, -15, -12, -13, -16, -16, -13, -12, -13, -16, -17, -16, -14, -14, -13, -14, -15, -16, -16, -14, -12, -12, -12, -11, -12, -12, -11, -11, -13, -10, -8, -10, -13, -15, -15, -14, -14, -14, -13, -12, -12, -10, -6, -5, -7, -10, -10, -9, -8, -8, -9, -9, -10, -13, -14, -13, -12, -12, -11, -11, -9, 0, 0, 0, 0, 0, 0, 0]
[19, 5, -3, 5, 17, 23, 21, 18, 12, 10, 10, 9, 5, 0, -2, -2, 0, 2, 2, 0, -3, -6, -10, -12, -15, -17, -19, -20, -21, -22, -21, -20, -18, -17, -16, -14, -12, -10, -10, -12, -14, -12, -12, -12, -13, -13, -13, -12, -13, -14, -15, -15, -15, -15, -14, -14, -14, -14, -14, -13, -12, -12, -10, -9, -9, -9, -11, -11, -9, -9, -10, -12, -12, -11, -9, -8, -6, -8, -9, -10, -10, -10, -10, -9, -9, -9, -9, -9, -8, -8, -8, -8, -8, -9, -10, 0, 0, 0, 0, 0]
[15, -5, -9, 3, 12, 17, 17, 14, 9, 6, 3, 4, 7, 9, 5, 2, 1, 0, -4, -9, -13, -16, -17, -19, -18, -17, -16, -16, -15, -14, -14, -13, -13, -13, -13, -13, -13, -13, -14, -13, -13, -12, -11, -11, -10, -10, -11, -11, -11, -11, -11, -11, -12, -12, -12, -13, -13, -12, -13, -13, -11, -11, -10, -9, -9, -10, -10, -11, -10, -10, -10, -11, -11, -11, -12, -11, -11, -11, -10, -10, -10, -10, -9, -9, -9, -9, -8, -8, -8, -8, -8, -8, -9, -9, -9, -9, 0, 0, 0, 0]
[16, -5, -7, 2, 10, 18, 18, 15, 15, 13, 4, -2, -2, 4, 9, 8, 4, 0, -4, -10, -14, -17, -20, -26, -25, -24, -24, -23, -23, -24, -23, -21, -20, -21, -21, -21, -21, -21, -21, -21, -21, -22, -21, -21, -21, -21, -21, -20, -20, -19, -19, -18, -18, -18, -19, -19, -19, -19, -18, -18, -18, -18, -18, -19, -20, -19, -19, -19, -19, -19, -19, -19, -19, -19, -20, -19, -20, -20, -20, -20, -20, -20, -20, -19, -19, -19, -19, -19, -19, -19, -19, -20, -19, -19, -19, -20, -20, -19, -19, -19]
[3, -11, -15, -5, 4, 17, 22, 19, 16, 11, 8, 7, 8, 5, 0, 0, 0, 0, -2, -6, -10, -15, -18, -18, -19, -19, -20, -20, -20, -19, -18, -19, -18, -17, -17, -18, -19, -19, -19, -20, -20, -20, -19, -18, -18, -19, -18, -17, -16, -16, -16, -16, -16, -16, -16, -15, -16, -16, -15, -15, -15, -15, -15, -15, -15, -15, -15, -16, -15, -15, -15, -15, -14, -14, -13, -13, -14, -14, -15, -15, -15, -15, -15, -15, -15, -15, -15, -14, -14, -14, -14, -14, -15, -15, -15, -15, -15, -15, -15, 0]
[-15, 9, -2, -4, 4, 13, 17, 11, 5, 1, 0, 1, 3, 3, 0, 0, 0, -1, -3, -5, -9, -14, -16, -19, -19, -19, -18, -17, -16, -15, -15, -15, -15, -14, -13, -13, -14, -15, -15, -12, -10, -9, -9, -10, -10, -12, -13, -14, -14, -14, -13, -13, -12, -11, -9, -7, -7, -8, -9, -10, -10, -9, -9, -10, -11, -11, -11, -11, -10, -9, -8, -7, -7, -7, -6, -7, -7, -8, -8, -9, -8, -9, -8, -8, -8, -8, -8, -8, -8, -7, -7, -7, -7, -7, -7, -7, -8, 0, 0, 0]
[5, -7, -5, 4, 13, 19, 19, 13, 8, 5, 5, 5, 6, 5, 5, 5, 2, -1, -5, -9, -13, -17, -20, -21, -20, -18, -18, -17, -16, -15, -14, -14, -15, -16, -16, -16, -15, -15, -15, -16, -15, -15, -14, -14, -14, -15, -14, -14, -13, -13, -14, -14, -14, -13, -13, -13, -13, -13, -13, -14, -14, -14, -16, -16, -15, -13, -13, -13, -14, -14, -14, -14, -13, -13, -14, -15, -14, -13, -13, -14, -13, -12, -11, -12, -13, -13, -13, -12, -11, -11, -12, -12, -12, -12, -10, -10, -11, -12, -14, -15]
[41, 0, 0, 0, 0, 0, 0, 0, 0, 0, 0, 0, 0, 0, 0, 0, 0, 0, 0, 0, 0, 0, 0, 0, 0, 0, 0, 0, 0, 0, 0, 0, 0, 0, 0, 0, 0, 0, 0, 0, 0, 0, 0, 0, 0, 0, 0, 0, 0, 0, 0, 0, 0, 0, 0, 0, 0, 0, 0, 0, 0, 0, 0, 0, 0, 0, 0, 0, 0, 0, 0, 0, 0, 0, 0, 0, 0, 0, 0, 0, 0, 0, 0, 0, 0, 0, 0, 0, 0, 0, 0, 0, 0, 0, 0, 0, 0, 0, 0, 0]
[15, 4, -23, -34, -98, -139, -162, -148, -133, -87, -2, 42, 106, 169, 202, 209, 208, 195, 165, 109, 38, -25, -65, -84, -91, -97, -97, -90, -57, -3, 43, 58, 60, 57, 28, 13, 47, 77, 91, 91, 65, 49, 30, 16, 10, 7, 5, 9, 6, 3, 4, 7, 11, 11, 8, 6, 4, 5, 6, 6, 5, 3, 1, 4, 7, 8, 6, 3, 0, 0, 1, 3, 6, 6, 5, 4, 4, 3, 1, 0, 0, 0, 1, 2, 3, 3, 4, 4, 5, 5, 5, 5, 4, 4, 4, 3, 0, 0, 0, 0]
[38, 70, 90, 78, 35, -6, -37, -72, -105, -104, -17, 75, 120, 105, 48, -5, -43, -66, -55, -43, -36, -21, 0, 51, 101, 153, 193, 214, 225, 226, 199, 160, 97, 29, -21, -54, -63, -58, -50, -43, -42, -40, -27, -15, -5, 12, 34, 59, 78, 68, 68, 72, 51, 28, 33, 22, 6, -2, -5, -13, -20, -17, -11, -9, -10, -11, -10, -6, -2, -1, -2, -2, -2, -2, -2, 0, 0, -2, -3, -4, -3, -1, 0, 0, -1, -1, 0, 0, 0, 0, 0, 0, 0, 0, -2, -3, -3, -4, -4, 0]
[-4, 13, 48, 74, 65, 46, 20, -14, -41, -54, -69, -66, -35, 19, 89, 145, 153, 111, 49, -6, -55, -81, -83, -64, -20, 10, 66, 127, 178, 206, 220, 215, 213, 214, 194, 144, 87, 26, -17, -40, -59, -79, -88, -73, -48, -27, 2, 20, 26, 42, 48, 64, 69, 54, 40, 29, 16, 5, 5, 10, 6, -2, -7, -6, -4, -5, -7, -7, -5, -4, -5, -3, -1, -1, -2, -2, -2, -1, 0, 0, 0, 0, 0, 0, 0, 0, 0, 0, 0, -1, -1, -1, -1, -1, -2, -2, -1, 0, 0, 0]
[4, 22, 31, 37, 38, 52, 59, 35, -8, -43, -76, -99, -60, 38, 130, 181, 177, 121, 52, -4, -53, -80, -76, -57, -40, -11, 28, 79, 131, 179, 207, 222, 223, 220, 201, 163, 110, 50, -9, -53, -66, -71, -82, -89, -77, -49, -12, 17, 44, 63, 69, 71, 71, 70, 57, 53, 49, 31, 19, 14, 7, 1, -1, -3, -1, 0, 0, -1, -1, 0, 2, 3, 2, 1, 1, 2, 4, 4, 4, 4, 4, 3, 2, 0, 0, -1, -1, 0, 0, 0, 1, 2, 3, 3, 2, 0, 0, 0, 0, 0]
[2, 5, 25, 44, 63, 73, 70, 45, -1, -54, -92, -111, -93, -41, 36, 116, 167, 176, 143, 86, 31, -16, -54, -73, -45, -16, 13, 53, 101, 146, 188, 212, 224, 230, 224, 193, 146, 86, 23, -22, -46, -57, -71, -85, -91, -86, -60, -15, 41, 73, 98, 119, 121, 124, 112, 83, 68, 75, 52, 26, 13, 10, 6, 4, 1, -1, -1, 0, 1, 1, 1, 2, 3, 2, 2, 0, 0, 0, 2, 2, 2, 1, 2, 2, 2, 2, 1, 1, 2, 3, 4, 3, 3, 2, 2, 1, 0, 0, 0, 0]
[0, 14, 27, 32, 32, 44, 50, 32, -1, -27, -55, -106, -112, -67, 20, 120, 175, 171, 115, 52, 0, -48, -73, -56, -27, 20, 86, 157, 196, 216, 226, 231, 214, 158, 99, 37, -18, -54, -66, -70, -69, -62, -49, -22, 21, 62, 95, 118, 123, 107, 89, 62, 41, 46, 38, 24, 5, 0, 2, 6, 5, 3, 4, 5, 3, 2, 2, 2, 3, 3, 3, 4, 4, 4, 5, 5, 6, 7, 7, 7, 8, 8, 7, 7, 6, 5, 5, 4, 4, 5, 5, 5, 5, 5, 5, 5, 5, 5, 5, 4]
[5, 24, 39, 54, 68, 80, 88, 70, 31, -15, -59, -107, -121, -81, 13, 117, 158, 146, 116, 72, 20, -23, -49, -56, -42, -18, 1, 43, 93, 142, 183, 209, 223, 229, 227, 203, 165, 118, 58, 4, -24, -32, -34, -40, -47, -34, -3, 37, 66, 73, 84, 72, 46, 34, 33, 38, 59, 64, 53, 45, 38, 30, 19, 14, 9, 7, 6, 5, 5, 7, 10, 14, 14, 13, 11, 10, 9, 9, 10, 12, 13, 15, 15, 15, 14, 13, 13, 13, 12, 12, 13, 14, 14, 15, 13, 11, 10, 11, 13, 12]
[11, 22, 0, 0, 0, 0, 0, 0, 0, 0, 0, 0, 0, 0, 0, 0, 0, 0, 0, 0, 0, 0, 0, 0, 0, 0, 0, 0, 0, 0, 0, 0, 0, 0, 0, 0, 0, 0, 0, 0, 0, 0, 0, 0, 0, 0, 0, 0, 0, 0, 0, 0, 0, 0, 0, 0, 0, 0, 0, 0, 0, 0, 0, 0, 0, 0, 0, 0, 0, 0, 0, 0, 0, 0, 0, 0, 0, 0, 0, 0, 0, 0, 0, 0, 0, 0, 0, 0, 0, 0, 0, 0, 0, 0, 0, 0, 0, 0, 0, 0]
[0, 50, 75, 93, 101, 92, 65, 28, -9, -59, -117, -123, -78, 3, 102, 159, 145, 98, 50, 6, -31, -44, -40, -26, -8, 22, 59, 93, 126, 164, 198, 217, 224, 221, 211, 186, 146, 86, 22, -22, -32, -27, -30, -32, -29, -35, -48, -52, -35, -7, 31, 87, 117, 125, 126, 128, 94, 51, 41, 38, 33, 27, 17, 10, 6, 3, 4, 5, 6, 5, 4, 4, 4, 4, 4, 4, 6, 7, 6, 6, 7, 7, 7, 7, 6, 7, 7, 6, 6, 6, 6, 7, 7, 7, 6, 6, 5, 5, 5, 0]
[5, 17, 31, 49, 68, 80, 81, 56, 15, -27, -66, -100, -111, -98, -52, 49, 140, 171, 154, 113, 59, 6, -27, -40, -40, -26, -5, 18, 36, 73, 100, 126, 165, 200, 218, 227, 228, 212, 176, 124, 67, 16, -23, -40, -44, -47, -53, -60, -60, -49, -24, 21, 71, 105, 110, 106, 117, 121, 95, 71, 65, 61, 53, 43, 35, 30, 25, 23, 22, 20, 18, 17, 16, 16, 14, 13, 12, 11, 11, 10, 10, 11, 12, 12, 12, 11, 11, 11, 11, 11, 11, 10, 10, 10, 10, 10, 10, 10, 10, 11]
[10, 54, 83, 104, 109, 105, 87, 51, 8, -31, -71, -98, -94, -65, -1, 85, 149, 162, 126, 79, 48, 23, -5, -24, -21, 7, 17, 45, 81, 117, 152, 189, 101, 44, -3, -31, 6, 83, 94, 68, 36, 27, 37, 34, 22, 13, 14, 19, 21, 21, 16, 15, 16, 16, 15, 12, 10, 8, 7, 6, 7, 8, 8, 9, 13, 15, 14, 14, 14, 12, 11, 11, 10, 10, 10, 11, 12, 13, 14, 12, 9, 9, 11, 13, 14, 14, 13, 10, 9, 10, 12, 12, 12, 12, 12, 0, 0, 0, 0, 0]
[50, 100, 126, 112, 89, 66, 37, 9, -30, -56, -40, 9, 67, 118, 131, 104, 62, 22, -18, -42, -44, -30, -10, 8, 30, 51, 51, 78, 128, 170, 198, 216, 222, 215, 196, 163, 110, 39, -30, -59, -56, -25, 16, 38, 44, 23, -8, -28, -30, 0, 47, 90, 106, 124, 129, 105, 97, 67, 34, 32, 43, 42, 33, 24, 19, 17, 21, 21, 17, 14, 10, 7, 6, 6, 5, 6, 8, 9, 12, 14, 13, 12, 12, 10, 9, 9, 9, 9, 8, 7, 7, 7, 6, 7, 6, 5, 6, 6, 5, 6]
[9, 34, 51, 71, 87, 85, 57, 14, -29, -64, -64, -22, 45, 98, 100, 65, 29, -2, -33, -46, -40, -23, -16, 8, 46, 82, 118, 160, 193, 214, 225, 224, 208, 187, 145, 82, 20, -27, -51, -53, -53, -61, -59, -50, -30, 6, 49, 86, 99, 115, 120, 119, 119, 108, 93, 83, 67, 62, 58, 39, 24, 19, 20, 18, 15, 10, 9, 12, 19, 20, 17, 13, 12, 10, 6, 8, 13, 17, 19, 17, 15, 14, 13, 13, 16, 15, 11, 11, 12, 13, 13, 13, 13, 12, 11, 11, 0, 0, 0, 0]
[22, 0, 0, 0, 0, 0, 0, 0, 0, 0, 0, 0, 0, 0, 0, 0, 0, 0, 0, 0, 0, 0, 0, 0, 0, 0, 0, 0, 0, 0, 0, 0, 0, 0, 0, 0, 0, 0, 0, 0, 0, 0, 0, 0, 0, 0, 0, 0, 0, 0, 0, 0, 0, 0, 0, 0, 0, 0, 0, 0, 0, 0, 0, 0, 0, 0, 0, 0, 0, 0, 0, 0, 0, 0, 0, 0, 0, 0, 0, 0, 0, 0, 0, 0, 0, 0, 0, 0, 0, 0, 0, 0, 0, 0, 0, 0, 0, 0, 0, 0]
[40, 66, 81, 89, 102, 90, 48, 2, -39, -80, -78, -24, 55, 107, 110, 80, 43, 8, -27, -47, -42, -28, -18, -9, 22, 41, 75, 119, 165, 197, 216, 226, 224, 223, 213, 168, 99, 28, -35, -62, -63, -62, -62, -50, -30, 4, 56, 113, 154, 160, 150, 143, 133, 127, 110, 106, 109, 96, 82, 76, 69, 58, 53, 51, 50, 45, 39, 38, 37, 33, 27, 22, 18, 17, 17, 19, 20, 20, 20, 20, 21, 22, 22, 22, 22, 21, 20, 20, 18, 19, 21, 22, 21, 20, 20, 20, 20, 20, 0, 0]
[21, 45, 73, 112, 132, 137, 139, 102, 42, -20, -78, -115, -106, -62, -1, 67, 109, 109, 80, 38, -3, -39, -39, -21, -3, 15, 48, 90, 115, 127, 150, 172, 182, 190, 198, 201, 189, 163, 123, 62, 2, -29, -34, -34, -41, -47, -41, -24, 16, 47, 65, 92, 101, 108, 103, 104, 122, 112, 65, 27, 24, 36, 40, 35, 29, 27, 27, 31, 38, 31, 19, 12, 9, 8, 7, 5, 3, 2, 4, 7, 9, 10, 11, 12, 11, 10, 10, 10, 9, 9, 8, 8, 8, 8, 8, 8, 8, 8, 7, 7]
[7, 0, 0, 0, 0, 0, 0, 0, 0, 0, 0, 0, 0, 0, 0, 0, 0, 0, 0, 0, 0, 0, 0, 0, 0, 0, 0, 0, 0, 0, 0, 0, 0, 0, 0, 0, 0, 0, 0, 0, 0, 0, 0, 0, 0, 0, 0, 0, 0, 0, 0, 0, 0, 0, 0, 0, 0, 0, 0, 0, 0, 0, 0, 0, 0, 0, 0, 0, 0, 0, 0, 0, 0, 0, 0, 0, 0, 0, 0, 0, 0, 0, 0, 0, 0, 0, 0, 0, 0, 0, 0, 0, 0, 0, 0, 0, 0, 0, 0, 0]
[18, 41, 67, 0, 0, 0, 0, 0, 0, 0, 0, 0, 0, 0, 0, 0, 0, 0, 0, 0, 0, 0, 0, 0, 0, 0, 0, 0, 0, 0, 0, 0, 0, 0, 0, 0, 0, 0, 0, 0, 0, 0, 0, 0, 0, 0, 0, 0, 0, 0, 0, 0, 0, 0, 0, 0, 0, 0, 0, 0, 0, 0, 0, 0, 0, 0, 0, 0, 0, 0, 0, 0, 0, 0, 0, 0, 0, 0, 0, 0, 0, 0, 0, 0, 0, 0, 0, 0, 0, 0, 0, 0, 0, 0, 0, 0, 0, 0, 0, 0]
[0, 0, 84, 92, 97, 89, 59, 14, -42, -102, -123, -75, 12, 88, 111, 92, 52, 21, -11, -40, -42, -12, 8, 29, 57, 102, 145, 184, 209, 223, 229, 233, 227, 199, 159, 107, 42, -14, -46, -51, -49, -53, -57, -53, -42, -10, 32, 77, 117, 138, 145, 136, 128, 117, 86, 81, 70, 52, 52, 53, 45, 32, 23, 18, 14, 11, 12, 15, 16, 15, 14, 13, 13, 13, 13, 14, 15, 15, 15, 14, 15, 15, 14, 14, 14, 15, 15, 16, 15, 14, 14, 14, 15, 14, 14, 15, 15, 15, 15, 0]
[34, 45, 53, 61, 72, 94, 93, 59, 21, -20, -98, -130, -92, -38, 23, 87, 144, 174, 168, 126, 75, 34, 0, -29, -32, -11, 0, 12, 38, 76, 100, 130, 169, 202, 219, 227, 232, 216, 174, 116, 45, -27, -68, -68, -48, -36, -32, -21, -13, -7, 9, 39, 66, 97, 122, 130, 128, 110, 107, 110, 97, 77, 61, 52, 43, 36, 31, 28, 25, 23, 21, 19, 18, 14, 12, 11, 12, 13, 13, 14, 14, 14, 13, 13, 14, 14, 12, 11, 11, 11, 11, 11, 11, 11, 11, 12, 13, 13, 13, 13]
[10, 30, 69, 106, 141, 158, 144, 94, 25, -51, -140, -152, -84, 7, 88, 137, 140, 108, 61, 16, -21, -48, -41, -23, -4, 6, 42, 72, 113, 163, 199, 217, 227, 231, 234, 215, 176, 126, -34, 53, 105, 111, 92, 101, 121, 96, 67, 58, 57, 53, 44, 30, 20, 20, 22, 21, 17, 16, 16, 16, 15, 15, 16, 18, 21, 22, 22, 21, 20, 19, 20, 19, 18, 18, 19, 19, 18, 17, 17, 17, 18, 17, 17, 17, 17, 17, 16, 16, 15, 16, 17, 16, 16, 16, 16, 17, 0, 0, 0, 0]
[18, 32, 67, 101, 127, 125, 92, 47, -2, -58, -86, -55, 13, 86, 77, 155, 195, 215, 226, 230, 202, 140, 69, -6, -62, -79, -79, -76, -65, -46, -22, 10, 44, 76, 93, 123, 137, 141, 154, 142, 108, 80, 55, 36, 30, 32, 34, 29, 20, 15, 15, 16, 17, 15, 11, 9, 10, 12, 11, 11, 13, 14, 14, 13, 13, 13, 12, 11, 12, 12, 12, 12, 13, 12, 12, 12, 12, 13, 12, 11, 11, 12, 12, 12, 12, 12, 11, 11, 12, 12, 14, 13, 0, 0, 0, 0, 0, 0, 0, 0]
[11, 41, 77, 96, 98, 93, 74, 40, -3, -48, -78, -72, -13, 76, 123, 112, 69, 24, -11, -43, -56, -24, 31, 70, 98, 131, 152, 170, 189, 212, 224, 230, 233, 231, 203, 160, 98, 16, -49, -70, -66, -60, -54, -38, -19, 9, 49, 78, 108, 122, 116, 114, 105, 89, 70, 78, 86, 76, 61, 41, 34, 27, 20, 13, 6, 3, 3, 3, 4, 4, 4, 6, 8, 7, 5, 5, 7, 7, 8, 9, 8, 6, 7, 7, 7, 7, 6, 7, 7, 7, 7, 5, 5, 5, 6, 6, 7, 7, 7, 7]
[4, 21, 43, 65, 80, 80, 60, 27, -4, -45, -91, -85, -31, 36, 87, 99, 71, 36, 9, -14, -27, -19, 6, 37, 66, 97, 119, 152, 192, 214, 225, 231, 233, 233, 213, 179, 131, 72, 9, -43, -65, -62, -53, -49, -43, -31, -6, 32, 75, 112, 133, 133, 136, 129, 116, 104, 103, 89, 77, 63, 45, 29, 21, 20, 23, 25, 22, 16, 14, 13, 11, 9, 8, 8, 8, 8, 8, 9, 10, 10, 10, 9, 9, 9, 9, 8, 9, 10, 10, 11, 11, 11, 11, 10, 10, 10, 11, 11, 12, 13]
[19, 39, 55, 73, 73, 61, 62, 53, 23, -12, -37, -59, -55, -25, 18, 52, 65, 56, 31, 3, -26, -34, -9, 15, 34, 59, 98, 133, 167, 199, 218, 227, 232, 228, 217, 188, 143, 89, 21, -27, -44, -45, -44, -35, -19, 1, 26, 52, 109, 85, 62, 46, 43, 38, 30, 24, 18, 16, 15, 15, 16, 15, 14, 13, 13, 13, 13, 12, 11, 12, 13, 13, 14, 15, 16, 16, 15, 14, 14, 14, 12, 13, 14, 14, 13, 12, 12, 14, 14, 14, 14, 13, 13, 14, 14, 13, 0, 0, 0, 0]
[6, 15, 27, 56, 88, 109, 115, 101, 71, 42, 5, -48, -59, -2, 55, 83, 85, 72, 49, 22, 2, -3, 0, 1, 9, 34, 75, 107, 140, 174, 203, 219, 228, 232, 234, 232, 203, 158, 108, 58, 8, -30, -42, -37, -34, -29, -5, 19, 44, 59, 77, 89, 102, 114, 112, 102, 92, 93, 94, 98, 100, 95, 82, 65, 48, 39, 36, 33, 34, 34, 33, 25, 17, 13, 14, 15, 16, 16, 15, 15, 17, 19, 18, 16, 15, 14, 15, 16, 16, 15, 15, 15, 15, 14, 14, 14, 14, 14, 14, 14]
[17, 29, 46, 68, 96, 113, 99, 64, 23, -17, -43, -38, -6, 34, 58, 64, 50, 24, -3, -20, -28, -24, -2, 21, 44, 69, 106, 131, 161, 194, 215, 225, 231, 234, 226, 197, 150, 98, 36, -19, -51, -57, -50, -39, -29, -13, 20, 61, 96, 105, 100, 106, 111, 96, 79, 81, 71, 56, 52, 50, 42, 31, 24, 23, 22, 18, 16, 15, 15, 15, 13, 12, 10, 10, 11, 12, 10, 13, 15, 15, 13, 13, 14, 13, 12, 11, 12, 13, 14, 14, 15, 14, 12, 13, 15, 14, 0, 0, 0, 0]
[5, 29, 73, 108, 126, 123, 96, 52, 4, -32, -38, -19, 16, 51, 64, 59, 45, 29, 18, 7, -9, -6, 5, 11, 13, 30, 50, 81, 113, 169, 202, 219, 227, 231, 210, 170, 120, 72, 21, -23, -47, -48, -40, -29, -14, -2, 12, 43, 78, 95, 110, 116, 115, 113, 103, 85, 71, 56, 55, 62, 63, 60, 54, 54, 55, 50, 38, 27, 22, 21, 20, 20, 23, 24, 24, 26, 26, 25, 25, 25, 24, 24, 24, 24, 24, 25, 25, 25, 25, 24, 24, 24, 24, 23, 24, 24, 24, 24, 24, 24]
[26, 45, 0, 0, 0, 0, 0, 0, 0, 0, 0, 0, 0, 0, 0, 0, 0, 0, 0, 0, 0, 0, 0, 0, 0, 0, 0, 0, 0, 0, 0, 0, 0, 0, 0, 0, 0, 0, 0, 0, 0, 0, 0, 0, 0, 0, 0, 0, 0, 0, 0, 0, 0, 0, 0, 0, 0, 0, 0, 0, 0, 0, 0, 0, 0, 0, 0, 0, 0, 0, 0, 0, 0, 0, 0, 0, 0, 0, 0, 0, 0, 0, 0, 0, 0, 0, 0, 0, 0, 0, 0, 0, 0, 0, 0, 0, 0, 0, 0, 0]
[0, 70, 93, 106, 102, 89, 65, 26, -23, -66, -57, 3, 67, 100, 102, 85, 55, 21, -13, -38, -49, -32, -2, 25, 51, 84, 116, 142, 184, 209, 223, 229, 233, 233, 209, 172, 130, 87, 42, 0, -31, -41, -42, -42, -31, -4, 27, 55, 80, 92, 103, 111, 105, 103, 111, 114, 84, 67, 69, 71, 65, 57, 52, 48, 47, 46, 41, 34, 32, 29, 24, 22, 23, 24, 26, 26, 25, 25, 25, 24, 24, 24, 25, 26, 27, 28, 28, 27, 27, 26, 26, 27, 26, 27, 28, 28, 27, 26, 25, 0]
[45, 63, 82, 96, 99, 97, 96, 77, 35, -12, -40, -57, -41, 11, 64, 90, 87, 67, 40, 8, 67, 8, -10, -22, -32, -22, 0, 41, 81, 98, 108, 112, 119, 111, 103, 95, 81, 76, 68, 57, 64, 69, 65, 66, 68, 61, 58, 61, 59, 51, 43, 37, 35, 33, 30, 28, 29, 30, 31, 33, 36, 37, 37, 36, 36, 36, 35, 34, 34, 34, 34, 35, 35, 37, 38, 37, 36, 35, 35, 35, 35, 36, 36, 35, 36, 36, 37, 38, 37, 36, 36, 35, 34, 0, 0, 0, 0, 0, 0, 0]
[38, 62, 98, 154, 178, 192, 186, 140, 76, 6, -54, -93, -81, -44, 10, 68, 107, 120, 109, 77, 39, 0, -32, -33, -15, 7, 20, 58, 89, 132, 178, 206, 221, 229, 232, 234, 224, 193, 153, 99, 43, -4, -33, -48, -57, -55, -28, 8, 39, 61, 82, 97, 98, 99, 96, 93, 104, 108, 89, 83, 85, 81, 78, 74, 75, 72, 54, 40, 34, 31, 27, 27, 28, 28, 26, 26, 27, 27, 27, 30, 30, 26, 25, 27, 28, 28, 28, 28, 27, 27, 27, 27, 27, 27, 27, 28, 28, 27, 26, 27]
[26, 44, 62, 74, 86, 89, 80, 65, 43, 14, -9, -14, 3, 41, 87, 117, 121, 108, 81, 47, 18, -3, -17, -13, -3, 0, 11, 33, 65, 104, 143, 181, 208, 222, 229, 233, 232, 207, 164, 122, 77, 28, -13, -31, -31, -27, -20, -10, 5, 28, 46, 58, 74, 86, 92, 89, 99, 109, 104, 103, 108, 102, 84, 68, 62, 60, 55, 53, 53, 54, 53, 56, 54, 49, 44, 40, 38, 39, 40, 41, 42, 44, 44, 43, 44, 45, 45, 44, 45, 45, 45, 45, 45, 45, 45, 44, 44, 45, 44, 44]
[78, 0, 0, 0, 0, 0, 0, 0, 0, 0, 0, 0, 0, 0, 0, 0, 0, 0, 0, 0, 0, 0, 0, 0, 0, 0, 0, 0, 0, 0, 0, 0, 0, 0, 0, 0, 0, 0, 0, 0, 0, 0, 0, 0, 0, 0, 0, 0, 0, 0, 0, 0, 0, 0, 0, 0, 0, 0, 0, 0, 0, 0, 0, 0, 0, 0, 0, 0, 0, 0, 0, 0, 0, 0, 0, 0, 0, 0, 0, 0, 0, 0, 0, 0, 0, 0, 0, 0, 0, 0, 0, 0, 0, 0, 0, 0, 0, 0, 0, 0]
[91, 102, 102, 95, 99, 122, 133, 110, 61, 1, -75, -103, -66, 15, 112, 157, 152, 111, 54, -1, -39, -50, -38, -2, 44, 70, 94, 119, 143, 156, 175, 205, 220, 228, 232, 231, 206, 168, 112, 44, -13, -43, -51, -50, -48, -43, -26, -1, 37, 78, 107, 111, 105, 109, 97, 90, 95, 93, 81, 64, 49, 38, 39, 46, 45, 39, 34, 31, 31, 30, 30, 30, 29, 30, 34, 35, 35, 35, 34, 34, 35, 35, 36, 35, 34, 34, 34, 34, 35, 36, 36, 35, 0, 0, 0, 0, 0, 0, 0, 0]
[39, 80, 0, 0, 0, 0, 0, 0, 0, 0, 0, 0, 0, 0, 0, 0, 0, 0, 0, 0, 0, 0, 0, 0, 0, 0, 0, 0, 0, 0, 0, 0, 0, 0, 0, 0, 0, 0, 0, 0, 0, 0, 0, 0, 0, 0, 0, 0, 0, 0, 0, 0, 0, 0, 0, 0, 0, 0, 0, 0, 0, 0, 0, 0, 0, 0, 0, 0, 0, 0, 0, 0, 0, 0, 0, 0, 0, 0, 0, 0, 0, 0, 0, 0, 0, 0, 0, 0, 0, 0, 0, 0, 0, 0, 0, 0, 0, 0, 0, 0]
[0, 130, 172, 193, 186, 151, 99, 37, -18, -23, 22, 65, 80, 80, 49, 4, -31, -54, -56, -37, -11, 16, 49, 100, 131, 169, 202, 219, 227, 232, 234, 228, 200, 153, 95, 35, -13, -40, -46, -42, -38, -28, -6, 19, 45, 71, 90, 105, 112, 126, 118, 61, 47, 85, 80, 62, 44, 38, 47, 60, 62, 55, 50, 52, 52, 45, 36, 27, 24, 14, 13, 17, 20, 23, 24, 23, 22, 22, 23, 24, 24, 25, 26, 26, 26, 25, 24, 24, 24, 24, 24, 23, 23, 23, 23, 23, 24, 24, 24, 0]
[63, 69, 86, 105, 117, 118, 98, 61, 24, -19, -55, -48, -6, 38, 63, 59, 36, 13, -20, -56, -53, -13, 25, 64, 107, 156, 191, 213, 225, 230, 233, 235, 222, 185, 137, 89, 41, 1, -26, -42, -45, -45, -37, -18, 9, 44, 70, 83, 99, 107, 114, 116, 118, 109, 82, 71, 51, 34, 30, 36, 39, 36, 33, 31, 29, 25, 23, 22, 22, 22, 20, 20, 23, 25, 26, 25, 23, 23, 24, 24, 23, 23, 22, 22, 23, 23, 24, 23, 22, 24, 26, 27, 27, 26, 26, 25, 24, 23, 23, 22]
[21, 74, 5, 28, 53, 36, 3, -23, -43, -33, -6, 0, 9, 23, 53, 102, 152, 191, 213, 225, 230, 233, 90, 109, 121, 125, 122, 97, 93, 83, 78, 74, 66, 48, 37, 38, 41, 41, 27, 21, 19, 18, 17, 15, 13, 12, 12, 14, 14, 14, 14, 15, 15, 14, 15, 17, 18, 19, 19, 20, 21, 22, 22, 23, 22, 19, 17, 18, 21, 23, 24, 24, 24, 23, 22, 20, 21, 22, 22, 22, 24, 25, 28, 27, 25, 25, 25, 0, 0, 0, 0, 0, 0, 0, 0, 0, 0, 0, 0, 0]
[35, 93, 145, 162, 154, 123, 86, 45, -11, -56, -60, -23, 48, 107, 111, 75, 29, -9, -35, -47, -43, -4, 30, 50, 69, 104, 133, 162, 198, 217, 227, 231, 234, 218, 174, 120, 52, -23, -55, -34, -15, -16, -25, -21, -10, -5, 9, 37, 66, 95, 98, 102, 109, 102, 89, 70, 64, 65, 61, 55, 47, 40, 36, 33, 32, 31, 30, 27, 23, 21, 23, 24, 25, 25, 22, 19, 17, 17, 18, 19, 19, 18, 18, 18, 18, 18, 18, 18, 19, 19, 20, 19, 19, 0, 0, 0, 0, 0, 0, 0]
