-4,-19,-38,-50,-45,-37,-21,-6,5,22,40,70,97,104,104,94,59,51,68,70,50,73,102,127,110,62,26,32,49,45,17,10,8,-9,-21,-28,-40,-50,-60,-66,-73,-81,-82,-85,-85,-94,-87,-71,-75,-70,-59,-56,-56,-58,-65,-66,-54,-40,-26,-15,-9,-4,4,11,15,19,23,26,29,32,34,34,35,35,34,33,32,31,30,28,27,25,23,22,21,21,21,21,20,21,21,21,21,21,21,21,21,21,21,21
-48,-49,-57,-58,-37,-28,-10,2,17,41,66,96,107,104,95,71,66,69,63,68,84,108,132,145,93,63,62,65,44,27,18,9,1,9,18,15,3,-9,-15,-22,-34,-35,-34,-38,-46,-49,-51,-61,-57,-51,-52,-46,-47,-54,-52,-54,-66,-82,-102,-84,-60,-49,-35,-22,-12,-5,0,9,15,18,20,19,18,17,18,19,21,21,22,22,23,23,23,23,23,22,22,22,22,22,22,22,22,22,21,21,20,20,20,20
-12,-42,-44,-35,-28,-14,0,15,28,44,62,81,105,110,98,80,61,53,62,62,50,54,64,85,112,130,97,73,78,67,43,22,13,2,-5,-6,-19,-19,-16,-31,-38,-40,-52,-52,-51,-54,-51,-49,-49,-48,-46,-50,-57,-50,-43,-59,-63,-51,-42,-36,-32,-27,-20,-14,-10,-6,-4,-1,0,1,3,6,9,13,17,19,20,20,19,19,18,18,18,19,20,21,21,22,22,23,23,23,22,22,22,22,22,22,21,21
-8,-24,-23,-26,-11,2,19,38,56,74,98,115,114,101,79,58,75,98,83,76,83,106,130,145,99,74,85,77,43,28,30,24,30,21,1,-5,-23,-35,-41,-52,-50,-49,-55,-52,-56,-64,-55,-51,-65,-69,-68,-73,-83,-89,-85,-74,-59,-48,-38,-29,-22,-16,-11,-5,1,9,12,14,14,14,15,18,19,19,17,18,19,20,20,19,18,18,19,20,22,22,23,24,24,24,24,25,24,24,24,24,24,24,23,23
-7,-37,-35,-32,-34,-14,5,20,30,45,58,71,84,82,70,57,49,64,79,69,49,46,46,58,88,115,101,63,46,43,48,38,35,43,30,15,14,-2,-15,-30,-41,-45,-53,-56,-56,-63,-65,-65,-65,-63,-64,-54,-46,-52,-47,-30,-22,-25,-33,-35,-33,-33,-36,-39,-40,-40,-34,-24,-16,-9,-4,0,5,10,14,16,19,21,21,23,23,24,25,25,24,23,22,22,22,22,22,22,22,21,21,22,22,22,22,22
-4,-17,-16,-8,-3,7,25,39,47,59,65,70,68,61,58,59,62,66,66,41,34,36,38,58,89,105,75,55,48,40,24,21,37,27,9,-1,-19,-30,-45,-53,-56,-57,-61,-66,-63,-63,-66,-56,-48,-59,-52,-36,-36,-41,-41,-37,-37,-43,-38,-29,-22,-18,-16,-14,-10,-4,0,3,6,8,10,11,13,16,18,20,21,21,22,23,24,24,24,23,22,22,21,20,20,20,20,20,20,21,21,20,20,21,21,21
-3,-4,-7,-16,-9,-1,8,23,35,43,51,62,81,91,82,67,54,45,57,74,78,61,51,45,71,100,84,48,28,43,34,19,29,41,35,18,3,-7,-20,-29,-32,-35,-43,-53,-60,-64,-71,-75,-67,-66,-72,-62,-57,-70,-75,-66,-56,-63,-58,-41,-23,-13,-8,-6,-5,-4,-4,-3,-2,0,2,6,10,13,14,15,16,18,19,20,21,22,22,22,21,21,20,18,16,15,15,14,14,14,14,15,16,16,17,17
-9,-20,-21,-17,-11,2,20,34,43,50,63,84,94,89,77,69,77,83,72,58,44,52,66,96,114,73,48,53,52,29,4,20,36,27,14,-2,-5,-8,-31,-44,-49,-60,-67,-72,-78,-75,-71,-72,-65,-55,-61,-79,-84,-72,-58,-50,-43,-34,-24,-14,-9,-7,-7,-8,-7,-3,0,5,5,5,9,12,14,16,17,17,18,18,19,19,20,20,20,20,20,20,19,18,18,18,18,19,19,20,20,20,21,21,22,22
-22,-45,-53,-50,-30,-15,0,11,16,23,30,40,59,63,44,23,17,41,58,55,42,46,62,92,97,52,36,42,35,18,10,24,27,19,6,-2,-10,-26,-28,-32,-43,-49,-47,-50,-50,-46,-45,-50,-49,-46,-51,-63,-72,-75,-74,-74,-73,-65,-55,-46,-38,-31,-25,-19,-13,-8,-4,-3,0,1,5,7,10,12,15,18,20,21,22,22,21,20,20,20,20,20,20,20,20,21,22,22,22,23,23,22,22,22,22,22
-8,-27,-17,-17,-6,13,30,47,60,71,80,81,86,91,87,79,79,80,84,76,55,36,28,28,47,80,81,39,36,34,21,16,29,32,15,-4,0,-5,-25,-35,-44,-57,-72,-78,-78,-83,-91,-86,-78,-79,-89,-86,-82,-89,-96,-98,-92,-78,-65,-61,-56,-47,-38,-31,-24,-19,-14,-8,-2,2,6,9,12,14,16,18,19,20,22,23,24,24,24,24,24,24,24,23,22,22,22,22,22,22,22,22,22,23,24,24
-3,-29,-32,-42,-38,-20,-6,9,20,36,58,87,100,87,73,68,65,61,44,38,37,50,82,101,61,50,45,39,28,37,33,23,30,23,5,-1,-17,-19,-21,-33,-43,-53,-63,-70,-69,-83,-88,-70,-68,-70,-68,-79,-90,-100,-103,-110,-106,-83,-61,-52,-48,-42,-35,-29,-22,-15,-10,-5,0,5,11,17,20,23,23,23,24,24,24,24,24,23,23,22,21,21,20,21,21,21,21,22,23,24,24,24,24,24,24,23
-22,-21,-21,-29,-24,-12,-8,3,12,17,23,26,31,45,64,69,61,50,52,56,38,21,29,58,88,101,73,74,65,61,44,42,38,29,22,24,24,11,3,2,-10,-19,-23,-30,-37,-45,-51,-55,-56,-57,-59,-63,-59,-57,-62,-60,-55,-61,-59,-47,-36,-30,-29,-32,-47,-57,-51,-42,-32,-24,-17,-11,-6,-2,1,4,7,10,13,15,18,20,21,22,23,23,23,23,22,21,21,21,22,22,23,23,24,24,25,25
-16,-40,-40,-25,-22,-15,-6,-2,4,10,20,34,46,57,70,76,75,73,63,57,49,43,52,60,71,80,69,57,44,27,18,19,24,24,26,18,5,-3,-8,-18,-26,-29,-35,-38,-37,-39,-38,-38,-36,-32,-32,-31,-27,-22,-22,-26,-27,-29,-37,-55,-70,-81,-95,-88,-70,-52,-37,-23,-10,-1,4,9,8,12,15,17,18,19,19,19,19,20,20,20,20,20,20,20,21,21,21,22,22,22,22,22,21,21,21,21
-5,3,-1,0,11,17,22,30,37,41,46,52,61,65,68,75,79,84,86,77,71,67,67,72,84,103,89,65,66,62,46,25,20,24,33,32,30,25,17,10,2,-6,-10,-20,-23,-23,-29,-27,-29,-33,-35,-34,-35,-33,-26,-29,-38,-46,-46,-47,-55,-67,-77,-81,-80,-71,-59,-49,-42,-35,-27,-18,-8,0,8,14,18,20,21,21,22,22,22,22,22,22,22,22,22,22,22,22,22,22,22,22,23,22,23,22
-24,-33,-43,-47,-39,-34,-25,-7,7,24,41,61,84,85,71,57,53,61,73,72,56,35,28,30,53,76,74,65,54,48,44,30,17,12,13,16,16,7,0,-8,-22,-22,-26,-37,-40,-44,-45,-43,-47,-44,-39,-38,-35,-33,-34,-37,-46,-50,-55,-62,-68,-85,-86,-75,-66,-56,-45,-33,-21,-11,-1,6,13,16,17,17,17,16,16,17,19,20,21,22,22,21,21,21,21,21,22,22,22,22,22,22,23,23,23,23
-39,-53,-55,-44,-25,-12,-4,6,15,30,46,50,58,71,66,50,44,53,65,71,61,49,38,34,41,54,79,81,62,54,52,43,23,16,22,27,31,25,11,6,-5,-20,-21,-28,-35,-34,-31,-26,-23,-22,-18,-15,-11,-8,-10,-11,-10,-15,-17,-16,-19,-30,-44,-67,-89,-86,-68,-60,-54,-43,-34,-25,-14,-4,3,8,10,12,13,13,14,15,16,17,18,19,19,19,19,19,19,19,19,19,20,20,20,19,19,20
-27,-39,-26,-29,-19,-5,9,17,20,27,40,57,69,71,72,68,66,60,54,52,50,66,96,114,74,45,50,57,49,30,21,16,9,7,-4,-20,-19,-26,-35,-40,-41,-48,-59,-63,-63,-64,-61,-61,-66,-57,-48,-47,-48,-43,-40,-61,-66,-54,-37,-24,-14,-7,-3,2,8,12,15,15,14,14,13,13,15,16,18,20,21,23,23,23,23,23,23,23,23,23,23,23,23,23,23,22,22,22,23,23,23,23,24,24
-29,-33,-28,-32,-20,-6,8,23,29,36,45,56,64,60,49,37,30,39,53,53,38,28,25,38,70,84,54,38,39,48,41,33,27,31,33,26,10,-2,-10,-24,-38,-45,-56,-67,-72,-73,-77,-76,-69,-66,-63,-58,-54,-49,-44,-40,-40,-39,-39,-43,-48,-47,-43,-40,-42,-34,-20,-6,3,12,19,24,28,31,32,34,35,37,37,36,35,33,31,29,28,27,26,25,24,24,24,24,24,24,23,23,23,23,23,23
-50,-48,-47,-39,-23,-13,2,13,24,35,44,53,65,72,70,65,63,67,72,76,72,60,53,51,47,59,87,101,84,60,42,37,29,20,19,18,14,11,-2,-17,-30,-36,-43,-53,-54,-53,-55,-52,-45,-45,-37,-29,-30,-27,-23,-23,-29,-24,-10,-1,3,6,8,8,-11,-31,-32,-26,-17,-10,-5,0,4,10,16,23,28,29,28,27,25,24,23,23,22,20,19,19,19,18,17,17,17,18,20,21,22,22,23,24
-15,-22,-25,-26,-15,-6,4,16,27,36,44,54,59,57,55,52,49,49,49,51,47,43,35,25,17,20,29,36,60,75,63,45,33,30,15,15,22,19,9,-6,-9,-10,-28,-35,-37,-46,-47,-44,-44,-39,-34,-31,-21,-14,-15,-10,-5,-5,-6,-8,-9,-10,-13,-21,-29,-32,-28,-30,-34,-27,-17,-8,-2,2,6,9,11,13,14,14,16,17,19,20,20,21,21,21,21,21,21,21,20,20,21,22,23,24,24,24
86,101,109,118,120,113,106,100,101,101,96,100,106,109,114,118,118,119,119,120,122,118,108,93,80,65,48,35,22,8,-1,-15,-32,-52,-67,-77,-86,-103,-107,-106,-123,-132,-123,-124,-121,-111,-112,-113,-115,-119,-119,-120,-122,-121,-116,-105,-96,-89,-80,-72,-64,-55,-48,-44,-41,-38,-35,-31,-27,-23,-21,-18,-15,-13,-10,-9,-7,-6,-5,-4,-3,-2,-2,-2,-2,-2,-2,-2,-2,-2,-1,-1,-1,-1,0,0,0,0,0,0
85,97,101,100,99,100,101,99,97,96,96,97,98,96,95,91,88,86,83,84,85,86,86,87,82,71,61,52,38,23,14,2,-17,-32,-41,-52,-60,-72,-84,-83,-83,-88,-85,-93,-105,-91,-91,-98,-98,-106,-117,-118,-121,-122,-120,-117,-111,-106,-100,-97,-94,-87,-80,-81,-81,-77,-72,-68,-62,-56,-50,-44,-40,-35,-29,-24,-20,-16,-13,-10,-7,-6,-5,-4,-4,-4,-3,-3,-3,-2,-2,-2,-2,-2,-2,-2,-3,-3,-3,-3
56,76,89,98,105,107,108,108,105,103,106,106,109,111,109,107,108,108,110,112,109,104,97,85,73,57,41,27,12,-7,-25,-44,-62,-75,-77,-78,-84,-85,-87,-103,-105,-105,-121,-116,-119,-124,-120,-123,-125,-124,-126,-127,-122,-114,-111,-110,-101,-90,-82,-72,-61,-53,-46,-38,-33,-29,-26,-23,-22,-20,-17,-15,-12,-9,-6,-4,-1,1,3,4,4,3,2,0,0,0,-1,-1,-1,-2,-2,-1,-1,-1,0,0,0,0,0,0
82,88,93,99,106,111,112,114,115,113,113,110,110,111,110,110,111,114,115,116,115,113,108,96,83,71,58,45,29,13,3,-10,-28,-44,-54,-63,-67,-63,-72,-83,-79,-92,-104,-97,-102,-104,-100,-106,-103,-101,-106,-108,-108,-112,-117,-120,-112,-102,-97,-92,-87,-83,-77,-70,-65,-61,-56,-51,-46,-41,-36,-31,-25,-20,-13,-7,-5,-4,-3,-4,-6,-6,-6,-6,-6,-6,-6,-5,-4,-4,-4,-3,-3,-4,-3,-3,-3,-3,-2,-2
62,80,91,101,112,123,127,127,126,126,126,128,132,136,136,134,131,126,122,117,112,110,109,102,94,89,81,69,54,38,21,3,-11,-24,-32,-40,-44,-41,-41,-48,-47,-53,-72,-66,-75,-90,-77,-84,-92,-91,-102,-109,-107,-108,-111,-114,-114,-113,-105,-102,-101,-95,-86,-82,-77,-69,-64,-61,-56,-53,-50,-44,-38,-35,-30,-24,-19,-16,-12,-10,-8,-6,-5,-4,-4,-4,-3,-3,-2,-2,-2,-1,-1,-2,-2,-1,-1,0,0,0
41,57,69,80,89,97,102,104,106,104,100,100,103,104,105,106,103,101,100,99,98,99,101,101,98,89,78,66,47,31,19,1,-17,-29,-41,-50,-56,-58,-58,-56,-54,-51,-54,-65,-68,-68,-82,-87,-93,-101,-97,-97,-100,-99,-102,-100,-95,-93,-89,-85,-86,-88,-87,-86,-85,-81,-77,-73,-68,-64,-59,-53,-47,-42,-38,-33,-28,-24,-20,-15,-12,-11,-8,-5,-5,-4,-3,-2,-2,-2,-2,-2,-2,-2,-2,-3,-2,-2,-1,0
66,71,80,92,101,112,118,121,123,121,115,112,109,104,100,95,92,94,99,104,109,111,113,114,110,104,97,85,68,52,41,24,5,-5,-16,-30,-37,-45,-44,-46,-56,-50,-56,-61,-54,-63,-71,-69,-75,-81,-82,-87,-93,-98,-103,-103,-102,-108,-112,-108,-96,-80,-74,-71,-61,-56,-51,-46,-43,-40,-36,-34,-32,-28,-22,-17,-14,-11,-7,-7,-7,-6,-7,-8,-8,-8,-8,-7,-7,-7,-6,-6,-5,-5,-4,-4,-3,-2,-1,0
83,98,110,115,115,114,112,111,106,101,97,94,91,89,87,88,89,93,97,98,97,96,94,89,83,73,56,41,28,10,-9,-24,-35,-43,-52,-57,-49,-51,-62,-57,-64,-72,-69,-77,-81,-81,-86,-94,-98,-104,-107,-110,-119,-130,-137,-138,-134,-131,-125,-116,-106,-98,-87,-76,-70,-66,-60,-55,-51,-44,-38,-32,-27,-22,-18,-14,-10,-7,-6,-4,-2,-2,-3,-2,-2,-3,-3,-3,-3,-4,-3,-3,-3,-3,-2,-2,-1,0,0,0
74,86,100,110,118,123,123,122,121,116,108,102,101,101,100,98,98,100,102,100,99,95,91,89,86,79,66,54,43,29,15,-1,-19,-32,-43,-51,-56,-57,-54,-55,-61,-70,-73,-77,-85,-86,-89,-96,-95,-100,-105,-109,-112,-116,-117,-120,-124,-122,-113,-109,-105,-96,-90,-84,-75,-65,-60,-56,-52,-49,-47,-41,-36,-32,-26,-20,-17,-12,-8,-5,-4,-1,-1,-1,-1,0,-1,-1,0,-1,-1,-1,-1,-1,-1,-1,-1,-1,0,0
49,70,88,100,113,123,127,129,128,125,119,112,108,105,101,97,92,90,90,90,87,87,87,88,85,79,74,68,56,41,29,11,-13,-30,-45,-57,-67,-73,-72,-68,-75,-77,-69,-74,-81,-82,-87,-92,-93,-96,-98,-101,-105,-109,-113,-119,-126,-127,-119,-106,-94,-93,-95,-92,-84,-75,-68,-64,-63,-61,-58,-54,-47,-40,-33,-26,-20,-15,-10,-8,-6,-5,-5,-4,-4,-4,-4,-3,-3,-3,-3,-3,-3,-4,-3,-3,-4,-3,-2,-2
58,68,81,94,106,114,121,124,123,118,115,111,105,99,97,95,93,95,97,97,97,99,101,101,102,100,93,79,64,43,23,6,-9,-20,-33,-45,-48,-51,-61,-61,-61,-69,-69,-77,-84,-73,-77,-80,-77,-83,-85,-87,-94,-91,-91,-95,-97,-94,-95,-91,-81,-73,-72,-74,-69,-61,-56,-52,-48,-46,-43,-39,-38,-36,-29,-24,-19,-15,-11,-9,-7,-4,-3,-4,-3,-2,-3,-4,-3,-3,-4,-4,-3,-4,-5,-4,-3,-3,-3,-1
71,80,91,103,108,113,115,111,105,101,97,95,95,97,97,98,98,99,100,104,106,110,109,102,96,85,68,50,27,2,-19,-37,-52,-63,-70,-73,-78,-91,-91,-99,-109,-96,-98,-98,-89,-89,-89,-90,-94,-95,-99,-106,-109,-112,-114,-112,-107,-101,-95,-85,-77,-74,-70,-64,-60,-57,-51,-47,-45,-39,-32,-29,-25,-18,-14,-12,-8,-5,-4,-3,-4,-6,-6,-5,-6,-6,-4,-3,-4,-4,-3,-3,-3,-3,-2,-2,-3,-2,-1,-1
40,47,54,60,65,66,65,66,67,64,61,60,57,57,57,57,57,59,60,64,69,72,75,82,86,88,84,76,67,53,32,9,-12,-34,-52,-67,-80,-81,-79,-88,-88,-88,-92,-92,-93,-93,-96,-92,-89,-92,-87,-91,-93,-92,-95,-96,-96,-96,-99,-99,-93,-91,-90,-85,-75,-70,-68,-65,-61,-54,-49,-47,-44,-38,-33,-31,-26,-21,-16,-13,-10,-8,-7,-6,-6,-5,-5,-4,-4,-4,-4,-4,-3,-3,-4,-4,-4,-4,-3,-2
74,81,90,99,103,107,111,114,111,107,102,100,101,97,95,94,97,100,104,108,109,102,86,67,43,14,-8,-31,-50,-59,-64,-65,-63,-66,-73,-78,-84,-99,-116,-111,-121,-130,-127,-131,-135,-137,-143,-149,-143,-135,-132,-125,-121,-117,-108,-97,-87,-77,-66,-56,-51,-48,-43,-40,-37,-31,-26,-22,-18,-15,-11,-7,-4,-1,0,2,3,3,5,4,4,3,3,2,1,0,0,-1,-2,-2,-1,-1,-1,0,0,0,0,0,0,1
59,75,90,106,123,133,144,152,154,151,148,145,141,139,135,131,128,125,127,129,127,127,132,131,121,111,95,73,48,30,10,-12,-22,-30,-40,-46,-50,-51,-60,-73,-75,-93,-96,-94,-106,-104,-108,-115,-119,-122,-127,-129,-135,-144,-149,-144,-136,-124,-111,-102,-97,-89,-78,-71,-66,-60,-58,-55,-47,-42,-38,-32,-26,-21,-15,-9,-5,-3,0,0,0,0,0,0,-2,-1,-1,-1,-1,-1,-2,-2,-2,-3,-3,-2,-2,-2,-1,-1
65,75,86,100,110,119,123,124,119,113,108,105,100,96,95,92,90,92,97,100,104,106,104,100,93,82,66,46,25,8,-11,-30,-42,-51,-63,-63,-56,-60,-58,-54,-61,-70,-74,-77,-75,-78,-82,-81,-84,-89,-91,-93,-96,-103,-106,-107,-113,-120,-121,-117,-111,-103,-93,-87,-81,-72,-65,-61,-55,-47,-41,-35,-30,-24,-19,-14,-9,-5,-3,-2,-2,-2,-1,-1,-2,-2,-2,-3,-3,-2,-3,-3,-2,-2,-3,-2,-1,-1,-1,0
60,74,83,93,103,111,114,114,110,106,103,100,99,100,100,100,103,108,116,123,126,128,132,130,123,113,98,78,52,29,13,-8,-32,-46,-56,-66,-65,-64,-68,-62,-64,-82,-83,-88,-93,-91,-95,-94,-86,-86,-85,-87,-90,-88,-87,-86,-83,-80,-82,-82,-80,-78,-76,-74,-70,-65,-60,-55,-50,-45,-40,-36,-31,-26,-22,-18,-13,-10,-7,-5,-3,-2,-2,-2,-1,-1,0,0,-1,-2,-1,-1,-2,-1,-1,-2,-2,-1,0,0
32,51,70,85,98,110,117,124,125,122,117,114,109,107,109,107,105,108,111,114,118,125,126,121,114,101,86,67,45,20,-1,-22,-43,-56,-63,-69,-77,-73,-71,-84,-88,-90,-102,-106,-98,-98,-99,-92,-96,-98,-96,-98,-101,-107,-117,-122,-122,-115,-108,-101,-93,-81,-74,-69,-60,-52,-47,-43,-41,-37,-34,-30,-25,-21,-18,-15,-12,-9,-7,-6,-6,-5,-5,-6,-5,-4,-4,-5,-3,-3,-4,-3,-3,-3,-2,-2,-3,-3,-1,-1
38,52,64,76,86,94,95,92,89,88,84,84,83,84,84,83,81,82,86,91,97,100,100,95,89,79,65,53,41,23,3,-14,-30,-45,-58,-63,-62,-61,-59,-56,-59,-67,-66,-67,-78,-82,-82,-88,-90,-87,-87,-92,-98,-103,-107,-112,-115,-112,-106,-101,-95,-87,-82,-74,-61,-53,-51,-47,-44,-41,-37,-32,-28,-24,-20,-14,-10,-7,-4,-1,0,0,0,-1,-1,-1,-2,-2,-2,-1,-2,-2,-2,-3,-2,-1,-1,-1,0,0
50,61,73,87,100,108,116,122,124,121,116,113,107,104,101,98,97,98,99,101,105,110,113,119,119,109,96,86,71,51,30,12,-9,-30,-39,-46,-55,-62,-66,-60,-52,-57,-59,-55,-62,-60,-56,-61,-62,-58,-65,-67,-69,-75,-78,-84,-89,-93,-99,-106,-115,-119,-115,-107,-102,-98,-92,-88,-86,-79,-72,-66,-60,-52,-46,-42,-35,-28,-23,-18,-13,-10,-7,-4,-3,-2,0,1,1,0,1,0,0,0,0,0,0,0,-1,-1
-140,-144,-144,-144,-119,-127,-102,-86,-72,-60,-50,-40,-32,-26,-22,-20,-18,-17,-15,-12,-8,-1,10,29,54,74,88,98,88,80,74,65,68,56,41,42,42,39,30,19,8,0,-3,-5,-6,-6,-6,-7,-7,-5,-4,-3,-3,-4,-5,-4,-4,-4,-3,-3,-3,-2,-2,-1,0,-1,-1,-2,-2,-2,-2,-1,-1,-1,-1,-1,-1,-1,-1,-1,-1,-1,-1,0,0,0,0,0,0,0,0,0,0,0,0,0,0,0,0,0
-30,-30,-38,-46,-63,-82,-96,-104,-94,-78,-67,-51,-46,-40,-35,-29,-24,-21,-18,-15,-12,-10,-8,-7,-5,-3,-1,0,2,7,22,53,81,102,111,108,98,90,79,62,45,34,31,24,15,9,8,8,5,1,-1,-2,-5,-8,-12,-14,-11,-9,-9,-10,-9,-7,-6,-5,-4,-3,-2,-2,-1,-1,-1,-1,-1,-1,0,0,-1,0,-1,-1,-1,-1,-1,-1,-1,-1,-1,0,0,0,0,0,0,0,0,0,0,0,0,0
-26,-42,-52,-53,-53,-52,-60,-82,-101,-106,-77,-78,-59,-54,-48,-44,-37,-31,-26,-20,-15,-12,-9,-7,-6,-4,-1,6,17,44,73,95,91,92,85,80,77,60,60,62,51,39,29,18,6,-4,-8,-7,-8,-10,-12,-11,-10,-10,-9,-7,-7,-6,-4,-2,-2,-1,0,1,1,1,1,0,0,0,-1,-1,-1,-2,-2,-2,-2,-2,-2,-1,-1,-1,-1,0,0,0,0,0,0,0,0,0,0,0,0,0,0,-1,-1,-1
-3,-7,-19,-35,-53,-68,-81,-81,-79,-65,-72,-52,-38,-28,-19,-13,-3,12,37,67,66,61,59,35,33,51,34,19,30,50,54,50,45,43,43,41,38,33,26,19,12,8,5,4,3,2,2,3,3,4,4,3,2,2,1,0,0,0,0,0,0,0,0,0,-1,-1,-1,-1,-1,-1,-1,0,0,0,0,0,0,0,0,0,0,0,0,0,-1,-1,-1,0,0,-1,0,0,0,0,0,0,0,0,0,0
-20,-34,-46,-57,-66,-74,-83,-97,-102,-81,-83,-72,-47,-36,-27,-24,-19,-12,-8,-2,11,33,64,90,108,105,102,82,62,64,62,46,30,18,7,0,-3,-4,-4,-4,-7,-8,-7,-6,-4,-4,-3,0,3,6,8,9,8,7,6,4,4,4,3,2,2,2,2,1,0,0,-1,-1,-1,-1,-1,-1,-1,-1,0,0,0,-1,-1,-1,-1,-1,-1,-1,-1,-1,-1,-1,-1,-1,0,0,0,0,0,0,0,0,0,0
-38,-39,-43,-56,-72,-88,-100,-106,-110,-67,-86,-55,-42,-29,-26,-23,-17,-11,-1,14,36,57,78,85,70,61,62,58,60,55,57,67,60,47,37,29,23,18,11,4,0,-2,-1,-1,-2,-2,-1,0,0,-1,-2,-2,-3,-5,-6,-6,-5,-5,-4,-4,-3,-3,-3,-3,-4,-4,-4,-4,-4,-3,-3,-3,-3,-3,-2,-2,-2,-2,-1,-1,-1,-1,-1,-1,-1,-1,-1,-1,-1,-1,0,0,0,0,0,0,0,0,0,0
-29,-45,-54,-58,-66,-73,-75,-72,-71,-68,-51,-42,-28,-22,-15,-15,-14,-8,-5,-5,-3,0,6,12,24,41,67,85,98,95,87,101,92,78,81,74,62,52,41,31,20,12,6,0,-6,-9,-10,-10,-8,-7,-5,-4,-4,-5,-5,-4,-4,-4,-5,-5,-4,-3,-3,-2,-2,-1,-1,-1,-2,-2,-2,-2,-2,-2,-2,-1,-1,-1,-1,-1,-1,-1,-1,-1,-1,0,0,0,0,0,0,0,0,-1,-1,-1,-1,-1,0,0
-20,-29,-40,-47,-58,-73,-83,-85,-79,-77,-77,-71,-66,-53,-34,-26,-21,-15,-11,-6,0,7,17,30,48,76,100,105,116,117,106,101,80,65,63,57,46,34,24,16,10,4,-1,-7,-11,-14,-16,-16,-15,-14,-13,-11,-9,-8,-7,-7,-7,-7,-6,-5,-5,-4,-3,-2,-2,-1,-1,-2,-2,-3,-3,-3,-3,-3,-2,-2,-1,-1,-1,-1,-1,-1,0,0,0,0,0,0,0,-1,0,0,0,0,0,0,0,0,0,0
-30,-38,-54,-70,-81,-92,-97,-91,-84,-63,-74,-65,-51,-42,-36,-32,-27,-21,-17,-15,-13,-13,-9,6,38,67,77,79,74,85,83,70,72,73,68,57,43,33,24,19,13,6,-1,-8,-11,-10,-8,-7,-6,-6,-7,-7,-6,-6,-5,-3,-3,-2,-1,-1,0,0,0,0,0,0,-1,-2,-2,-2,-2,-2,-2,-2,-2,-2,-2,-2,-1,-1,-1,-1,-1,-1,-1,0,0,0,0,0,0,0,0,0,0,0,-1,-1,0,-1
-16,-19,-20,-20,-24,-34,-48,-59,-62,-66,-70,-54,-48,-55,-36,-26,-22,-19,-16,-10,-5,-3,-1,2,5,7,16,38,63,84,107,125,129,128,116,102,87,75,66,53,36,25,17,9,2,-3,-8,-11,-13,-15,-14,-12,-11,-11,-11,-11,-9,-8,-8,-7,-6,-5,-4,-3,-3,-2,-2,-1,-1,-1,-1,-2,-2,-2,-2,-2,-2,-2,-1,-1,-1,-1,-1,-1,0,0,0,0,0,0,0,0,0,0,-1,-1,-1,-1,-1,-1
-44,-50,-54,-64,-73,-83,-94,-101,-102,-90,-85,-65,-67,-48,-41,-37,-33,-27,-21,-15,-12,-9,-7,-4,-1,1,14,41,68,70,81,102,102,108,118,112,112,113,99,84,72,56,36,22,11,2,-3,-7,-11,-15,-18,-17,-15,-12,-11,-11,-10,-9,-8,-6,-5,-5,-4,-3,-3,-4,-3,-3,-3,-2,-2,-3,-2,-2,-3,-3,-2,-2,-2,-2,-2,-2,-2,-1,-2,-2,-2,-2,-1,-1,-1,-1,-1,-1,-1,-1,-1,-1,-1,-1
-27,-35,-37,-54,-81,-95,-100,-117,-121,-107,-68,-74,-55,-43,-39,-35,-31,-25,-19,-15,-10,-4,1,4,9,28,59,86,110,129,123,106,100,87,72,73,72,56,45,38,31,26,24,21,16,11,7,4,2,2,1,0,-1,-2,-1,-1,0,0,0,0,0,0,0,0,0,0,0,0,0,0,-1,-1,-1,-1,-2,-2,-2,-3,-3,-3,-3,-3,-3,-3,-3,-2,-2,-2,-1,-1,-1,-1,-1,-1,-1,-1,-1,0,0,-1
-44,-43,-42,-44,-53,-65,-79,-91,-102,-113,-80,-64,-86,-74,-59,-56,-55,-49,-41,-35,-30,-26,-22,-19,-16,-14,-11,-1,18,35,54,82,106,117,130,142,131,119,111,101,85,66,50,36,22,13,8,7,5,5,5,4,4,3,1,0,0,-1,0,0,2,3,4,5,7,8,8,8,7,5,4,3,1,0,0,-1,-1,-1,-2,-2,-2,-1,-1,-1,-1,-1,0,0,0,0,0,0,0,0,-1,-1,-1,-1,-1,-1
-44,-40,-41,-47,-62,-81,-99,-108,-105,-99,-106,-86,-82,-61,-45,-36,-28,-22,-16,-9,-5,-3,-1,3,10,21,35,53,68,77,98,119,132,134,123,109,96,86,71,59,51,41,28,14,2,-4,-6,-6,-6,-8,-8,-8,-7,-5,-4,-4,-4,-3,-2,-2,-1,0,0,0,1,1,1,1,0,0,0,0,0,-1,0,-1,-1,0,0,0,0,0,0,0,0,0,0,0,0,0,0,-1,-1,-1,-1,-1,-1,-1,-1,-1
-45,-49,-59,-73,-84,-93,-97,-91,-85,-92,-74,-71,-56,-36,-29,-26,-21,-17,-11,-3,0,1,8,30,53,65,86,108,114,123,121,100,99,112,106,90,77,66,54,39,26,16,8,2,-3,-8,-10,-10,-10,-9,-7,-5,-4,-3,-2,-2,-1,-1,-1,-1,-1,0,0,0,-1,-1,-1,-2,-2,-2,-2,-1,-1,-1,0,0,0,0,0,0,0,0,0,0,0,0,0,0,0,-1,-1,-1,-1,-1,-1,0,0,0,0,0
-46,-46,-45,-43,-48,-57,-65,-77,-87,-91,-89,-90,-78,-60,-55,-42,-30,-24,-19,-15,-10,-4,3,14,31,53,72,97,116,116,118,104,87,87,82,66,57,53,43,30,21,16,14,12,10,8,8,7,7,7,6,5,4,3,1,1,0,0,0,0,0,0,0,1,1,0,0,0,-1,-2,-2,-2,-2,-2,-2,-1,-1,-1,-1,0,0,0,0,-1,-1,-1,-1,-2,-2,-1,-1,-2,-1,-1,-2,-1,-1,-1,-1,-1
-56,-71,-80,-81,-81,-84,-85,-87,-86,-77,-66,-57,-65,-43,-39,-39,-34,-30,-25,-18,-12,-5,9,34,55,76,99,103,100,114,116,103,97,92,91,84,70,54,38,24,14,6,1,-2,-5,-8,-9,-10,-9,-8,-6,-4,-2,-1,0,1,1,1,1,1,1,0,0,0,0,0,0,-1,-1,-1,-1,-2,-2,-1,-1,-1,-1,-1,-1,-1,-1,-1,0,0,0,0,0,0,0,0,0,0,0,0,0,0,0,0,0,0
-52,-56,-56,-65,-82,-97,-106,-104,-96,-91,-73,-69,-63,-43,-35,-30,-25,-18,-10,-1,10,26,50,78,102,122,129,128,111,92,82,68,60,59,52,44,42,42,39,33,24,16,9,4,0,-1,-3,-3,-2,-2,-1,0,0,0,0,0,-1,-1,-2,-2,-2,-2,-3,-3,-3,-3,-3,-3,-3,-3,-2,-2,-2,-1,-1,-1,0,0,0,0,0,0,0,0,0,0,0,0,0,0,0,0,0,0,0,0,0,0,0,0
-41,-57,-68,-77,-88,-99,-100,-95,-101,-76,-78,-57,-45,-39,-32,-27,-19,-10,-5,0,12,38,55,68,92,112,120,133,120,108,107,98,85,86,88,82,70,60,51,42,29,17,7,0,-4,-8,-11,-12,-11,-9,-6,-3,-1,-1,-1,-2,-2,-2,-2,-2,-2,-2,-1,-1,-2,-2,-2,-3,-3,-3,-2,-2,-2,-2,-2,-2,-2,-3,-2,-2,-2,-2,-1,-1,-1,-1,-1,-1,-1,-1,-1,-1,-1,-1,-1,0,0,0,0,0
-27,-39,-42,-50,-69,-93,-113,-116,-104,-77,-66,-48,-37,-30,-24,-19,-11,-2,9,26,50,78,95,93,95,107,106,107,100,86,79,67,58,56,50,43,37,31,23,15,9,6,4,1,0,-2,-1,0,3,6,8,9,9,8,6,5,3,2,0,0,-1,-1,-1,-1,-1,-1,-1,-1,-1,-1,-1,-1,-1,-1,-1,-1,-2,-2,-3,-3,-3,-2,-2,-2,-1,-1,-1,-1,-1,-1,0,0,0,0,0,0,0,0,0,0
-11,18,39,50,63,75,79,80,80,80,74,64,50,32,9,-14,-34,-60,-88,-93,-92,-100,-103,-110,-119,-121,-118,-113,-103,-94,-83,-68,-54,-42,-29,-20,-17,-17,-18,-18,-17,-17,-18,-18,-19,-19,-20,-20,-20,-20,-20,-21,-23,-29,-36,-39,-39,-38,-36,-34,-32,-30,-28,-26,-23,-20,-18,-16,-15,-13,-12,-12,-12,-13,-14,-16,-17,-19,-21,-22,-24,-25,-26,-26,-27,-26,-25,-24,-22,-21,-21,-20,-19,-19,-19,-19,-19,-19,-20,-20
-76,-89,-97,-112,-131,-143,-147,-149,-153,-154,-141,-119,-103,-90,-77,-61,-42,-23,-7,9,23,34,42,49,60,71,75,77,83,88,90,92,100,112,128,129,98,57,29,19,15,10,3,-5,-14,-19,-20,-16,-11,-9,-10,-12,-14,-15,-16,-17,-18,-18,-18,-17,-17,-17,-17,-17,-17,-18,-19,-20,-21,-22,-23,-23,-23,-23,-22,-21,-21,-20,-20,-20,-20,-20,-20,-20,-20,-20,-20,-20,-19,-18,-18,-19,-19,-19,-19,-19,-20,-20,-19,-20
-87,-112,-134,-145,-150,-149,-140,-126,-116,-108,-90,-68,-49,-31,-16,-5,2,8,15,24,32,36,38,44,49,49,45,40,36,33,29,27,25,24,23,22,21,19,15,10,6,3,2,1,0,0,-1,-3,-4,-6,-8,-11,-13,-16,-17,-18,-18,-18,-17,-17,-16,-16,-16,-16,-16,-17,-17,-17,-17,-18,-18,-18,-18,-19,-19,-19,-20,-20,-20,-20,-20,-20,-20,-20,-19,-19,-19,-19,-19,-19,-19,-19,-19,-19,-19,-19,-19,-19,-20,-20
-84,-106,-127,-126,-108,-70,-32,-19,-12,-8,1,12,20,27,29,24,18,14,8,0,-8,-14,-22,-31,-42,-51,-60,-67,-72,-74,-72,-69,-66,-63,-62,-60,-57,-54,-53,-52,-51,-51,-51,-51,-52,-52,-51,-49,-46,-43,-39,-34,-31,-28,-26,-25,-25,-25,-25,-25,-25,-25,-25,-24,-24,-24,-23,-23,-23,-23,-24,-23,-23,-22,-20,-18,-16,-14,-13,-13,-14,-15,-16,-17,-19,-20,-21,-21,-21,-21,-20,-20,-20,-19,-19,-20,-20,-20,-20,-20
13,44,37,9,0,0,0,1,1,-1,-8,-16,-20,-24,-26,-29,-32,-36,-41,-45,-46,-46,-46,-46,-50,-54,-54,-50,-46,-43,-40,-38,-36,-33,-30,-26,-24,-23,-23,-22,-23,-23,-23,-22,-22,-21,-20,-20,-19,-19,-19,-19,-19,-19,-20,-20,-20,-20,-20,-20,-20,-20,-20,-20,-20,-20,-20,-20,-20,-19,-19,-19,-18,-18,-18,-18,-19,-20,-20,-21,-21,-21,-21,-21,-21,-20,-19,-19,-19,-19,-19,-20,-20,-20,-20,-21,-20,-20,-20,-20
-87,-112,-97,-56,-24,10,22,6,-14,-28,-29,-17,-1,8,13,16,20,21,22,27,34,42,44,36,27,21,18,14,10,7,4,1,0,0,-1,-3,-5,-8,-11,-14,-16,-17,-17,-17,-17,-17,-17,-17,-17,-18,-18,-19,-19,-20,-20,-20,-20,-20,-20,-20,-19,-19,-19,-19,-19,-19,-20,-20,-20,-20,-20,-20,-20,-21,-21,-22,-22,-22,-21,-21,-20,-19,-19,-18,-19,-18,-19,-19,-19,-20,-20,-19,-19,-19,-19,-19,-19,-19,-19,-19
-13,21,11,-23,-25,-12,-20,-28,-20,-6,5,7,4,0,-5,-15,-27,-37,-46,-50,-49,-44,-41,-39,-38,-36,-35,-34,-33,-31,-28,-26,-25,-23,-22,-21,-19,-18,-17,-17,-17,-17,-18,-19,-19,-19,-19,-19,-19,-19,-19,-18,-18,-19,-19,-19,-19,-20,-20,-20,-20,-20,-20,-19,-19,-19,-19,-19,-19,-19,-20,-20,-20,-20,-20,-20,-20,-20,-20,-20,-20,-20,-20,-20,-20,-20,-20,-20,-20,-20,-21,-20,-20,-20,-20,-20,-20,-20,-20,-20
-31,-44,-60,-71,-69,-55,-37,-22,-12,-3,1,0,0,-1,-2,-3,-5,-7,-12,-19,-27,-35,-42,-50,-59,-63,-60,-53,-46,-41,-37,-31,-25,-18,-12,-11,-10,-11,-13,-16,-19,-23,-26,-29,-30,-31,-32,-31,-30,-28,-26,-23,-21,-20,-18,-17,-17,-18,-17,-17,-18,-18,-19,-19,-20,-20,-21,-22,-22,-22,-21,-20,-19,-18,-18,-18,-17,-18,-18,-19,-19,-20,-20,-20,-21,-21,-22,-21,-21,-21,-20,-20,-20,-20,-20,-21,-21,-21,-21,-21
-30,-37,-50,-63,-70,-68,-60,-52,-47,-45,-43,-40,-37,-32,-27,-23,-19,-17,-18,-19,-20,-21,-22,-23,-23,-22,-22,-21,-21,-21,-21,-22,-22,-23,-23,-23,-23,-23,-23,-23,-23,-23,-22,-22,-22,-22,-22,-22,-22,-21,-21,-20,-20,-20,-20,-20,-20,-20,-20,-20,-20,-20,-20,-20,-20,-19,-19,-19,-19,-19,-19,-19,-19,-20,-20,-20,-20,-20,-20,-20,-20,-20,-20,-20,-20,-20,-20,-20,-19,-19,-19,-19,-19,-19,-20,-20,-20,-20,-21,-21
-81,-99,-123,-144,-162,-177,-179,-168,-150,-130,-114,-99,-89,-81,-72,-59,-42,-31,-27,-17,0,10,25,52,78,98,111,119,122,120,114,104,90,74,61,52,44,37,29,22,15,10,6,2,0,-4,-7,-10,-11,-12,-13,-12,-12,-11,-11,-10,-10,-11,-11,-12,-14,-16,-17,-19,-20,-21,-21,-22,-22,-23,-23,-24,-24,-24,-25,-26,-26,-26,-26,-25,-25,-25,-25,-25,-25,-24,-24,-24,-24,-24,-23,-23,-22,-22,-22,-22,-22,-22,-22,-22
-85,-107,-127,-143,-155,-167,-180,-188,-188,-184,-178,-168,-154,-137,-122,-105,-85,-62,-38,-16,9,38,66,88,105,118,127,131,129,127,123,117,109,100,90,78,65,53,41,31,22,14,7,0,-7,-14,-18,-21,-22,-22,-22,-21,-21,-20,-19,-19,-18,-18,-18,-18,-19,-19,-19,-19,-18,-19,-19,-19,-19,-18,-18,-19,-19,-19,-19,-21,-22,-22,-21,-21,-20,-20,-19,-19,-19,-19,-19,-20,-21,-21,-22,-22,-22,-21,-21,-21,-20,-20,-20,-21
-85,-104,-117,-126,-125,-113,-97,-85,-76,-67,-57,-49,-39,-29,-21,-15,-11,-10,-11,-13,-17,-19,-21,-22,-22,-22,-22,-22,-21,-19,-17,-17,-17,-17,-17,-18,-18,-18,-19,-20,-20,-21,-21,-21,-20,-20,-20,-20,-20,-20,-20,-20,-20,-20,-19,-19,-19,-19,-19,-20,-20,-19,-19,-18,-18,-18,-18,-18,-19,-19,-19,-19,-19,-19,-20,-19,-19,-19,-19,-19,-19,-19,-19,-19,-19,-19,-19,-19,-19,-19,-19,-19,-19,-19,-19,-19,-19,-19,-19,-19
-19,-5,12,19,17,0,-18,-29,-29,-24,-19,-16,-17,-20,-22,-21,-18,-14,-12,-12,-13,-15,-15,-15,-16,-17,-17,-18,-17,-17,-18,-18,-18,-18,-18,-18,-17,-17,-16,-16,-16,-16,-16,-16,-16,-16,-15,-15,-15,-15,-15,-15,-16,-16,-16,-17,-17,-18,-18,-19,-19,-19,-20,-20,-20,-20,-20,-20,-20,-20,-21,-21,-21,-21,-21,-20,-20,-20,-20,-20,-20,-20,-20,-20,-20,-20,-20,-20,-20,-21,-21,-21,-21,-21,-21,-21,-20,-20,-20,-20
-85,-92,-87,-78,-69,-59,-47,-36,-28,-22,-17,-13,-8,-4,-1,0,4,4,1,-1,-3,-3,-2,-1,-2,-5,-10,-14,-17,-19,-21,-20,-19,-19,-20,-20,-19,-19,-18,-18,-17,-16,-15,-14,-13,-12,-12,-13,-13,-14,-15,-16,-17,-17,-17,-17,-17,-17,-17,-17,-17,-17,-18,-18,-18,-19,-19,-20,-20,-20,-20,-20,-19,-19,-19,-19,-19,-19,-19,-20,-20,-20,-20,-20,-20,-20,-20,-20,-20,-20,-21,-21,-21,-21,-21,-20,-20,-20,-19,-19
-65,-93,-118,-127,-109,-82,-63,-53,-44,-32,-15,1,14,22,25,25,25,24,23,24,21,16,11,9,6,4,1,-1,-5,-8,-10,-11,-12,-12,-13,-13,-13,-14,-14,-15,-16,-17,-17,-16,-16,-17,-17,-17,-17,-17,-18,-18,-18,-18,-18,-19,-19,-19,-19,-19,-19,-19,-19,-19,-18,-18,-18,-19,-19,-20,-20,-20,-20,-21,-21,-21,-21,-21,-21,-21,-20,-20,-20,-20,-20,-20,-20,-20,-21,-21,-21,-21,-21,-21,-21,-21,-21,-21,-20,-20
-59,-68,-73,-77,-74,-64,-53,-47,-38,-23,-12,-5,2,11,15,17,17,14,5,-3,-7,-7,-7,-8,-9,-9,-8,-8,-8,-10,-11,-12,-12,-13,-15,-16,-17,-18,-18,-19,-18,-18,-18,-18,-18,-18,-18,-18,-18,-18,-19,-19,-19,-19,-20,-20,-19,-19,-20,-20,-20,-20,-20,-20,-20,-20,-20,-20,-19,-19,-19,-19,-19,-19,-19,-19,-19,-19,-19,-19,-18,-18,-18,-18,-18,-18,-18,-18,-19,-19,-19,-19,-20,-19,-19,-20,-20,-20,-20,-20
-86,-109,-132,-151,-168,-178,-182,-182,-174,-157,-136,-107,-78,-63,-50,-31,-10,7,25,44,64,83,98,110,122,129,130,129,120,105,86,69,52,36,21,8,-1,-7,-11,-13,-15,-18,-20,-21,-20,-18,-17,-16,-15,-15,-15,-15,-15,-15,-16,-16,-17,-18,-19,-19,-20,-20,-20,-20,-19,-19,-19,-19,-19,-19,-19,-19,-20,-20,-20,-20,-20,-20,-20,-19,-19,-20,-20,-20,-20,-21,-21,-21,-20,-20,-20,-20,-20,-20,-20,-20,-20,-21,-21,-21
85,106,123,137,132,124,116,107,96,79,62,45,30,13,-9,-37,-67,-96,-121,-142,-160,-174,-188,-199,-209,-211,-214,-214,-206,-194,-182,-169,-155,-141,-125,-106,-89,-75,-62,-48,-33,-18,-2,8,13,13,13,12,11,10,8,6,4,2,0,-5,-9,-11,-13,-15,-17,-19,-19,-19,-19,-19,-19,-18,-18,-17,-17,-17,-17,-17,-17,-17,-17,-18,-18,-19,-19,-20,-20,-20,-20,-20,-20,-20,-19,-19,-19,-18,-18,-18,-18,-18,-18,-18,-18,-18
86,102,93,102,113,110,98,90,82,68,50,29,8,-7,-23,-36,-48,-64,-80,-96,-114,-127,-133,-137,-137,-133,-129,-123,-116,-108,-103,-101,-98,-92,-87,-81,-75,-69,-64,-56,-46,-38,-31,-25,-19,-16,-15,-13,-12,-11,-12,-14,-15,-16,-16,-16,-17,-18,-18,-18,-18,-17,-17,-17,-17,-16,-16,-16,-17,-17,-17,-17,-17,-18,-18,-18,-18,-18,-18,-19,-19,-19,-19,-19,-20,-20,-20,-20,-20,-20,-20,-20,-20,-20,-20,-20,-20,-20,-20,-20
83,104,99,96,110,116,119,118,108,89,66,42,19,-3,-27,-51,-71,-90,-107,-118,-123,-128,-132,-135,-134,-134,-132,-130,-129,-126,-120,-116,-110,-101,-93,-84,-72,-61,-52,-46,-40,-36,-34,-30,-27,-24,-23,-23,-21,-19,-17,-17,-16,-15,-15,-15,-14,-13,-14,-14,-15,-14,-13,-13,-12,-11,-10,-10,-11,-12,-13,-15,-16,-17,-18,-18,-18,-17,-15,-14,-12,-10,-9,-9,-10,-11,-13,-15,-16,-18,-19,-19,-20,-20,-20,-20,-19,-18,-19,-19
18,12,15,27,36,45,53,59,62,62,63,63,58,48,48,48,55,55,50,65,82,76,74,74,58,32,4,-15,-24,-27,-24,-18,-19,-35,-42,-38,-33,-31,-35,-30,-17,0,20,37,46,49,50,54,50,45,38,42,46,35,23,10,-4,-15,-22,-23,-33,-32,-23,-27,-28,-26,-31,-34,-42,-58,-67,-64,-60,-56,-47,-42,-39,-36,-31,-32,-40,-47,-68,-68,-42,-23,-15,-11,-9,-9,-10,-15,-18,-19,-21,-25,-27,-23,-19,-15
0,3,8,12,19,27,35,46,57,64,67,64,54,45,48,49,46,41,37,40,38,36,43,57,57,49,37,18,1,-4,0,7,8,7,-7,-16,-20,-20,-19,-19,-23,-19,-1,21,34,37,34,30,23,12,15,36,40,36,28,20,8,0,-6,-12,-8,-15,-23,-22,-34,-38,-27,-32,-38,-32,-34,-40,-40,-43,-57,-62,-60,-56,-60,-84,-73,-51,-36,-20,2,4,0,-4,-8,-9,-11,-15,-17,-22,-27,-26,-22,-19,-16,-13
0,3,9,16,24,33,42,50,59,67,69,65,57,52,49,49,52,46,41,40,39,34,32,38,40,37,30,19,4,-7,-13,-11,1,-1,-11,-14,-10,-6,0,15,17,7,8,29,40,38,36,35,25,8,3,12,22,26,20,16,3,-9,-8,-14,-30,-32,-33,-42,-46,-47,-53,-50,-46,-64,-76,-65,-54,-47,-44,-48,-57,-65,-73,-60,-36,-21,-18,-15,-10,-8,-11,-13,-15,-18,-21,-23,-23,-19,-16,-13,-12,-12,-11,-9
-1,8,11,13,23,31,39,50,60,64,64,63,58,48,47,52,49,41,41,41,35,36,35,36,39,39,28,8,-5,-9,-4,4,15,13,2,-1,-4,-4,-2,0,-7,2,20,35,45,45,38,29,21,19,32,43,40,33,29,15,5,3,-7,-8,-18,-34,-29,-32,-35,-28,-35,-39,-37,-45,-45,-36,-30,-28,-26,-32,-50,-79,-72,-27,-13,-14,-9,0,1,-3,-9,-13,-11,-10,-13,-19,-17,-12,-10,-10,-10,-9,-7,-4
5,9,14,18,24,34,45,56,65,73,77,74,70,64,55,56,59,59,48,48,62,64,55,54,53,43,30,16,0,-14,-12,8,18,19,11,-2,-10,-19,-21,-21,-13,-26,-31,-9,4,10,14,16,12,2,-5,-3,9,19,21,20,16,2,-11,-13,-13,-26,-32,-35,-45,-47,-45,-44,-44,-51,-55,-53,-50,-38,-23,-16,-18,-40,-70,-57,-30,-17,-14,-9,-5,-4,-5,-8,-10,-14,-18,-18,-18,-18,-16,-13,-11,-10,-9,-7
-4,-1,2,12,20,24,32,40,48,55,62,65,58,50,47,46,49,51,47,39,34,33,37,48,52,50,40,24,10,-2,-7,0,12,13,3,7,8,2,0,-2,-14,-11,1,12,19,21,19,18,10,0,2,11,16,17,15,9,3,-1,-3,-4,-5,-8,-12,-10,-14,-26,-31,-35,-48,-60,-74,-82,-83,-86,-86,-77,-64,-53,-51,-53,-52,-47,-41,-32,-24,-20,-17,-17,-17,-18,-22,-27,-29,-28,-26,-23,-18,-15,-12,-8
18,17,20,22,23,34,48,58,66,72,73,66,58,59,69,71,70,74,84,78,71,68,57,45,30,11,-5,-11,-6,3,12,6,-1,0,0,-7,-8,-7,-1,4,12,22,20,17,19,13,12,21,29,35,35,26,16,4,-6,-15,-21,-21,-22,-24,-21,-21,-20,-16,-21,-29,-35,-41,-44,-48,-57,-71,-81,-77,-69,-59,-50,-42,-41,-44,-47,-43,-38,-28,-22,-12,-7,-5,-5,-6,-10,-14,-18,-21,-24,-22,-17,-15,-13,-11
-15,-4,2,7,15,25,36,49,61,68,69,63,56,53,52,51,48,46,43,43,44,49,55,54,45,34,21,6,-1,-1,9,20,18,11,5,3,-4,-4,-4,-7,5,22,32,41,44,40,35,23,9,0,2,12,15,6,-7,-13,-14,-15,-11,-10,-13,-15,-20,-34,-46,-56,-67,-69,-74,-83,-85,-88,-90,-84,-77,-76,-69,-56,-47,-41,-35,-29,-25,-20,-17,-14,-13,-16,-20,-23,-23,-20,-17,-15,-11,-8,-7,-4,0,3
-1,2,6,14,22,32,43,53,60,62,59,53,46,40,42,45,46,45,46,55,55,50,42,35,28,15,2,-1,4,18,25,29,27,26,32,34,45,46,39,51,52,48,46,40,28,17,13,19,27,30,26,14,5,-5,-16,-23,-23,-20,-27,-37,-53,-77,-85,-86,-92,-92,-88,-86,-89,-87,-75,-60,-51,-50,-56,-68,-74,-67,-54,-45,-38,-32,-26,-19,-13,-5,-2,-2,-3,-3,-2,-2,-3,-4,-6,-6,-7,-6,-6,-6
19,23,26,33,41,53,67,76,81,79,73,63,52,43,37,45,58,51,48,55,53,44,43,37,26,14,2,-4,-7,-1,16,24,18,14,14,16,8,10,8,16,26,33,41,38,30,25,16,5,-4,-11,-9,-2,5,3,-4,-12,-17,-19,-20,-15,-10,-11,-8,-2,-10,-15,-15,-24,-32,-52,-80,-92,-100,-99,-87,-76,-68,-62,-59,-62,-61,-53,-45,-35,-29,-26,-22,-18,-16,-18,-20,-23,-26,-30,-31,-28,-23,-18,-15,-13
10,16,16,23,32,41,49,56,61,63,61,58,52,45,35,28,30,29,25,24,29,41,44,41,45,45,35,21,8,1,1,1,0,3,11,11,9,4,6,10,15,12,16,38,59,68,69,61,53,45,30,15,15,23,22,14,6,-1,-7,-14,-18,-12,-8,-14,-21,-29,-39,-43,-51,-64,-72,-82,-97,-111,-112,-100,-84,-75,-69,-64,-66,-65,-54,-43,-43,-40,-32,-21,-16,-18,-21,-23,-25,-30,-31,-26,-21,-19,-16,-14
21,17,13,21,31,40,51,61,64,63,58,53,49,46,41,41,53,66,62,59,66,56,36,30,29,18,9,7,8,15,26,29,24,24,21,32,39,51,45,38,52,55,55,57,49,34,23,21,24,25,27,28,23,11,1,-2,-4,-9,-9,-8,-20,-26,-28,-41,-60,-81,-95,-102,-103,-96,-88,-80,-71,-59,-53,-52,-49,-43,-42,-45,-41,-36,-33,-30,-28,-28,-31,-33,-36,-40,-39,-33,-27,-21,-16,-12,-7,-2,1,5
6,9,14,18,26,35,47,56,60,62,62,61,59,56,56,60,56,51,64,59,49,49,50,43,43,42,30,16,8,9,17,29,40,51,45,31,25,23,10,4,6,10,8,7,12,18,20,16,11,17,20,15,13,12,6,-2,-9,-14,-13,-7,-4,-9,-17,-28,-39,-45,-59,-76,-84,-89,-87,-79,-74,-68,-62,-61,-63,-62,-58,-55,-50,-44,-37,-30,-20,-13,-10,-12,-15,-17,-20,-25,-29,-31,-29,-25,-19,-12,-6,-3
8,14,20,26,35,49,63,70,73,74,72,68,65,68,65,56,40,26,18,20,39,56,75,88,94,103,104,102,82,73,65,51,33,18,13,17,27,29,27,16,1,-6,-19,-28,-31,-39,-41,-45,-63,-68,-68,-58,-46,-39,-32,-28,-28,-29,-28,-26,-25,-23,-18,-8,-3,-1,-1,0,-1,-2,-3,-6,-7,-6,-6,-6,-6,-5,-4,-5,-5,-4,-3,-3,-3,-2,-2,-2,-2,-2,-2,-3,-3,-3,-3,-4,-4,-4,-4,-6
-30,-33,-33,-30,-24,-17,-10,-1,9,23,31,45,49,46,42,37,40,37,24,26,35,29,25,28,17,4,-1,0,10,26,28,21,16,12,17,15,14,18,24,29,40,50,45,38,36,30,26,21,21,30,40,40,31,14,-5,-17,-27,-38,-44,-54,-60,-59,-75,-81,-77,-70,-63,-57,-50,-38,-26,-23,-23,-20,-32,-48,-49,-38,-28,-20,-15,-16,-20,-22,-23,-22,-19,-15,-14,-13,-11,-11,-12,-12,-11,-10,-9,-8,-6,-6
6,6,10,13,18,27,33,37,43,50,56,61,65,65,62,53,46,47,50,42,29,15,5,6,12,14,13,13,12,8,9,15,18,12,5,0,0,-1,-3,-9,-8,3,13,21,22,20,19,22,29,35,44,48,40,23,9,-3,-20,-32,-40,-52,-62,-64,-67,-68,-65,-59,-60,-70,-62,-44,-35,-36,-36,-39,-41,-37,-33,-25,-18,-15,-16,-17,-18,-17,-17,-19,-22,-23,-22,-22,-20,-16,-12,-8,-6,-6,-7,-7,-7,-8
9,15,20,23,32,43,52,61,70,77,80,76,69,62,61,60,50,35,34,29,18,22,24,21,21,16,0,-17,-21,-16,-15,-11,-9,-11,-12,-12,-20,-22,-21,-12,4,31,54,61,60,61,59,51,43,41,40,38,37,31,19,13,5,-3,-11,-16,-19,-26,-28,-31,-45,-61,-58,-58,-59,-57,-58,-66,-76,-68,-54,-46,-41,-38,-34,-27,-21,-18,-16,-14,-15,-20,-24,-27,-29,-32,-35,-34,-30,-27,-24,-20,-15,-10,-6,-3
-16,-7,3,6,14,25,35,43,49,52,53,51,49,53,60,70,66,61,57,49,42,49,52,39,19,4,0,4,13,23,16,5,5,0,-1,-10,-13,-9,0,16,28,29,28,26,15,7,11,17,19,22,21,19,12,2,-10,-13,-13,-19,-19,-23,-39,-55,-68,-81,-86,-86,-85,-83,-78,-66,-53,-49,-45,-38,-36,-36,-32,-26,-23,-20,-16,-17,-18,-18,-19,-20,-22,-22,-20,-18,-17,-14,-11,-8,-6,-3,-1,-1,0,-1
18,23,27,31,36,41,48,53,55,56,54,53,51,51,49,45,41,36,34,41,40,38,32,30,28,24,24,24,18,13,12,10,9,12,16,15,8,2,0,1,0,2,2,-15,-6,14,26,32,34,34,36,34,31,24,14,8,7,6,-1,-13,-23,-34,-48,-58,-60,-66,-67,-63,-59,-55,-50,-49,-49,-44,-36,-29,-21,-14,-10,-9,-9,-7,-5,-6,-9,-11,-12,-14,-14,-13,-13,-12,-11,-9,-7,-5,-5,-5,-5,-6
-6,-6,0,5,13,19,25,32,39,41,38,37,35,31,29,31,32,26,19,18,22,24,20,15,5,-12,-32,-38,-35,-33,-34,-33,-24,-14,-7,-4,5,25,43,57,64,59,53,51,46,35,30,33,31,26,26,17,5,3,7,4,-3,-7,-9,-13,-15,-18,-23,-27,-34,-39,-40,-47,-55,-58,-71,-78,-65,-54,-47,-46,-46,-43,-37,-33,-28,-25,-26,-27,-24,-22,-21,-20,-21,-24,-29,-30,-29,-28,-27,-23,-16,-11,-7,-5
-84,-105,-98,-101,-112,-66,-21,17,50,79,103,122,140,156,169,152,124,126,127,106,120,123,109,123,93,87,80,61,56,54,54,51,46,37,23,6,-1,-11,-39,-69,-94,-116,-129,-133,-146,-153,-138,-111,-85,-62,-42,-25,-15,-7,-1,0,-3,-9,-14,-17,-17,-15,-12,-10,-8,-5,-3,-1,1,4,6,7,7,7,5,4,3,2,1,1,0,0,0,-1,-1,-1,-1,0,0,0,1,2,3,3,4,3,3,2,2,2
1,-6,-11,-6,17,51,79,104,122,139,155,156,154,168,134,89,111,109,84,94,105,116,123,94,105,95,69,56,47,31,17,14,10,-1,-23,-49,-69,-92,-115,-133,-138,-134,-143,-158,-150,-130,-103,-78,-60,-48,-39,-28,-18,-11,-8,-8,-11,-16,-22,-26,-27,-25,-22,-18,-15,-11,-7,-3,1,6,9,12,13,13,12,11,9,8,6,5,4,2,0,0,-1,-2,-2,-2,-1,-1,-1,0,1,2,4,5,6,6,6,5
-28,-59,-85,-95,-59,-15,22,55,83,107,127,143,143,153,145,141,143,136,140,106,116,125,99,119,104,80,67,48,24,16,19,7,-12,-33,-56,-79,-101,-121,-139,-150,-161,-170,-165,-153,-145,-132,-110,-90,-86,-89,-80,-53,-37,-26,-18,-12,-10,-9,-8,-7,-8,-9,-9,-8,-6,-5,-3,-2,-1,-1,-1,-1,0,1,2,3,3,4,3,3,2,1,1,0,0,0,0,0,0,0,0,1,1,2,2,3,3,3,3,3
-32,-63,-72,-68,-40,-4,32,63,90,113,130,147,160,167,135,95,100,91,78,94,116,131,148,122,83,79,58,27,0,-14,-39,-63,-54,-42,-42,-52,-64,-89,-112,-131,-148,-158,-155,-136,-136,-140,-135,-119,-93,-61,-38,-24,-16,-11,-8,-6,-6,-8,-13,-17,-20,-21,-20,-17,-15,-13,-10,-7,-3,0,4,9,13,16,17,16,15,13,11,9,8,6,5,3,1,0,0,-1,0,0,0,0,1,2,2,3,4,5,5,5
-38,-68,-87,-69,-24,15,48,77,102,118,123,107,118,125,85,63,69,54,48,75,84,88,110,80,84,83,54,34,21,9,0,0,5,2,-8,-26,-43,-55,-63,-74,-87,-102,-119,-131,-144,-148,-139,-122,-102,-83,-66,-49,-36,-30,-30,-31,-32,-34,-39,-47,-53,-52,-48,-41,-33,-25,-19,-13,-7,-2,1,4,7,9,12,15,17,17,16,14,12,9,7,3,0,-2,-3,-2,-2,-1,0,1,2,2,3,3,4,4,4,3
-32,-63,-79,-71,-52,-12,25,57,84,108,126,133,140,153,134,120,121,111,112,122,83,87,110,102,97,97,81,60,38,19,0,-13,-12,-13,-24,-46,-75,-100,-121,-133,-138,-148,-160,-143,-115,-90,-74,-65,-60,-55,-51,-46,-41,-37,-34,-29,-24,-20,-17,-17,-21,-23,-21,-19,-16,-12,-7,-4,0,3,7,10,11,10,9,8,8,7,6,6,6,5,5,4,4,3,2,2,2,2,3,5,6,6,7,7,7,7,6,5
-21,-32,-22,-7,16,49,78,102,124,142,157,170,179,188,170,121,123,116,110,98,88,96,118,119,87,86,79,49,11,-4,-1,-3,-1,-8,-33,-64,-75,-81,-91,-108,-110,-112,-125,-130,-121,-99,-74,-55,-43,-38,-36,-33,-29,-26,-26,-29,-30,-30,-29,-27,-25,-22,-19,-16,-13,-11,-8,-5,-2,1,3,4,5,7,9,10,10,11,11,10,10,9,10,12,12,11,9,8,7,6,5,4,4,4,4,4,4,3,3,4
-42,-66,-66,-55,-28,11,45,75,100,121,139,148,161,174,163,122,102,106,95,84,63,59,85,99,61,51,74,42,4,-13,-24,-34,-25,-21,-38,-65,-88,-109,-128,-140,-150,-154,-146,-141,-133,-130,-131,-127,-112,-87,-61,-44,-34,-31,-31,-30,-27,-24,-22,-20,-19,-19,-20,-20,-20,-19,-17,-14,-10,-5,0,3,7,11,15,18,20,19,18,18,17,15,13,12,11,9,8,7,5,5,5,5,4,3,2,2,2,2,2,3
-6,-17,-18,-16,3,32,63,90,113,133,149,164,169,161,158,136,98,80,83,80,74,40,46,75,53,45,61,55,35,21,12,4,0,-6,-19,-35,-61,-88,-105,-120,-122,-122,-129,-132,-128,-115,-97,-83,-75,-73,-85,-90,-85,-76,-64,-47,-34,-29,-26,-24,-22,-21,-20,-20,-20,-20,-18,-15,-12,-10,-7,-5,-2,0,0,1,0,1,1,2,2,2,2,2,2,1,1,1,1,1,1,1,1,1,1,1,1,1,1,1
1,1,5,11,33,58,85,109,129,146,161,173,179,189,148,119,120,115,110,89,89,93,111,90,64,63,49,31,23,16,4,-4,3,16,11,-8,-33,-60,-87,-108,-110,-105,-109,-119,-123,-114,-98,-79,-64,-56,-51,-47,-43,-36,-30,-25,-19,-14,-10,-6,-4,-3,-2,-2,-2,-2,-2,-1,0,0,0,0,1,2,2,3,3,3,3,3,3,3,3,3,3,3,3,2,2,2,2,2,1,1,1,1,0,0,0,0
-28,-59,-71,-66,-32,7,42,72,97,119,138,135,122,116,104,104,111,98,83,74,66,86,104,83,72,73,60,42,24,6,-7,-14,-7,-7,-19,-45,-74,-99,-121,-133,-134,-137,-138,-123,-112,-97,-81,-69,-58,-48,-41,-33,-27,-25,-25,-24,-23,-22,-23,-23,-23,-22,-20,-17,-13,-10,-8,-6,-4,-1,1,4,7,10,13,14,14,13,12,11,10,9,8,7,7,6,6,6,7,7,7,8,8,8,8,8,8,8,7,7
-23,-44,-62,-60,-33,2,37,68,94,116,134,147,129,96,100,105,99,100,100,73,80,104,91,97,101,86,72,60,40,9,-11,-25,-37,-53,-72,-94,-116,-128,-124,-116,-112,-118,-117,-111,-114,-118,-126,-124,-101,-76,-63,-51,-36,-24,-17,-13,-13,-14,-14,-14,-14,-13,-12,-10,-7,-5,-4,-2,0,1,2,4,5,5,5,4,3,3,3,3,3,3,4,4,5,5,6,8,10,10,10,9,8,8,7,6,6,5,4,4
-58,-85,-96,-77,-53,-17,20,53,81,105,123,119,118,92,77,78,63,53,57,56,83,107,83,75,83,75,65,46,25,7,-6,-10,-12,-20,-31,-51,-73,-90,-108,-125,-131,-130,-133,-138,-143,-143,-134,-128,-125,-122,-116,-103,-85,-65,-49,-36,-28,-21,-14,-10,-7,-6,-4,-3,-1,0,0,1,2,2,3,4,5,5,4,4,5,6,6,6,6,6,6,6,5,5,5,4,4,4,4,4,4,3,3,3,3,2,2,2
-30,-57,-70,-59,-35,-12,21,54,82,106,127,138,132,117,104,98,89,82,95,84,72,97,119,127,102,106,96,50,24,12,5,1,1,5,6,-1,-29,-61,-87,-110,-127,-135,-139,-151,-156,-146,-133,-117,-99,-80,-64,-52,-44,-39,-35,-29,-20,-11,-4,1,6,11,17,21,23,22,19,17,14,11,10,10,11,11,12,12,12,12,11,11,11,11,11,11,11,10,9,8,7,5,4,3,2,2,2,1,1,1,1,1
-24,-54,-68,-63,-39,-12,19,52,80,105,125,140,136,125,111,96,90,96,107,98,81,90,113,133,110,91,94,65,37,23,21,14,3,-2,-14,-26,-40,-56,-79,-103,-124,-142,-150,-143,-145,-158,-158,-140,-114,-87,-69,-58,-49,-43,-36,-28,-21,-17,-15,-13,-12,-11,-14,-20,-25,-27,-28,-27,-26,-21,-13,-7,-2,1,4,6,7,9,11,12,13,12,12,12,12,11,9,8,7,6,6,6,6,6,7,7,7,7,6,6
-31,-49,-53,-41,-20,12,46,75,100,122,139,138,119,91,67,68,74,75,72,44,50,62,55,71,74,64,44,32,26,18,13,7,-1,-18,-48,-74,-92,-108,-122,-124,-118,-111,-101,-101,-110,-113,-107,-81,-54,-33,-18,-11,-8,-6,-5,-4,-5,-9,-13,-17,-19,-19,-19,-19,-18,-17,-15,-13,-10,-7,-5,-2,0,2,5,7,9,10,11,10,8,6,5,4,2,1,0,0,0,0,0,1,1,1,2,2,2,2,2,2
-36,-66,-73,-54,-22,15,49,77,102,123,138,141,152,136,89,73,75,72,69,65,48,74,98,88,87,90,72,37,24,24,13,0,-8,-18,-33,-53,-76,-101,-122,-132,-133,-127,-115,-102,-84,-66,-54,-46,-38,-32,-29,-25,-21,-18,-16,-14,-12,-12,-15,-20,-27,-31,-30,-28,-24,-19,-15,-11,-7,-2,3,8,12,12,12,12,12,11,9,8,7,6,5,4,3,2,1,1,1,1,1,2,2,3,3,4,4,3,3,2
-35,-63,-78,-63,-30,8,42,72,98,119,137,141,133,128,119,103,86,97,99,111,117,131,145,121,106,89,68,46,20,1,0,0,-14,-32,-46,-68,-87,-110,-129,-139,-139,-120,-111,-107,-101,-88,-73,-64,-56,-48,-40,-32,-26,-22,-20,-18,-14,-10,-5,-1,3,8,11,12,11,10,9,7,7,6,6,6,5,4,4,4,3,3,2,2,2,2,2,2,2,2,2,2,2,2,2,2,2,2,2,2,2,2,2,2
-48,-77,-98,-85,-52,-11,11,45,74,100,121,116,89,87,92,92,78,53,36,32,25,34,65,66,58,60,52,34,10,0,-1,-3,-8,-16,-31,-40,-40,-54,-73,-89,-107,-119,-119,-107,-103,-107,-105,-96,-89,-80,-70,-63,-58,-56,-54,-50,-45,-40,-35,-31,-28,-26,-24,-21,-18,-15,-13,-9,-6,-3,-1,0,1,2,3,4,5,5,4,3,2,2,2,2,1,1,0,0,0,0,0,0,1,1,2,2,3,4,4,4
-44,-70,-74,-59,-34,-8,22,54,82,106,127,145,157,152,117,90,81,68,69,87,73,90,97,105,116,105,77,52,37,23,16,12,0,-24,-51,-75,-90,-93,-101,-113,-115,-111,-106,-104,-101,-95,-89,-77,-64,-55,-46,-35,-23,-14,-8,-8,-11,-14,-15,-15,-15,-16,-16,-14,-11,-7,-2,3,6,8,9,10,9,7,6,6,6,6,5,4,3,3,3,2,0,0,-1,-1,-1,-1,0,0,1,2,3,4,4,5,5,6
36,66,92,113,129,134,139,143,151,164,153,124,136,146,125,113,114,116,109,114,105,76,54,77,93,65,36,0,-35,-55,-69,-93,-108,-110,-104,-70,-49,-48,-52,-58,-68,-70,-66,-55,-42,-30,-21,-14,-8,0,4,5,3,1,-1,-4,-5,-4,-4,-4,-5,-6,-4,-3,-2,-2,-3,-4,-4,-3,-2,-2,-1,-1,0,0,1,1,0,0,0,0,0,0,1,1,1,0,0,1,2,3,2,2,2,2,3,3,4,4
38,68,93,105,105,92,73,80,104,124,142,157,168,167,154,159,149,135,124,121,129,139,145,134,120,120,95,77,74,39,0,-20,-29,-45,-73,-90,-72,-72,-86,-91,-84,-75,-71,-77,-77,-73,-65,-53,-41,-29,-20,-13,-10,-8,-7,-8,-9,-11,-12,-13,-13,-12,-11,-10,-10,-9,-7,-6,-5,-4,-3,-3,-2,-2,-2,-2,-2,-2,-2,-2,-2,-2,-2,-2,-2,-2,-1,-1,-1,0,0,0,0,0,0,0,0,0,0,0
68,91,85,73,79,104,124,142,156,168,179,179,157,143,148,140,126,121,110,110,120,122,109,83,75,76,52,34,11,-16,-41,-64,-67,-58,-67,-78,-85,-97,-110,-120,-123,-115,-103,-91,-81,-75,-68,-58,-48,-37,-28,-20,-14,-10,-8,-7,-6,-6,-5,-4,-3,-2,-1,-1,0,0,0,0,1,3,4,5,5,5,4,4,3,2,1,1,1,1,0,0,0,0,0,0,0,0,0,0,1,2,2,2,1,1,1,0
74,98,119,138,154,163,163,162,170,172,145,126,140,133,123,123,121,122,124,118,118,124,123,117,108,91,72,40,20,2,-32,-53,-62,-66,-66,-74,-91,-103,-106,-99,-84,-76,-76,-75,-71,-63,-52,-40,-30,-25,-22,-20,-17,-16,-16,-16,-16,-15,-13,-10,-3,9,21,24,18,11,7,2,-2,-2,0,0,-2,-4,-6,-9,-12,-13,-13,-13,-12,-10,-8,-6,-5,-5,-4,-4,-2,-1,0,2,3,4,5,5,6,7,6,4
51,79,88,96,106,111,127,145,160,172,172,153,124,102,104,106,110,113,115,110,100,98,102,100,91,80,55,38,21,-3,-24,-43,-50,-50,-58,-75,-93,-109,-128,-130,-114,-93,-81,-79,-79,-77,-68,-56,-42,-31,-25,-23,-22,-20,-18,-16,-15,-14,-14,-14,-13,-11,-9,-7,-6,-5,-4,-2,0,1,4,5,5,4,3,2,2,1,1,1,0,0,0,0,0,0,0,0,0,0,0,0,1,1,1,2,1,1,1,1
63,79,79,80,98,115,132,148,160,168,179,181,163,134,87,50,72,91,92,92,93,88,82,80,85,88,82,71,54,42,28,5,-9,-29,-46,-48,-55,-71,-83,-94,-98,-92,-83,-77,-79,-84,-87,-86,-81,-74,-66,-58,-49,-39,-30,-22,-15,-12,-11,-11,-10,-8,-5,-3,-1,-1,-1,0,1,4,7,10,11,10,9,8,7,7,7,8,9,9,10,9,8,6,5,4,4,4,3,2,1,1,1,1,0,0,0,0
-17,-3,31,62,89,110,118,130,142,147,135,130,138,151,153,146,138,132,130,120,118,118,110,87,76,65,38,0,-30,-14,-12,-29,-42,-58,-85,-96,-89,-83,-85,-90,-95,-96,-94,-89,-82,-73,-61,-47,-33,-23,-15,-12,-9,-7,-6,-6,-6,-6,-3,-1,0,0,0,0,0,0,0,1,3,5,5,5,4,3,3,3,3,3,2,1,1,0,0,0,-1,-2,-2,-2,-2,-1,-1,-1,0,0,0,0,-1,-1,-1,-1
-9,27,58,86,109,125,131,140,154,166,163,145,149,158,153,150,143,134,125,116,113,119,127,123,110,90,74,66,46,18,-15,-14,0,-12,-44,-74,-99,-120,-117,-94,-79,-74,-75,-75,-72,-60,-46,-35,-27,-22,-19,-18,-18,-19,-19,-18,-17,-17,-17,-14,-11,-7,-4,-1,0,1,3,5,9,13,15,16,16,14,12,10,8,7,6,5,5,4,4,3,2,2,2,1,1,1,1,1,2,3,3,3,3,2,2,1
14,25,48,77,101,122,141,155,169,173,165,155,146,151,152,146,141,132,131,119,103,94,78,63,51,36,22,25,40,46,27,-10,-36,-44,-49,-55,-81,-104,-116,-123,-121,-112,-102,-95,-88,-70,-49,-33,-21,-12,-9,-9,-10,-11,-10,-6,-1,3,5,5,5,5,2,0,0,-2,-3,-3,-1,2,6,8,7,4,2,0,-1,-3,-4,-4,-3,-2,-2,-2,-3,-4,-4,-3,-2,0,0,1,2,3,5,8,9,8,6,5
43,72,88,93,115,129,140,154,165,172,161,163,167,149,142,130,120,116,105,98,106,92,73,56,24,-1,-4,9,2,-9,-36,-62,-68,-69,-72,-72,-69,-67,-64,-62,-63,-63,-61,-56,-48,-37,-27,-18,-11,-7,-6,-3,0,0,-2,-5,-7,-7,-6,-3,3,7,7,5,4,5,5,5,5,5,5,5,5,5,5,8,11,11,9,7,5,3,2,1,1,2,3,4,5,5,4,3,3,2,1,0,0,0,0,0
19,22,45,73,94,114,118,117,126,132,119,118,117,118,123,112,105,95,90,91,99,107,107,92,96,93,58,23,-8,-8,-8,-28,-59,-86,-86,-68,-62,-68,-76,-83,-88,-88,-86,-84,-80,-73,-65,-54,-41,-26,-6,13,24,25,22,18,14,13,13,12,11,11,9,8,7,8,9,7,6,5,5,6,6,5,4,2,1,1,1,1,1,1,1,0,0,0,0,1,1,1,1,1,1,1,0,0,0,-1,-1,-1
-48,-28,-5,29,61,86,102,109,104,105,94,75,77,94,111,108,105,97,88,68,39,19,14,3,-10,-20,-26,-36,-50,-50,-37,-17,-13,-16,-28,-52,-68,-76,-77,-72,-61,-57,-63,-68,-61,-44,-27,-16,-11,-8,-6,-4,0,4,11,16,18,16,11,8,6,0,-6,-11,-13,-11,-5,0,7,12,14,15,15,15,13,10,7,5,4,4,4,4,4,3,3,4,4,4,4,4,3,3,3,4,3,3,2,0,0,-1
40,39,53,78,89,101,121,139,155,162,161,168,175,177,173,156,135,114,98,79,74,71,58,44,40,36,41,52,47,51,29,1,-13,-43,-68,-84,-99,-112,-118,-114,-105,-94,-81,-70,-57,-43,-33,-26,-22,-19,-17,-15,-15,-17,-17,-16,-9,-1,0,0,0,-2,-4,-6,-5,-4,-1,1,3,5,5,4,3,2,2,2,1,1,2,2,2,1,1,1,2,3,3,5,6,7,7,8,7,6,6,5,4,4,3,3
13,4,-2,13,44,73,97,110,119,127,139,153,153,146,145,145,148,145,142,132,122,92,65,49,38,23,16,15,5,-11,-1,4,3,6,-14,-33,-58,-81,-97,-109,-120,-129,-136,-139,-135,-128,-117,-100,-82,-66,-55,-47,-40,-34,-29,-23,-17,-13,-10,-7,-5,-1,3,6,7,7,6,6,7,6,6,7,7,7,5,3,2,1,0,0,-1,-1,-2,-2,-2,-2,-2,-2,-2,-1,-1,0,0,0,0,0,0,0,0,0
-3,5,29,41,62,88,111,131,148,157,165,175,176,178,173,166,173,181,162,151,137,125,105,87,79,71,62,49,41,28,2,-8,-8,0,5,3,-14,-42,-72,-97,-115,-121,-126,-127,-122,-112,-101,-90,-76,-62,-51,-43,-37,-34,-33,-30,-28,-27,-26,-25,-25,-24,-16,-11,-10,-11,-12,-14,-14,-11,-8,-4,0,2,3,3,2,1,1,1,1,0,1,2,4,5,6,6,6,6,6,6,6,6,7,7,7,7,6,5
-12,-4,24,39,44,56,73,96,118,133,149,159,161,162,154,137,130,143,143,137,127,109,100,85,65,63,56,46,51,73,92,90,85,45,3,-11,-23,-43,-65,-79,-87,-86,-81,-78,-81,-80,-73,-64,-49,-35,-24,-18,-17,-19,-21,-21,-19,-14,-9,-5,-2,0,0,0,0,-1,-1,0,1,3,5,7,8,9,8,7,5,3,2,1,0,0,0,0,0,0,0,0,0,0,1,1,2,2,2,2,2,2,2,1
12,20,33,47,63,70,81,93,104,110,112,117,127,128,110,103,108,122,124,118,109,86,63,46,32,29,30,28,31,29,22,28,17,8,3,-24,-40,-70,-95,-115,-122,-126,-125,-118,-111,-102,-89,-72,-50,-28,-9,5,10,7,1,-2,-5,-5,-5,-5,-4,-3,-3,-4,-4,-4,-4,-3,-1,0,2,4,6,6,5,3,2,0,0,0,0,-1,0,0,0,0,0,0,0,0,0,0,0,0,0,1,1,2,3,3
48,67,73,98,109,107,117,120,126,121,114,124,126,129,130,121,113,97,76,59,50,50,58,63,54,47,45,67,61,33,21,-1,-16,-31,-48,-62,-71,-83,-95,-98,-97,-97,-98,-97,-89,-77,-65,-56,-50,-45,-41,-37,-35,-35,-33,-31,-30,-31,-30,-18,-6,0,0,0,3,10,14,11,10,11,13,12,10,6,3,2,0,0,0,0,0,0,-1,-1,-2,-2,-3,-2,-2,-1,0,0,0,1,1,0,0,0,0,0
47,76,86,109,63,46,42,37,50,49,50,79,93,110,109,101,89,73,57,48,45,53,59,59,61,62,61,47,35,29,14,12,22,6,-20,-44,-65,-77,-83,-90,-93,-91,-85,-79,-73,-67,-62,-54,-44,-35,-27,-22,-20,-22,-27,-33,-37,-39,-39,-37,-33,-28,-24,-19,-15,-10,-6,-2,1,6,11,16,19,19,18,14,10,8,6,5,4,4,3,1,-3,-6,-3,0,0,1,2,2,3,4,6,7,7,6,5,4
-8,28,60,82,99,110,124,142,152,147,126,129,141,142,141,125,111,95,79,72,69,69,82,82,72,72,66,50,30,24,-11,-45,-64,-77,-94,-101,-98,-96,-98,-101,-104,-106,-104,-97,-88,-76,-61,-47,-34,-24,-18,-14,-12,-11,-10,-9,-8,-7,-6,-4,-3,-2,-2,-2,-1,0,1,2,3,3,1,0,-2,-3,-3,-3,-5,-7,-8,-8,-7,-6,-5,-5,-5,-4,-4,-3,-2,-1,-1,0,0,0,0,0,0,0,0,0
-84,-96,-108,-127,-144,-154,-137,-108,-83,-55,-33,-27,-25,-31,-56,-39,-33,-21,2,37,67,93,109,122,127,117,90,42,22,22,29,29,25,16,5,-5,-15,-23,-23,-15,-9,-8,-13,-23,-30,-31,-30,-28,-26,-23,-20,-17,-15,-12,-9,-7,-6,-4,-2,-1,0,0,0,0,-1,-1,-2,-3,-3,-3,-3,-3,-4,-3,-3,-2,-1,0,0,0,0,0,0,0,0,0,0,0,0,0,0,0,0,0,0,0,0,0,1,1
-44,-73,-98,-79,-58,-40,-21,-20,-25,-45,-71,-56,-45,-34,-5,31,62,89,112,128,133,116,96,75,56,42,28,11,-3,-13,-20,-25,-29,-31,-28,-20,-10,-2,-1,-4,-9,-12,-13,-13,-11,-10,-9,-7,-6,-4,-2,-2,-2,-1,-1,-1,-1,-1,-1,0,-1,-1,-1,-1,0,0,0,0,1,1,1,1,1,2,3,3,3,3,2,2,2,1,1,0,1,4,12,17,11,3,0,-1,-1,0,0,0,0,1,0,0
-70,-95,-117,-90,-68,-45,-24,-23,2,-9,-41,-33,-30,-25,3,38,68,94,111,125,115,95,82,61,37,16,1,-15,-28,-37,-41,-40,-35,-25,-11,1,11,15,11,0,-12,-18,-19,-19,-21,-20,-18,-13,-8,-5,-3,-1,0,1,2,3,4,3,3,2,2,1,1,0,0,0,0,0,0,0,0,0,1,1,1,1,1,1,1,1,0,0,0,0,0,-1,0,0,0,0,0,0,0,0,0,0,0,0,0,0
-70,-82,-91,-114,-123,-107,-86,-83,-68,-70,-91,-69,-52,-28,10,44,73,98,120,134,117,92,76,63,49,34,16,-4,-26,-43,-56,-63,-62,-53,-39,-24,-10,-3,-3,-9,-17,-22,-24,-22,-19,-16,-13,-9,-5,-2,-1,0,0,0,1,1,2,2,2,2,1,1,0,0,0,0,0,0,0,1,1,1,1,1,1,1,1,1,1,1,1,1,1,0,0,0,0,0,0,0,0,0,0,0,0,0,0,0,0,-1
-64,-90,-112,-107,-86,-58,-38,-32,-37,-28,-28,-24,-13,-4,10,42,71,97,118,118,102,93,89,76,62,46,34,28,18,5,-5,-12,-17,-21,-21,-17,-9,-3,-2,-7,-12,-14,-15,-15,-15,-13,-11,-9,-8,-6,-3,-1,0,0,0,0,-1,-1,-1,-2,-3,-4,-4,-4,-4,-4,-3,-2,-3,-2,-2,-1,0,0,0,0,0,0,-1,-1,-2,-2,-3,-2,-2,-2,-2,-2,-1,-1,-1,0,0,0,0,0,0,0,0,0
-72,-97,-119,-116,-101,-76,-52,-46,-25,-48,-47,-39,-33,-2,32,63,90,106,114,112,102,88,70,54,37,19,3,-10,-24,-35,-39,-39,-33,-23,-12,-6,-2,-3,-10,-17,-20,-21,-19,-15,-12,-9,-6,-3,0,1,3,5,5,6,6,6,5,4,2,-1,-3,-4,-4,-5,-8,-9,-9,-7,-6,-5,-4,-4,-3,-3,-2,-2,-1,-1,-1,-1,0,0,0,0,0,0,0,0,0,0,0,0,0,0,0,0,0,0,0,0
-46,-75,-100,-106,-89,-64,-53,-55,-25,-43,-32,-25,-16,10,44,73,94,112,117,111,100,80,69,64,58,52,39,20,3,-9,-16,-20,-21,-16,-9,-3,0,-2,-11,-23,-30,-31,-35,-42,-45,-40,-33,-27,-24,-21,-18,-16,-13,-10,-9,-7,-6,-5,-6,-6,-7,-7,-6,-6,-5,-4,-3,-2,-1,0,0,0,1,1,1,1,1,1,1,1,1,0,0,0,0,0,1,1,1,1,1,2,2,2,2,2,2,1,1,1
31,25,2,-33,-64,-67,-57,-50,-38,-63,-41,-34,-26,-2,31,62,89,105,116,114,108,104,100,89,70,57,43,23,3,-12,-23,-29,-29,-23,-12,-4,-2,-7,-15,-23,-28,-28,-25,-22,-21,-19,-15,-6,1,6,6,5,4,1,0,-2,-1,0,0,0,0,0,1,2,1,1,0,1,1,1,2,2,2,2,2,2,1,1,1,1,0,-2,-5,-5,-4,-3,-1,1,3,4,4,3,1,0,0,-1,0,0,0,0
-60,-86,-110,-116,-97,-68,-47,-43,-40,-49,-75,-67,-60,-45,-10,25,51,71,73,78,74,65,60,52,46,45,38,25,13,0,-11,-16,-15,-9,-3,0,1,0,-6,-15,-22,-25,-26,-29,-31,-29,-25,-20,-16,-12,-9,-7,-4,-1,0,0,0,0,0,-1,-1,-1,-1,-1,-1,-1,0,0,0,0,0,1,1,1,1,0,0,0,0,0,0,-1,-1,-1,-1,0,0,0,0,1,1,1,0,1,1,1,1,1,1,0
-40,-68,-93,-99,-78,-57,-35,-21,-22,3,0,-3,-4,5,26,43,59,71,74,73,80,71,61,55,43,30,18,6,-3,-14,-23,-27,-22,-11,0,8,16,22,21,15,9,5,-1,-8,-12,-13,-12,-11,-10,-8,-7,-7,-9,-10,-8,-5,-3,-3,-4,-5,-6,-6,-5,-6,-6,-5,-5,-5,-4,-3,-2,-2,-1,-1,0,0,0,0,0,0,0,0,0,-1,-1,-1,-1,-1,-1,-1,0,0,0,0,0,0,0,0,0,0
-65,-91,-108,-86,-68,-48,-36,-30,-27,-44,-52,-33,-23,-4,27,55,69,67,66,71,69,63,47,32,20,10,6,7,4,-1,-9,-15,-17,-15,-13,-12,-14,-20,-24,-24,-21,-19,-16,-13,-9,-6,-5,-4,-3,-2,0,0,1,3,3,3,3,2,0,0,0,-1,-2,-1,-1,-1,-1,-2,-2,-3,-4,-4,-4,-4,-4,-3,-3,-2,0,1,1,0,0,0,0,0,0,0,-1,-1,-1,-1,-1,-1,-1,-1,-1,-1,0,0
-45,-74,-99,-104,-82,-65,-50,-40,-34,-46,-31,-23,-15,1,21,47,76,95,100,95,84,69,45,27,22,27,36,30,17,7,4,7,13,16,14,11,8,4,0,-4,-8,-12,-13,-12,-10,-10,-9,-8,-8,-7,-5,-5,-6,-7,-8,-8,-8,-7,-7,-6,-5,-5,-4,-4,-3,-3,-3,-2,-2,-1,-1,0,0,0,0,0,0,0,0,0,0,0,0,0,0,0,0,0,0,0,0,0,0,0,1,2,2,2,2,1
-56,-83,-107,-96,-73,-53,-39,-33,-44,-30,-23,-19,-12,4,26,56,84,103,111,111,98,89,84,81,79,72,60,47,34,24,17,14,17,25,31,35,35,31,22,12,4,0,-2,-3,-4,-4,-3,-2,-1,0,3,9,14,15,13,11,8,7,5,3,2,1,0,0,1,2,2,1,1,1,0,0,1,0,0,-1,-1,-1,0,0,0,1,1,1,2,2,3,3,3,4,5,6,6,6,5,5,5,4,4,3
-70,-95,-117,-133,-122,-109,-91,-75,-43,-70,-64,-45,-36,-13,23,56,83,102,110,119,114,97,90,85,77,66,46,23,4,-8,-18,-25,-27,-19,-9,0,6,12,13,10,6,5,5,5,5,7,10,13,14,14,15,16,15,12,8,3,0,-2,-3,-2,-1,-1,-1,0,0,0,0,0,0,0,0,0,0,0,0,0,0,0,0,0,0,0,0,0,0,0,0,0,0,0,0,0,0,0,0,0,0,0,0,0
-61,-88,-111,-111,-87,-67,-60,-68,-67,-53,-43,-30,-9,14,47,76,99,107,112,112,105,93,76,60,47,29,7,-14,-34,-38,-30,-14,9,29,38,41,41,40,37,31,24,12,1,-5,-11,-11,-10,-9,-12,-16,-21,-23,-24,-25,-25,-27,-30,-31,-31,-28,-25,-24,-26,-25,-22,-18,-14,-11,-9,-8,-7,-5,-4,-3,-3,-2,-2,-2,-1,-1,-1,-1,-1,0,0,0,0,0,0,0,0,0,0,0,0,0,0,0,0,0
-33,-64,-90,-101,-83,-57,-34,-28,-32,-31,-29,-16,-19,-12,5,37,67,88,94,90,84,75,62,58,60,60,59,54,41,22,2,-9,-12,-9,-4,-3,-6,-11,-14,-15,-15,-15,-16,-17,-16,-13,-9,-5,-2,0,1,2,1,0,-1,-2,-3,-5,-5,-5,-5,-4,-4,-3,-2,-2,-2,-2,-1,-1,0,0,0,0,0,0,0,1,0,0,0,0,0,0,0,0,0,0,0,0,0,0,-1,-1,-1,-1,-1,-1,-2,-2
-62,-89,-107,-98,-87,-72,-59,-55,-65,-63,-61,-40,-20,11,45,74,99,115,123,125,115,93,79,75,70,62,46,24,3,-9,-16,-17,-12,-3,4,5,3,-1,-5,-8,-10,-11,-13,-13,-13,-12,-10,-8,-5,-3,-3,-2,-2,-2,-3,-4,-6,-6,-6,-6,-5,-4,-3,-3,-2,-2,-1,-1,0,-1,-1,0,0,0,0,0,0,0,0,0,-1,-1,-2,-4,-5,-5,-4,-4,-3,-2,-2,-1,-1,-3,-3,-3,-2,-2,-2,-3
-56,-83,-107,-108,-86,-62,-49,-41,-70,-58,-42,-33,-6,29,61,85,108,120,126,118,88,60,45,27,8,-8,-22,-30,-31,-30,-24,-12,4,21,28,26,19,12,7,5,4,2,0,-2,-4,-5,-4,-2,-1,-1,-2,-4,-6,-6,-7,-8,-8,-8,-7,-7,-6,-5,-5,-5,-4,-3,-2,-2,-3,-4,-5,-8,-8,-8,-8,-8,-7,-8,-8,-7,-6,-5,-3,-2,-2,-1,-1,-1,-1,-1,-1,-1,-2,-3,-4,-4,-4,-4,-4,-3
-49,-78,-102,-99,-74,-53,-42,-54,-57,-85,-64,-38,-16,19,52,78,97,108,111,97,79,62,42,25,15,4,-12,-30,-43,-48,-43,-34,-19,-6,0,0,-3,-9,-14,-16,-17,-16,-14,-11,-7,-4,-1,0,2,2,1,0,0,-1,-2,-3,-3,-3,-3,-2,-2,-3,-3,-4,-4,-4,-4,-4,-3,-3,-2,-1,-1,-1,-1,-1,-2,-2,-2,-3,-2,-2,-1,-1,0,-1,-1,-1,0,0,0,0,0,0,1,1,2,2,2,2
-29,-61,-88,-88,-75,-60,-45,-38,-35,-45,-26,-17,0,31,62,88,111,129,127,115,104,89,76,65,48,26,3,-17,-30,-36,-40,-36,-26,-11,4,12,7,-3,-14,-19,-20,-19,-17,-13,-10,-7,-6,-4,-3,-2,-1,-1,-1,-1,-2,-3,-3,-2,-1,-1,0,0,0,-1,-1,-1,0,0,0,0,0,0,0,0,0,0,0,0,-1,-1,-1,-1,-1,-1,-1,-1,-1,-1,-1,-1,-1,-1,0,0,0,0,0,0,0,0
-123,-106,-79,-55,-29,-3,23,48,76,101,122,140,140,133,128,105,74,63,61,64,68,69,65,63,58,51,46,39,33,20,7,-15,-33,-50,-61,-60,-63,-74,-82,-85,-84,-80,-73,-63,-50,-39,-30,-23,-17,-12,-7,-3,0,1,2,3,3,3,2,2,1,0,0,1,2,3,5,6,7,6,4,3,1,0,0,0,0,0,1,2,2,2,2,1,1,0,0,-1,-1,-1,-1,-1,-1,-1,0,0,0,0,0,0
-15,-5,2,14,45,74,93,108,115,121,115,102,82,48,28,17,-3,-17,-32,-35,-36,-32,-16,-18,3,20,47,73,98,120,131,127,119,103,91,93,94,105,96,84,76,65,57,44,31,18,-5,-21,-40,-55,-62,-67,-69,-70,-68,-67,-68,-62,-48,-34,-24,-18,-16,-15,-11,-7,-4,-3,-2,-1,-1,-2,-3,-3,-2,-1,0,3,5,6,7,8,9,10,10,9,7,6,6,5,4,4,3,4,4,5,5,4,3,4
-4,-8,-24,0,35,59,79,95,102,101,101,85,65,53,34,26,19,5,-2,-4,-6,-3,-2,-1,5,5,21,30,46,67,87,108,127,137,128,109,89,80,82,80,81,82,62,48,35,18,2,-9,-24,-44,-63,-74,-66,-65,-69,-66,-69,-75,-66,-53,-40,-24,-11,-2,0,2,2,1,2,4,4,4,3,2,1,1,1,1,2,2,3,2,2,3,3,4,4,4,4,4,4,3,3,2,2,2,1,1,1,1
-9,-5,-23,-22,10,41,67,85,91,89,90,87,78,64,51,55,49,22,2,7,19,23,14,3,4,9,4,9,15,26,42,61,79,97,107,102,89,76,56,46,46,44,36,29,22,25,24,12,2,-15,-30,-46,-69,-87,-98,-95,-79,-68,-66,-61,-54,-42,-24,-6,6,14,18,20,21,21,19,17,18,20,20,19,16,13,13,14,13,9,3,-1,-2,0,3,6,6,6,5,4,3,2,2,3,3,4,4,4
-32,-20,-20,-3,21,46,64,71,71,79,98,117,122,102,69,51,33,11,0,5,13,14,7,17,24,38,43,54,69,88,107,121,135,141,134,118,97,74,59,60,74,75,67,56,46,35,19,6,-5,-20,-33,-46,-49,-66,-83,-73,-67,-70,-65,-51,-39,-31,-24,-26,-20,-7,4,10,11,11,11,11,11,12,12,11,11,11,12,14,15,16,16,15,13,10,9,8,8,8,7,6,5,4,3,3,2,2,1,1
-35,-41,-48,-24,1,32,63,88,101,102,105,104,88,64,43,34,22,0,-10,-5,-6,0,4,7,14,15,24,31,40,56,77,101,120,117,103,94,84,73,80,75,73,82,74,60,42,19,0,-12,-20,-30,-38,-34,-39,-57,-57,-54,-52,-50,-47,-58,-73,-77,-71,-55,-30,-11,-1,0,-2,-6,-11,-13,-13,-12,-12,-13,-15,-14,-11,-7,-2,1,5,7,9,12,13,13,14,15,17,21,26,29,31,30,30,29,32,34
-36,-28,-8,22,54,82,98,102,110,123,135,135,113,76,44,45,36,24,18,11,2,-8,-8,-9,-1,5,18,32,51,78,103,123,139,133,114,94,67,43,41,50,49,43,37,33,22,2,-12,-27,-42,-56,-64,-61,-61,-67,-65,-66,-72,-70,-58,-39,-21,-7,0,2,0,0,1,5,7,9,10,11,12,11,9,7,5,3,2,3,4,5,6,7,8,10,9,8,7,5,3,2,2,2,1,1,0,0,0,0
-28,-26,-38,-26,10,35,54,81,105,119,131,131,115,84,60,39,28,31,32,31,30,21,28,29,38,49,54,66,85,101,112,114,103,95,94,99,92,81,84,80,64,49,25,-6,-30,-50,-64,-70,-78,-78,-90,-97,-86,-76,-67,-57,-51,-52,-53,-51,-44,-33,-34,-36,-31,-25,-22,-18,-14,-11,-9,-8,-7,-5,-4,-1,2,5,8,10,10,9,8,7,7,9,13,14,13,9,6,4,4,5,6,7,8,9,10,10
-18,5,25,37,62,89,103,100,87,103,124,129,117,101,83,61,46,39,27,12,6,0,-8,-12,-17,-15,-8,2,14,35,65,91,109,113,108,102,93,86,80,64,52,46,35,20,2,-14,-25,-36,-46,-58,-65,-59,-53,-58,-66,-72,-71,-71,-70,-65,-54,-48,-49,-47,-40,-31,-21,-15,-11,-9,-8,-7,-7,-6,-4,-1,2,6,8,9,8,8,8,7,6,5,4,3,2,2,1,1,2,2,2,2,2,2,2,2
-11,-5,1,30,61,88,111,129,125,116,125,128,109,90,73,49,25,11,11,14,13,13,3,-4,-8,-12,-7,-4,12,35,61,88,111,127,121,113,103,97,105,111,101,84,65,50,38,35,32,14,5,-10,-33,-46,-63,-64,-56,-58,-60,-57,-52,-43,-34,-27,-23,-20,-18,-15,-11,-9,-8,-9,-10,-10,-9,-6,-3,-1,-1,0,1,3,7,7,5,4,3,4,3,2,2,2,1,0,0,0,0,0,0,0,0,-1
-2,-8,-16,-13,15,33,52,74,91,89,87,74,51,33,19,11,4,-7,-20,-27,-38,-45,-35,-25,-14,-1,19,43,72,97,118,137,137,125,114,103,94,94,85,61,60,55,44,36,31,18,3,-4,-12,-26,-37,-35,-47,-48,-37,-44,-52,-49,-44,-36,-28,-19,-14,-13,-11,-10,-8,-4,-1,2,6,7,7,7,6,4,3,2,2,3,3,4,6,9,11,14,14,13,11,8,7,6,5,3,2,2,1,1,0,1
-15,-14,-7,-2,15,44,62,73,82,84,94,86,65,47,29,18,6,-13,-34,-39,-34,-43,-54,-44,-17,0,34,65,91,110,122,139,137,117,101,104,102,89,79,72,65,57,48,37,28,14,-4,-18,-36,-39,-46,-60,-62,-64,-80,-73,-65,-61,-52,-41,-35,-30,-27,-24,-19,-14,-9,-6,-3,-2,-1,1,2,0,-2,-1,0,0,1,2,2,1,0,0,0,0,0,0,-1,-3,-5,-5,-3,-2,-1,-1,-1,-1,0,0
-2,1,-3,4,29,60,84,98,105,104,95,80,60,38,19,12,2,-13,-21,-17,-17,-17,-10,-2,1,13,26,41,57,80,102,109,107,98,82,82,83,84,97,112,105,88,71,53,37,23,5,-3,-16,-33,-26,-38,-62,-62,-63,-69,-68,-62,-58,-55,-49,-39,-27,-16,-5,1,4,5,7,8,9,9,8,6,4,4,4,5,6,8,9,12,13,15,14,13,11,9,7,6,5,4,4,3,2,2,1,0,0,0
-15,-13,-16,-6,10,23,37,48,58,67,72,65,61,53,35,28,15,-9,-25,-20,-15,-6,0,0,6,7,20,27,43,60,75,90,103,108,105,96,90,90,88,88,91,87,74,59,43,33,26,14,3,-7,-19,-47,-59,-61,-69,-67,-56,-53,-55,-51,-43,-36,-29,-24,-19,-17,-14,-11,-8,-4,-2,0,0,1,4,8,14,29,43,43,32,21,18,17,15,13,10,7,4,3,3,3,1,0,-1,-2,0,0,0,-1
-15,0,18,10,15,36,41,43,57,75,84,78,74,66,47,41,30,2,-31,-54,-69,-69,-59,-50,-29,-21,-1,13,31,57,76,96,118,136,136,125,109,95,89,85,72,60,54,45,36,30,20,12,11,2,-4,-14,-18,-18,-36,-34,-35,-48,-55,-56,-60,-60,-51,-36,-20,-5,5,9,8,6,5,6,7,7,6,5,5,6,4,0,-5,-8,-7,-4,0,4,12,24,31,31,27,22,18,15,13,12,12,12,14,20
-14,-13,-10,3,28,48,52,55,52,52,61,56,48,38,31,25,7,-20,-41,-43,-42,-38,-42,-43,-36,-13,0,18,34,51,70,93,116,128,128,116,107,107,106,97,78,59,48,38,21,5,-5,-25,-30,-38,-61,-69,-76,-85,-77,-72,-72,-64,-57,-54,-47,-38,-28,-20,-15,-14,-16,-18,-18,-15,-10,-5,-3,-2,-1,-1,-1,-2,-3,-3,-1,1,4,6,8,9,10,9,9,8,7,6,4,4,3,3,2,2,2,2
-10,-9,2,22,46,67,80,89,93,106,116,110,100,86,64,42,29,8,-21,-47,-57,-57,-45,-27,-15,-9,-6,8,13,23,27,36,48,60,74,86,90,87,80,76,76,70,63,67,64,52,42,27,14,5,2,-3,-8,-19,-33,-32,-35,-43,-37,-31,-35,-42,-45,-42,-32,-18,-4,6,10,10,10,12,14,14,12,9,7,4,-1,-11,-20,-23,-19,-12,-5,0,3,8,11,11,11,10,8,7,6,5,4,4,4,4
-18,-26,-28,-16,0,20,38,48,58,69,73,70,65,54,42,33,29,19,6,-1,-3,-9,-15,-25,-30,-33,-30,-28,-25,-14,-2,14,34,54,75,95,104,100,87,82,83,82,84,89,88,82,73,59,42,34,22,3,-8,-27,-34,-44,-57,-53,-49,-49,-50,-53,-55,-49,-36,-22,-13,-8,-2,1,1,3,5,6,8,9,11,11,11,11,11,11,11,13,16,17,16,14,12,10,9,8,7,6,5,5,4,3,3,3
-24,-34,-35,-23,-3,16,35,52,61,59,56,44,29,12,8,9,0,-19,-38,-51,-52,-37,-26,-22,-10,-3,7,21,41,56,71,84,89,92,94,93,85,81,82,82,74,57,42,40,44,41,14,-7,-25,-40,-52,-68,-90,-91,-84,-84,-84,-81,-83,-83,-76,-65,-49,-29,-12,-1,1,0,-2,-5,-8,-10,-12,-13,-13,-13,-11,-9,-7,-5,-3,-1,0,1,2,2,2,3,3,3,3,3,3,2,2,2,2,1,1,0
-1,8,3,11,33,50,64,88,111,128,133,124,108,97,84,60,29,-6,-28,-28,-18,-11,-10,-2,8,16,28,41,56,75,99,114,119,109,94,78,70,64,55,43,29,22,22,20,19,14,0,-17,-30,-30,-44,-55,-70,-95,-111,-113,-109,-102,-97,-96,-87,-65,-40,-21,-4,10,19,22,20,15,12,10,9,7,6,6,8,9,10,10,11,12,13,14,14,13,12,10,9,8,6,5,4,4,3,3,2,2,1,2
-12,-12,-12,-19,-16,-8,2,14,35,62,88,111,131,148,133,112,98,69,37,15,5,20,36,15,26,51,79,69,27,12,14,-8,-31,-43,-51,-48,-47,-58,-69,-72,-80,-98,-110,-119,-128,-124,-119,-113,-101,-92,-81,-63,-51,-50,-52,-55,-58,-57,-55,-54,-52,-46,-38,-28,-19,-11,-3,4,12,16,18,16,13,9,5,3,1,0,0,0,0,0,0,0,0,0,0,0,0,0,0,0,0,0,0,0,0,0,-1,-1
-13,-22,-33,-39,-41,-29,-8,14,42,66,76,93,115,116,86,66,43,19,3,-4,-8,2,5,-6,14,44,66,50,30,25,10,-8,-25,-34,-28,-18,-10,-14,-23,-29,-41,-60,-77,-83,-88,-93,-94,-95,-89,-71,-57,-56,-65,-77,-86,-93,-94,-90,-82,-73,-63,-53,-45,-40,-35,-30,-25,-21,-17,-13,-9,-6,-4,-1,0,2,3,4,3,3,2,2,1,1,0,0,0,0,0,-1,-1,-1,-1,-1,0,0,0,0,0,0
-24,-40,-37,-39,-34,-11,12,32,56,83,102,93,69,53,49,55,57,43,30,32,37,51,77,72,47,21,1,-8,-8,-10,-20,-27,-31,-43,-52,-60,-75,-81,-79,-81,-81,-73,-70,-67,-66,-69,-75,-92,-113,-117,-104,-84,-66,-53,-44,-40,-37,-34,-29,-23,-18,-14,-9,-5,-1,0,1,2,4,6,7,6,5,3,2,0,0,-2,-3,-4,-4,-4,-5,-5,-4,-3,-3,-2,-1,-1,-1,-1,-1,-1,-1,-1,-1,-1,-1,-1
-25,-35,-35,-35,-34,-26,-17,-10,3,24,49,70,69,48,26,15,16,22,33,40,21,8,14,17,35,64,61,33,15,8,-4,-15,-17,-20,-29,-38,-52,-69,-80,-85,-88,-90,-91,-87,-83,-83,-84,-81,-81,-81,-76,-71,-68,-67,-65,-62,-56,-51,-47,-45,-43,-41,-38,-34,-30,-26,-21,-17,-12,-8,-4,-1,0,1,1,1,1,1,1,1,1,0,0,-1,-1,-1,-1,-1,-1,-1,0,0,0,0,0,0,0,0,0,0
-2,-6,-11,-15,-20,-13,-5,4,18,29,45,65,69,50,27,13,8,8,17,32,22,3,8,16,33,59,85,80,51,29,26,20,4,-4,-10,-13,-25,-44,-65,-70,-73,-88,-104,-104,-101,-115,-116,-108,-105,-93,-75,-64,-61,-55,-45,-35,-28,-24,-24,-26,-27,-27,-27,-30,-34,-35,-34,-29,-24,-19,-15,-12,-8,-5,-2,0,0,0,0,0,0,0,0,0,0,-1,-2,-3,-4,-4,-4,-4,-3,-3,-2,-1,-1,0,0,0
8,23,12,11,2,-2,4,17,32,49,65,78,83,78,64,50,38,33,41,52,42,21,17,15,20,40,62,55,29,14,5,-6,-24,-30,-30,-36,-43,-52,-67,-79,-89,-99,-100,-96,-95,-91,-79,-67,-62,-58,-51,-44,-41,-42,-46,-48,-50,-47,-35,-22,-15,-14,-15,-16,-16,-15,-13,-11,-9,-8,-6,-4,-2,0,1,2,2,1,1,0,0,0,-1,-1,-2,-2,-3,-3,-4,-4,-4,-4,-4,-4,-3,-2,-2,-2,-1,-1
-13,-26,-22,-19,-23,-18,-11,0,16,29,43,57,61,54,46,43,39,36,49,46,24,20,25,23,49,55,31,11,4,-6,-21,-40,-50,-53,-54,-53,-57,-66,-72,-81,-94,-103,-98,-89,-85,-81,-80,-82,-82,-83,-90,-99,-98,-80,-58,-41,-30,-23,-19,-17,-14,-13,-11,-9,-7,-4,-1,1,3,4,4,5,6,5,5,3,0,0,-1,-1,-1,-2,-2,-2,-2,-2,-2,-1,-1,-1,0,0,0,0,0,0,0,0,0,0
-6,-19,-29,-28,-28,-20,-1,14,36,58,76,94,110,106,88,62,40,27,26,30,23,10,7,30,62,88,69,38,19,17,17,18,16,10,3,-6,-18,-29,-45,-55,-59,-69,-77,-78,-83,-87,-84,-80,-79,-75,-66,-59,-56,-54,-53,-53,-56,-68,-91,-105,-101,-87,-70,-56,-48,-42,-37,-32,-26,-20,-15,-11,-6,-1,2,4,3,2,0,0,0,0,-1,-2,-3,-4,-4,-4,-3,-3,-2,-2,-1,0,0,0,0,0,0,0
0,0,-6,-7,-14,-18,-15,-16,-15,-4,8,20,27,35,45,38,16,-3,-13,-18,-20,-19,-18,-21,-19,-16,-6,12,35,53,47,26,15,8,-5,-8,-2,-2,-5,-16,-25,-39,-55,-67,-74,-84,-91,-86,-85,-86,-81,-80,-75,-61,-49,-37,-26,-23,-25,-28,-28,-28,-27,-29,-30,-29,-28,-28,-27,-26,-25,-24,-22,-20,-18,-17,-17,-17,-17,-16,-15,-14,-12,-11,-10,-9,-8,-7,-7,-7,-6,-5,-4,-4,-3,-3,-2,-2,-2,-1
-45,-58,-55,-60,-52,-40,-29,-19,-9,7,28,49,71,76,62,46,37,28,17,13,13,11,0,-5,-2,15,35,60,64,39,16,12,1,-20,-36,-42,-49,-67,-81,-86,-97,-113,-123,-124,-119,-113,-101,-88,-80,-77,-75,-80,-101,-115,-104,-75,-47,-27,-14,-4,2,5,4,3,3,2,0,-2,-4,-4,-2,0,2,5,7,8,9,9,9,7,6,5,4,3,2,2,1,1,1,0,0,0,0,0,0,0,0,0,0,0
-26,-26,-25,-15,-6,0,1,4,9,16,21,29,36,42,50,56,57,55,50,57,65,58,53,56,55,52,52,50,48,40,37,51,77,102,82,36,18,4,-19,-33,-37,-48,-49,-46,-57,-62,-61,-72,-83,-87,-90,-96,-100,-102,-108,-101,-83,-72,-66,-60,-60,-63,-65,-61,-54,-47,-41,-37,-33,-27,-21,-18,-14,-12,-10,-10,-8,-6,-5,-5,-3,-2,0,0,1,3,4,5,6,7,6,6,5,5,5,4,4,3,3,4
-17,-29,-26,-25,-26,-18,-14,-7,9,17,24,36,45,58,73,74,75,90,102,107,104,98,100,92,75,61,55,49,41,31,23,24,28,28,32,32,33,36,41,61,88,89,74,60,48,37,27,21,16,8,-2,-14,-20,-26,-33,-42,-46,-54,-71,-83,-98,-110,-113,-114,-119,-117,-99,-81,-69,-61,-59,-57,-56,-62,-65,-61,-54,-47,-43,-39,-34,-29,-25,-22,-20,-17,-14,-11,-9,-6,-4,-2,-1,0,0,0,1,2,3,4
-16,-24,-27,-26,-23,-15,1,16,24,33,41,48,49,51,53,55,58,64,70,77,79,73,66,50,51,55,53,58,60,49,40,35,22,-1,1,14,15,-1,4,37,60,59,52,43,33,24,16,15,13,9,7,7,6,2,-4,-17,-35,-55,-73,-85,-97,-103,-102,-102,-99,-95,-98,-98,-100,-108,-104,-91,-93,-94,-86,-82,-78,-69,-60,-57,-54,-48,-45,-46,-50,-52,-51,-47,-42,-40,-36,-30,-23,-17,-12,-8,-6,-5,-3,-2
4,-7,-9,-20,-19,-22,-13,2,20,36,44,56,62,71,88,104,116,127,134,132,129,119,101,84,65,58,63,57,55,59,59,54,46,38,34,20,8,11,19,32,47,62,75,73,54,37,24,17,13,13,11,10,10,-1,-17,-32,-40,-43,-51,-62,-67,-69,-71,-80,-87,-93,-99,-105,-112,-118,-122,-128,-130,-134,-137,-132,-124,-113,-97,-82,-71,-63,-54,-49,-45,-40,-38,-37,-35,-31,-25,-19,-13,-9,-6,-3,-2,-3,-3,-3
-14,-19,-14,-15,-15,-6,12,30,41,52,70,80,91,107,120,124,110,85,63,54,58,56,51,56,62,59,52,54,57,53,53,62,73,81,105,126,93,58,43,30,16,-7,-38,-59,-73,-84,-93,-97,-99,-99,-104,-108,-110,-112,-114,-116,-111,-101,-95,-98,-97,-90,-78,-66,-63,-62,-57,-48,-39,-32,-27,-25,-25,-24,-23,-21,-18,-15,-12,-10,-8,-6,-5,-4,-3,-2,-1,0,0,0,0,0,0,0,0,0,0,0,0,0
-2,-4,-21,-46,-66,-69,-63,-52,-36,-18,4,37,68,94,116,133,124,101,82,62,70,62,52,55,59,64,75,83,71,60,61,62,61,77,101,114,82,65,59,36,12,2,-18,-45,-65,-81,-88,-93,-100,-98,-99,-113,-128,-134,-129,-113,-109,-101,-91,-83,-78,-78,-74,-65,-61,-59,-56,-50,-43,-37,-32,-28,-24,-19,-15,-11,-10,-8,-5,-3,-1,-1,-2,-2,-2,0,0,1,1,0,0,0,0,1,1,0,0,0,0,0
-16,-13,-4,13,29,35,35,34,37,47,52,54,59,66,69,66,57,38,12,10,38,37,43,55,66,66,62,62,53,40,37,45,66,92,104,76,60,45,28,21,19,17,8,-9,-31,-55,-82,-106,-123,-121,-116,-123,-124,-128,-128,-122,-115,-107,-101,-105,-108,-95,-86,-87,-84,-77,-68,-60,-55,-49,-46,-51,-53,-47,-41,-36,-30,-26,-25,-25,-24,-20,-18,-17,-16,-13,-9,-4,0,2,5,5,4,4,4,5,4,4,2,1
-11,-26,-31,-32,-32,-17,3,20,44,60,72,87,102,113,110,99,82,57,36,43,49,43,43,42,42,37,34,41,44,33,30,31,30,40,68,94,97,77,58,44,25,7,-11,-32,-59,-81,-93,-104,-111,-112,-116,-118,-111,-115,-114,-106,-106,-100,-92,-98,-87,-80,-94,-112,-109,-94,-79,-71,-64,-50,-36,-29,-28,-25,-19,-13,-11,-11,-10,-9,-7,-4,-1,0,1,1,1,1,0,0,0,0,0,0,0,0,0,0,0,0
0,-2,0,-10,-18,-16,-18,-14,-5,2,12,25,30,34,35,30,24,14,10,14,21,16,24,39,49,56,55,48,50,39,29,34,54,82,106,107,79,69,53,37,28,18,9,-1,-11,-20,-40,-63,-75,-88,-103,-114,-116,-100,-94,-91,-85,-69,-51,-33,-28,-33,-37,-40,-48,-62,-57,-43,-35,-33,-41,-49,-48,-46,-43,-38,-35,-30,-24,-21,-19,-18,-16,-14,-11,-9,-7,-7,-9,-10,-9,-7,-5,-3,-2,0,0,1,2,2
-4,-18,-21,-27,-36,-30,-14,-1,14,23,26,29,46,62,71,85,94,86,76,67,61,66,59,59,62,57,48,32,16,19,17,8,7,24,54,82,67,44,39,26,14,15,13,0,-15,-34,-52,-71,-80,-69,-64,-78,-91,-107,-123,-129,-130,-119,-108,-101,-95,-94,-104,-121,-107,-81,-60,-47,-38,-29,-21,-14,-10,-7,-3,0,1,1,1,0,-1,-3,-5,-7,-8,-8,-7,-5,-4,-3,-1,0,1,2,2,2,2,2,2,1
18,3,3,6,-3,13,40,42,49,60,67,77,91,101,101,98,81,44,8,25,48,39,38,46,50,45,34,34,34,27,28,20,16,29,50,77,63,40,39,31,20,15,4,-17,-31,-32,-25,-17,-15,-20,-27,-32,-48,-71,-86,-104,-124,-123,-112,-120,-121,-106,-93,-90,-92,-94,-96,-91,-75,-57,-47,-40,-35,-30,-25,-18,-11,-8,-6,-4,-2,-2,-3,-4,-5,-6,-8,-9,-9,-8,-6,-4,-3,-2,0,0,0,0,0,0
-13,-10,-13,-13,-7,-2,2,10,18,29,46,64,81,95,99,96,86,70,63,66,57,57,63,62,62,62,52,34,20,16,23,54,78,66,60,53,33,29,25,11,3,4,0,-3,-8,-21,-32,-44,-55,-73,-94,-99,-97,-102,-108,-107,-102,-94,-83,-72,-61,-56,-51,-44,-35,-26,-19,-13,-9,-6,-2,1,3,3,0,0,-2,-3,-5,-6,-7,-7,-6,-4,-1,-1,-1,-1,-1,0,0,0,0,0,0,0,0,1,1,0
-35,-39,-39,-39,-31,-18,-9,6,25,34,45,60,70,76,77,69,58,54,57,57,54,57,63,62,58,57,61,55,44,45,60,79,99,89,68,48,31,20,8,0,-6,-16,-31,-40,-42,-47,-43,-41,-41,-38,-42,-39,-37,-45,-51,-54,-59,-64,-66,-66,-64,-60,-59,-60,-59,-56,-51,-45,-38,-31,-23,-17,-11,-5,-2,-1,-1,-1,-1,-1,-1,-1,-1,-1,-1,-1,-1,-1,0,0,0,0,1,1,0,0,1,1,1,1
1,-11,-10,-6,0,9,20,29,39,55,70,80,86,91,83,68,61,55,58,61,57,59,67,66,66,65,52,42,37,40,57,85,99,59,53,49,24,6,-1,-12,-23,-32,-39,-48,-53,-56,-52,-53,-59,-62,-67,-73,-71,-64,-65,-71,-76,-78,-67,-54,-47,-46,-44,-40,-38,-39,-39,-31,-20,-16,-13,-7,-4,-2,-1,-1,-1,-1,-1,-1,0,1,3,3,3,2,2,2,1,1,1,0,0,0,0,0,0,0,1,1
0,-1,0,3,9,20,44,74,99,114,113,119,131,137,127,113,110,115,106,93,86,84,77,73,74,55,36,34,30,29,34,56,82,78,69,50,28,22,18,6,-4,-15,-26,-37,-42,-46,-54,-56,-60,-74,-79,-84,-92,-92,-83,-74,-73,-73,-73,-73,-76,-77,-77,-77,-74,-67,-58,-51,-43,-34,-26,-19,-14,-9,-3,0,0,0,1,1,2,2,1,1,1,0,0,0,-1,-1,-1,-1,0,0,0,0,1,1,1,1
-6,-14,1,5,-6,0,8,11,21,31,35,40,50,49,46,49,47,39,32,36,34,42,57,62,60,57,54,41,24,25,33,45,63,78,72,49,36,27,14,9,2,-6,-8,-9,-19,-29,-32,-33,-41,-47,-57,-62,-63,-68,-71,-66,-66,-65,-63,-59,-54,-52,-47,-38,-32,-30,-31,-31,-35,-44,-50,-52,-47,-39,-31,-25,-18,-13,-10,-7,-6,-5,-4,-4,-3,-2,-1,0,0,0,-1,-1,0,0,0,0,0,0,0,0
7,0,0,-1,6,18,25,34,45,52,58,65,72,79,85,79,65,52,43,48,41,34,45,54,54,52,48,40,24,17,19,21,21,34,64,91,75,40,37,23,8,6,1,-4,-9,-16,-15,-23,-30,-29,-37,-40,-37,-46,-57,-64,-68,-70,-76,-79,-79,-74,-66,-58,-48,-35,-24,-15,-9,-5,-4,-12,-16,-13,-10,-9,-9,-10,-11,-12,-14,-15,-15,-15,-15,-16,-14,-9,-7,-4,-3,-1,-1,0,2,3,3,4,4,4
19,12,14,18,20,27,44,54,63,77,91,96,95,93,88,76,58,42,37,30,32,37,38,38,39,36,30,13,3,2,7,16,32,52,79,102,82,35,17,12,-2,-5,-3,-8,-12,-13,-20,-17,-9,-9,-17,-31,-39,-44,-46,-49,-51,-49,-50,-55,-58,-58,-58,-58,-55,-51,-48,-46,-46,-46,-41,-33,-24,-18,-14,-13,-12,-11,-12,-12,-12,-11,-8,-4,-3,-2,-2,-1,0,1,1,1,2,2,2,2,2,2,2,2
-10,-16,-2,6,14,20,24,19,16,22,32,40,48,56,61,61,60,56,50,48,38,24,32,41,48,58,47,26,18,16,14,12,8,9,16,34,65,83,48,30,27,4,-6,-6,-15,-25,-26,-29,-39,-56,-65,-61,-63,-69,-73,-70,-61,-51,-43,-42,-43,-40,-33,-26,-20,-16,-13,-12,-10,-7,-8,-16,-23,-22,-18,-14,-9,-5,-4,-4,-5,-6,-7,-7,-2,1,5,7,8,9,10,11,11,9,7,6,5,5,4,3
-59,-71,-91,-101,-92,-83,-74,-53,-29,-1,34,65,89,112,127,125,121,112,102,81,76,85,95,95,84,72,62,46,34,32,47,76,90,50,35,40,32,24,19,13,6,2,-1,-11,-18,-23,-23,-19,-24,-29,-29,-35,-40,-43,-44,-54,-77,-91,-86,-85,-86,-75,-65,-64,-64,-58,-50,-41,-31,-21,-14,-10,-9,-11,-15,-16,-14,-11,-7,-5,-3,-2,-1,0,0,0,1,1,1,1,1,0,0,0,0,0,0,0,0,0
17,11,0,-10,-19,-28,-35,-44,-49,-48,-42,-39,-49,-61,-67,-70,-51,-50,-34,-22,-25,-22,-14,-3,7,24,43,56,67,66,68,61,51,66,61,59,56,42,38,30,17,5,-6,-24,-40,-51,-46,-39,-35,-32,-28,-21,-14,-12,-9,-9,-9,-8,-8,-5,-1,0,-2,-1,-2,-3,-4,-3,-1,0,1,4,5,1,0,4,5,7,10,10,10,9,7,4,2,5,8,6,5,3,1,0,-1,-2,-3,-3,-3,-2,-2,-1
66,82,95,100,88,61,24,-2,-19,-35,-37,-36,-32,-30,-33,-28,-18,-9,-8,0,5,-1,-7,-8,-8,-1,21,42,56,76,83,80,70,62,52,46,32,18,13,-4,-17,-22,-29,-40,-53,-54,-56,-63,-64,-61,-55,-52,-53,-48,-39,-21,-8,-4,0,0,0,0,-2,-4,-5,-6,-6,-7,-8,-9,-8,-7,-7,-5,-4,-3,-2,0,0,0,-1,-1,0,-1,-1,-1,-2,-2,-2,-2,-2,-2,-2,-2,-1,-1,-1,-1,-1,-1
50,47,40,16,-10,-32,-42,-44,-38,-32,-30,-29,-32,-33,-28,-6,-4,1,2,-2,-7,-7,-6,-6,0,10,27,58,52,41,42,29,25,19,3,-2,-17,-28,-35,-46,-51,-48,-51,-63,-72,-70,-72,-74,-67,-59,-56,-55,-57,-56,-52,-44,-37,-31,-24,-18,-15,-14,-13,-11,-10,-9,-7,-5,-3,-2,-1,0,1,2,1,1,2,1,0,-1,-1,-1,-1,0,0,0,0,0,0,0,0,0,0,0,-1,0,0,0,0,-1
13,24,35,35,39,38,35,33,27,16,0,-13,-19,-25,-35,-36,-33,-27,-27,-25,-18,-10,-5,-2,0,4,13,23,39,49,55,76,71,47,48,32,9,7,-14,-40,-51,-51,-51,-59,-69,-70,-73,-79,-79,-77,-80,-82,-78,-70,-59,-50,-41,-33,-27,-20,-17,-16,-14,-12,-11,-10,-10,-9,-8,-6,-4,-4,-4,-3,-1,0,1,1,2,2,0,0,0,0,0,0,0,0,0,0,0,-1,-1,-2,-2,-2,-1,0,0,0
54,65,62,55,47,30,5,-12,-19,-17,-16,-12,-9,-10,-14,-16,-14,-22,-27,-25,-21,-15,-11,-6,-1,2,5,10,19,26,33,36,34,31,31,24,28,35,39,26,12,8,6,-1,-12,-21,-27,-33,-37,-43,-50,-55,-55,-55,-57,-56,-51,-44,-37,-31,-24,-17,-12,-9,-9,-9,-9,-9,-9,-9,-10,-10,-9,-8,-6,-3,-2,-1,0,0,0,0,0,0,1,1,1,0,0,0,0,0,-1,-1,-2,-2,-3,-2,-2,-2
53,49,38,28,14,7,7,4,-5,-9,-10,-11,-9,3,5,14,25,24,21,15,8,7,7,9,13,13,12,1,-2,1,4,13,22,16,20,13,0,9,0,-3,4,2,0,7,10,5,-3,-14,-26,-35,-40,-44,-45,-41,-34,-27,-21,-17,-12,-10,-9,-7,-5,-4,-4,-4,-3,-3,-1,0,0,0,0,0,1,4,5,5,5,2,1,1,1,1,2,1,1,1,0,0,1,1,1,1,0,0,0,0,0,0
87,111,110,83,63,39,6,-4,-1,-6,-11,-12,-15,-18,-25,-28,-21,-20,-16,-6,-8,-8,-6,-1,9,20,31,40,37,33,28,13,7,6,3,17,32,28,31,35,29,25,24,15,-4,-17,-26,-34,-39,-39,-37,-38,-38,-35,-31,-28,-25,-24,-24,-22,-19,-18,-15,-13,-12,-10,-7,-6,-5,-4,-3,-1,0,0,0,0,0,0,-1,-2,-4,-5,-6,-6,-7,-7,-7,-7,-6,-5,-4,-4,-3,-4,-5,-6,-6,-6,-4,-3
17,28,25,27,26,13,-2,-27,-49,-68,-85,-94,-94,-90,-86,-74,-54,-28,-14,-7,-4,-7,-9,-7,-3,0,2,13,26,14,16,29,18,11,6,2,-4,-19,-22,-27,-23,-10,-1,0,1,0,-11,-23,-29,-34,-42,-45,-39,-34,-35,-35,-33,-31,-28,-23,-18,-15,-14,-13,-11,-9,-7,-5,-4,-3,-3,-3,-1,-1,0,1,1,1,1,1,0,1,1,0,0,0,0,-1,-1,-1,-2,-2,-2,-2,-1,-1,-1,-1,-1,-1
74,81,86,93,94,69,40,8,-16,-30,-41,-45,-42,-37,-44,-56,-49,-42,-27,-13,-13,-14,-13,-12,-9,-6,-3,1,2,0,-2,0,2,4,12,23,27,30,26,12,0,-13,-25,-32,-39,-43,-40,-44,-55,-54,-47,-45,-42,-36,-31,-26,-23,-19,-15,-12,-9,-6,-4,-3,-1,0,0,0,0,1,3,4,4,3,2,3,3,2,1,0,0,0,1,1,1,1,1,1,1,1,1,1,0,0,0,0,0,0,0,-1
15,-9,-24,-28,-27,-24,-23,-21,-15,-12,-7,-4,3,14,27,38,36,31,28,25,22,22,27,31,30,33,22,6,9,-1,-4,0,-8,-4,-11,-34,-35,-25,-20,-24,-27,-27,-31,-36,-35,-33,-34,-33,-31,-31,-29,-27,-25,-22,-16,-9,-6,-7,-9,-8,-7,-8,-9,-9,-8,-7,-5,-3,-2,0,0,1,3,6,8,8,5,3,2,1,1,1,1,1,0,0,0,0,0,0,0,0,0,0,0,0,0,0,0,0
58,70,61,52,47,32,15,4,-3,-9,-8,-3,-5,-15,-8,4,11,11,8,12,16,29,43,51,54,45,32,39,43,49,65,57,53,42,23,18,9,-1,-1,-1,-4,0,3,-6,-13,-18,-25,-33,-37,-43,-51,-62,-68,-61,-49,-41,-38,-36,-33,-30,-28,-25,-23,-20,-19,-18,-17,-14,-11,-8,-6,-4,-4,-3,-3,-3,-3,-3,-2,-2,-1,0,0,0,-1,-2,-4,-3,-2,-1,-1,-1,0,0,0,0,0,0,0,0
24,2,-6,-24,-43,-60,-69,-66,-59,-57,-57,-56,-63,-63,-40,-24,-11,-9,-6,-6,-5,-2,0,7,24,55,83,85,84,75,51,36,12,6,3,0,7,15,14,7,-5,-26,-51,-59,-53,-46,-42,-41,-36,-31,-26,-20,-14,-9,-6,-5,-4,-4,-4,-5,-7,-8,-8,-7,-4,-2,0,2,4,5,6,6,6,5,5,3,2,1,1,0,0,0,0,0,0,0,0,0,0,0,0,1,1,1,1,1,0,0,0,0
34,52,58,55,57,50,36,29,23,18,12,4,-2,-9,-10,1,-4,1,3,0,0,2,11,13,13,16,9,13,21,2,12,15,11,12,18,22,7,-8,-23,-35,-41,-46,-52,-62,-68,-71,-71,-67,-61,-54,-49,-43,-35,-28,-24,-20,-15,-11,-10,-9,-7,-6,-7,-7,-6,-5,-4,-3,-1,-1,0,0,0,0,0,0,0,0,0,0,-1,-1,-1,-2,-1,-1,0,0,0,0,0,0,0,0,0,0,0,0,0,0
-11,0,-1,-5,-4,-10,-15,-18,-20,-18,-12,-5,-5,-6,-11,-13,-10,-4,8,23,21,18,18,15,12,6,-1,0,-2,3,12,9,15,22,13,10,21,18,16,19,22,23,11,-11,-26,-27,-26,-29,-32,-31,-27,-19,-15,-17,-18,-19,-18,-16,-13,-12,-10,-8,-7,-7,-6,-4,-3,-1,0,1,2,3,3,3,3,3,3,4,4,3,2,2,1,1,0,0,1,1,1,1,1,1,1,1,1,0,0,0,0,0
27,46,47,40,30,17,5,-8,-17,-25,-24,-20,-16,-19,-24,-26,-24,-16,-6,-3,-1,0,-1,-1,3,1,3,7,4,2,0,-6,-5,-11,-11,-11,-16,-20,0,4,3,15,17,16,9,3,0,-7,-18,-29,-38,-41,-39,-32,-25,-22,-20,-16,-13,-12,-11,-10,-8,-7,-6,-4,-3,-2,-1,0,1,1,1,2,2,2,2,1,1,0,0,0,0,-1,-1,0,0,3,5,3,1,1,0,0,0,0,0,0,0,0
19,15,6,5,13,12,3,4,5,11,14,14,10,3,-3,-1,7,15,17,13,11,13,15,13,12,13,6,-1,0,-5,-10,-8,-20,-14,-12,-25,-16,-12,-14,-18,-14,-6,-7,-13,-19,-26,-31,-35,-35,-33,-31,-27,-23,-20,-17,-14,-10,-7,-6,-6,-7,-9,-10,-14,-17,-17,-15,-13,-11,-9,-7,-4,-2,0,0,1,2,2,1,1,1,1,0,0,0,0,0,0,0,0,0,0,0,0,0,0,0,0,0,0
51,47,46,43,36,28,18,9,7,9,16,24,30,23,6,-2,0,9,18,19,13,12,13,11,10,10,12,19,23,22,17,8,-4,-9,-14,-11,-7,-3,3,5,10,19,18,15,16,9,-12,-31,-42,-49,-53,-53,-46,-35,-24,-12,-5,-2,0,2,2,3,3,3,2,1,0,0,0,0,0,0,0,0,0,0,0,1,1,0,0,0,0,0,0,0,0,0,0,0,0,0,0,0,0,0,0,0,0,0
-14,-24,-31,-31,-37,-44,-49,-46,-42,-39,-32,-26,-23,-24,-23,-16,-4,5,13,15,15,16,17,23,25,23,20,15,6,-3,-16,-27,-33,-36,-22,-21,-21,-6,0,7,21,28,26,19,8,-2,-11,-15,-16,-16,-15,-12,-9,-6,-3,0,2,4,5,6,5,4,1,0,-2,-3,-3,-2,-1,0,0,1,1,1,1,1,0,0,-1,-1,-1,-1,-1,-1,-1,0,0,0,0,0,0,0,0,0,0,0,0,0,0,0
37,42,33,27,22,16,9,-3,-16,-20,-19,-17,-15,-16,-24,-27,-18,-7,7,18,18,15,17,21,19,19,25,31,28,19,16,9,2,-2,6,10,10,31,36,29,27,25,18,-10,-24,-25,-29,-34,-34,-30,-26,-22,-18,-13,-8,-4,-2,-2,-2,-3,-4,-4,-5,-5,-6,-6,-5,-5,-4,-3,-3,-3,-2,-1,-1,-1,-1,-1,-1,-1,0,0,0,0,0,0,0,0,0,0,0,0,0,0,0,-1,-1,-1,-1,-2
44,53,41,26,11,0,-17,-23,-32,-38,-41,-45,-48,-44,-43,-37,-21,-3,8,19,19,18,23,24,24,35,38,24,27,30,14,16,33,35,29,34,15,-9,-21,-24,-29,-36,-49,-50,-52,-54,-56,-55,-50,-42,-33,-24,-18,-14,-13,-15,-18,-20,-22,-24,-26,-25,-23,-20,-18,-15,-12,-9,-8,-6,-4,-3,-2,-1,-1,0,0,0,0,0,0,-1,-1,-1,-1,0,0,0,0,0,0,0,0,0,0,0,0,0,0,0
-7,-29,-54,-82,-106,-127,-144,-155,-150,-141,-126,-85,-87,-86,-69,-64,-65,-65,-62,-57,-48,-25,10,44,73,96,111,110,111,105,94,79,65,53,37,18,2,-17,-36,-45,-45,-41,-37,-33,-29,-23,-17,-14,-11,-8,-5,-3,-1,0,0,1,0,0,0,1,2,3,4,4,4,4,3,3,2,2,1,1,1,3,4,4,3,3,2,3,4,6,8,10,10,9,7,6,4,2,1,1,0,0,0,0,0,0,0,0
-37,-50,-57,-72,-83,-88,-96,-99,-89,-76,-81,-72,-85,-87,-85,-66,-58,-53,-43,-38,-34,-30,-26,-23,-18,2,35,52,70,81,94,116,130,144,148,128,107,100,96,87,76,66,41,13,-6,-16,-21,-24,-23,-12,3,9,8,2,-1,-4,-3,-2,-1,-2,-3,-2,-2,0,3,5,4,4,3,2,2,2,0,0,0,1,1,1,1,0,0,0,0,0,-1,0,0,0,0,0,0,0,0,0,0,0,0,0,0,0
3,-10,-30,-49,-64,-80,-93,-100,-110,-112,-123,-117,-99,-66,-60,-59,-50,-47,-43,-37,-32,-26,-20,-11,1,18,43,57,80,103,105,81,64,49,41,29,12,-5,-18,-30,-42,-55,-71,-83,-83,-72,-57,-47,-42,-36,-29,-24,-18,-13,-12,-13,-12,-11,-9,-8,-6,-3,0,0,4,6,6,6,7,7,8,8,7,6,5,4,3,2,3,4,5,5,5,5,4,4,4,5,7,9,11,10,10,9,7,5,4,3,3,2
-28,-45,-54,-77,-102,-123,-135,-132,-110,-79,-59,-59,-60,-61,-68,-63,-55,-50,-44,-40,-34,-30,-24,-18,-9,0,22,49,77,102,117,118,114,103,96,90,76,68,68,68,63,55,45,28,8,-7,-16,-23,-22,-17,-13,-11,-10,-9,-8,-9,-12,-16,-18,-17,-15,-12,-11,-9,-7,-6,-3,-1,0,0,1,2,1,0,0,-1,-1,0,0,0,0,0,0,0,-1,0,0,0,0,1,1,1,1,2,2,1,1,1,1,0
24,9,-6,-31,-58,-82,-105,-110,-105,-95,-79,-76,-62,-49,-40,-38,-36,-32,-33,-33,-33,-29,-26,-16,2,16,29,48,49,62,68,56,68,75,71,74,69,61,58,57,53,41,25,11,0,-6,-7,-8,-7,-7,-6,-4,-3,-2,-2,-4,-9,-11,-10,-9,-8,-7,-6,-7,-5,-3,-3,-1,0,0,1,1,4,8,9,8,5,3,1,1,0,0,0,-1,-1,-1,0,-1,-1,0,0,2,2,2,2,1,1,1,0,3
-62,-84,-108,-128,-145,-159,-141,-108,-80,-51,-44,-30,-21,-15,-12,-11,-13,-14,-16,-17,-18,-16,-11,-7,0,15,31,45,55,65,60,64,71,71,81,86,85,86,78,64,49,39,35,35,34,30,23,16,7,-2,-12,-19,-22,-22,-19,-11,-5,-1,0,0,-4,-6,-8,-9,-9,-10,-11,-11,-8,-4,-1,0,0,0,1,1,1,1,1,0,1,1,1,0,0,0,-1,-2,-4,-7,-9,-9,-7,-5,-4,-4,-3,-3,-1,0
-68,-79,-98,-119,-138,-153,-153,-152,-141,-114,-87,-67,-71,-60,-41,-29,-23,-21,-21,-20,-19,-18,-17,-16,-15,-16,-10,1,9,18,33,50,50,50,59,51,56,75,74,75,77,62,54,51,43,36,31,26,16,6,0,-4,-6,-6,-3,1,3,1,0,-1,0,0,0,0,0,0,1,1,1,1,2,3,3,2,1,1,1,0,0,0,0,0,0,0,0,0,0,-1,-1,-1,-1,-1,0,-1,-1,-1,0,0,0,-1
7,-2,-14,-35,-65,-92,-114,-130,-113,-90,-58,-56,-50,-46,-37,-32,-27,-24,-24,-23,-21,-18,-15,-12,-10,-8,-3,3,17,31,49,71,82,84,89,99,93,88,60,38,44,52,47,32,17,10,5,0,-5,-12,-19,-19,-16,-15,-14,-10,-6,-3,-1,1,3,6,13,18,14,8,5,3,1,0,0,0,0,-1,0,0,-1,-1,0,0,0,1,1,0,0,0,0,0,0,0,0,0,0,-1,-1,-1,-1,-2,-2,-2
-9,-30,-42,-44,-35,-26,-39,-49,-52,-34,-24,-21,-22,-27,-28,-29,-29,-30,-32,-32,-27,-21,-17,-9,1,18,41,67,73,76,72,62,68,67,57,52,44,40,42,37,31,24,13,0,-7,-12,-16,-20,-23,-24,-22,-21,-18,-15,-10,-6,-3,-2,-1,-1,-3,-4,-5,-4,-3,-3,-3,-3,-2,0,0,0,0,0,0,-1,-1,-1,-1,-1,-2,-2,-1,-2,-1,-1,-1,-1,0,0,0,0,0,0,0,0,0,0,0,0
-8,-23,-40,-67,-91,-107,-120,-125,-120,-104,-89,-74,-57,-50,-34,-25,-24,-22,-21,-20,-19,-17,-13,-10,-4,1,10,21,34,43,59,73,86,83,85,74,66,79,86,77,60,40,19,4,-4,-11,-17,-20,-22,-21,-18,-13,-9,-6,-2,-1,0,0,0,0,0,-1,-2,-2,-1,-1,-1,-2,-2,-2,-2,-2,-2,-2,-2,-2,-2,-2,-1,-1,-1,-1,-1,-1,-1,-1,-1,-1,-1,0,0,0,0,0,0,0,0,2,6,8
-31,-61,-83,-104,-125,-139,-137,-129,-119,-102,-111,-103,-101,-74,-56,-51,-48,-44,-43,-44,-40,-23,-10,0,20,26,31,53,60,79,97,92,88,91,82,64,43,23,9,-1,-13,-22,-27,-29,-29,-26,-21,-15,-9,-5,-6,-7,-6,-5,-7,-8,-7,-6,-6,-4,-2,0,0,0,0,0,1,1,2,2,2,2,1,1,1,2,2,1,0,0,1,1,1,1,1,0,0,0,0,0,0,0,0,0,0,0,-1,-1,0,0
12,21,0,-29,-58,-86,-109,-124,-108,-85,-52,-62,-57,-48,-38,-40,-39,-34,-29,-29,-28,-19,-5,20,43,58,80,86,92,87,75,75,68,58,53,48,38,24,9,-2,-10,-13,-14,-16,-16,-14,-11,-4,1,3,2,1,0,0,-2,-4,-6,-6,-6,-5,-4,-3,-2,-1,-1,0,0,0,0,-1,-1,-1,-1,-2,-1,-1,-1,-1,0,0,-1,-1,-1,-1,-1,0,0,0,0,0,0,0,0,0,0,0,0,0,0,0
-5,-18,-46,-75,-98,-120,-138,-144,-125,-109,-70,-72,-64,-57,-42,-38,-37,-32,-29,-31,-21,-13,-3,13,31,56,83,107,112,127,132,113,101,89,62,41,20,5,-5,-10,-12,-13,-12,-8,-5,-4,-2,-2,-4,-6,-8,-9,-9,-8,-7,-6,-5,-4,-3,-2,0,0,1,1,2,2,2,0,0,-1,-2,-2,-2,-1,-1,0,0,0,0,0,0,0,0,0,0,0,0,0,0,0,0,0,0,0,0,0,0,0,0,0
-25,-57,-85,-90,-88,-88,-87,-86,-77,-69,-49,-41,-35,-19,-14,-17,-20,-22,-20,-5,5,29,61,83,106,127,127,113,103,89,65,39,22,7,-4,-14,-22,-27,-28,-28,-25,-23,-21,-17,-13,-5,3,6,4,1,-2,-4,-4,-3,-3,-2,-1,0,0,2,4,5,6,6,5,4,3,2,1,0,0,0,-1,0,0,0,0,0,0,0,0,0,-1,0,0,0,0,0,0,-1,-1,-1,-2,-2,-2,-2,-2,-2,-1,-1
-40,-70,-96,-118,-137,-142,-137,-143,-131,-89,-80,-73,-58,-43,-41,-40,-35,-31,-26,-14,0,12,27,43,58,77,82,92,88,82,86,76,70,57,41,38,37,29,20,11,4,0,-1,2,6,8,8,6,5,4,3,3,2,1,0,0,0,0,0,0,0,-1,-1,-1,-1,-1,-1,-1,0,0,0,0,0,0,0,0,0,0,0,0,0,0,0,0,-1,-1,-1,-1,-1,-1,-1,-1,-1,-1,-1,-1,-1,-1,0,0
-38,-68,-94,-116,-122,-107,-88,-71,-60,-40,-44,-36,-31,-18,-11,-14,-17,-16,-4,14,35,65,91,100,103,85,76,79,80,74,60,35,12,5,9,16,19,15,7,0,-4,-3,1,7,11,14,15,13,9,6,3,0,-1,-2,-3,-3,-4,-4,-4,-3,-3,-2,-1,-1,0,0,0,-1,-1,-1,-1,-1,0,0,0,0,0,0,0,0,0,0,0,0,0,0,0,0,0,0,0,-1,-1,-1,0,0,0,0,0,0
-10,-7,-22,-42,-44,-52,-71,-96,-118,-131,-107,-105,-90,-82,-67,-58,-57,-58,-57,-40,-24,-17,6,28,36,64,90,109,129,135,116,93,79,63,46,34,19,6,-1,-5,-5,-1,0,0,0,0,0,1,1,1,1,2,1,1,2,3,3,3,3,2,0,-4,-6,-6,-5,-5,-4,-3,-2,-1,-1,-1,0,0,0,0,0,0,0,0,0,0,0,0,0,0,0,0,0,0,0,0,0,0,-1,-1,-1,-1,-1,0
-20,-26,-48,-73,-98,-120,-138,-142,-129,-109,-84,-79,-66,-46,-36,-33,-28,-25,-21,-14,1,21,53,81,104,111,106,101,104,110,100,74,55,47,36,19,2,-10,-15,-14,-13,-13,-12,-11,-9,-6,-4,-1,0,1,1,1,0,0,0,0,0,0,0,0,0,0,0,0,0,0,0,0,0,0,0,0,0,0,0,0,0,0,0,1,1,2,3,4,3,3,2,2,1,0,0,0,0,0,0,0,0,0,0,0
-27,-59,-86,-109,-123,-105,-90,-72,-60,-65,-43,-38,-21,-19,-18,-20,-24,-13,11,40,66,82,81,98,112,110,104,111,109,98,93,89,76,53,31,14,3,-2,-4,-5,-5,-4,-3,-3,-2,-2,-4,-5,-6,-7,-7,-7,-7,-7,-7,-6,-6,-7,-8,-9,-10,-10,-10,-8,-7,-5,-4,-3,-3,-3,-4,-4,-3,-3,-3,-2,-2,-1,0,0,0,0,0,0,0,0,0,-1,-1,-1,-2,-3,-3,-3,-2,-2,-2,-1,-1,-1
-77,-102,-123,-141,-154,-148,-139,-126,-106,-83,-59,-60,-58,-40,-31,-28,-27,-24,-19,-9,8,35,55,75,82,99,104,105,108,108,115,112,106,97,82,65,46,27,10,-3,-10,-10,-11,-12,-13,-14,-16,-16,-15,-13,-11,-8,-5,-3,-3,-1,0,1,3,3,3,4,7,7,6,6,5,2,0,-1,-2,-1,0,1,3,4,5,4,4,4,3,2,2,1,0,0,0,0,0,0,0,0,0,0,0,0,0,0,0,0
25,38,51,59,65,70,73,77,81,79,71,66,63,61,50,43,46,50,49,45,39,37,28,13,12,5,7,12,17,27,43,65,78,72,85,104,117,121,120,112,102,85,66,49,32,15,1,-3,-6,-9,-13,-18,-20,-20,-19,-18,-20,-23,-28,-32,-35,-34,-32,-31,-29,-29,-28,-28,-26,-24,-23,-23,-23,-24,-23,-21,-18,-16,-15,-14,-12,-11,-11,-12,-13,-13,-11,-9,-8,-8,-8,-8,-8,-7,-7,-6,-5,-4,-3,-2
21,13,-24,-43,-3,33,64,90,113,133,131,106,83,68,44,25,12,4,8,3,-4,-7,-13,-11,0,-8,-17,-2,7,8,18,32,41,46,42,53,56,45,48,59,65,65,58,50,44,34,22,10,0,-4,-8,-14,-20,-21,-18,-15,-14,-17,-20,-25,-29,-33,-36,-35,-31,-27,-23,-20,-18,-16,-17,-16,-15,-13,-12,-10,-8,-6,-6,-6,-4,-1,0,-1,-3,-3,-3,-3,-2,-2,-3,-3,-2,-1,-1,-1,-1,-2,-1,-1
-14,9,31,42,71,97,119,133,145,153,159,159,153,145,127,104,86,75,62,43,25,19,13,0,-9,-19,-19,-24,-26,-18,-15,-3,11,13,19,12,1,16,37,44,47,50,49,41,27,13,7,5,3,0,-5,-9,-11,-11,-11,-11,-10,-10,-10,-9,-9,-9,-9,-8,-7,-5,-5,-5,-4,-5,-5,-4,-3,-2,-1,-1,-1,-1,-1,-1,0,0,0,1,0,0,0,0,0,1,1,1,1,1,0,0,0,0,0,0
34,42,49,56,72,84,91,99,103,102,91,74,62,45,27,16,11,10,15,20,21,22,29,34,37,42,49,60,71,76,85,89,91,93,96,94,90,88,78,64,54,46,34,21,12,6,-4,-14,-19,-23,-27,-29,-28,-28,-29,-31,-33,-32,-31,-33,-37,-40,-40,-39,-37,-35,-32,-29,-27,-24,-21,-18,-16,-14,-11,-9,-7,-5,-4,-3,-1,0,2,3,4,6,6,6,5,7,9,10,12,12,12,11,10,9,8,7
52,63,64,77,88,93,99,105,106,104,98,89,76,63,53,44,37,38,36,36,37,41,49,58,65,72,78,79,86,80,84,86,91,110,110,108,122,123,112,98,84,68,53,42,31,19,9,1,-8,-16,-24,-31,-38,-44,-49,-53,-56,-56,-55,-52,-49,-46,-45,-43,-40,-37,-32,-27,-22,-20,-21,-23,-24,-22,-20,-17,-14,-12,-11,-9,-7,-6,-5,-5,-6,-8,-9,-9,-8,-7,-6,-6,-5,-4,-3,-3,-2,-1,0,0
84,102,102,112,117,113,112,105,101,101,99,97,91,81,71,62,55,47,39,31,21,15,10,8,13,18,14,16,21,23,28,29,27,28,22,23,47,76,89,86,71,55,43,33,24,16,7,1,-4,-9,-13,-18,-25,-30,-32,-29,-26,-23,-23,-23,-23,-22,-21,-19,-18,-15,-14,-12,-13,-13,-13,-13,-12,-10,-8,-7,-5,-5,-4,-3,-2,-1,-2,-1,-1,0,0,0,0,0,0,0,0,0,0,0,0,0,-1,-1
69,77,91,102,113,122,128,130,128,126,119,112,105,98,89,80,72,64,55,43,32,22,12,4,-2,-9,-15,-11,-7,-5,-2,19,33,33,46,59,65,73,96,117,120,115,104,90,74,59,48,39,25,12,4,-3,-15,-28,-38,-44,-49,-54,-51,-41,-35,-35,-38,-40,-36,-28,-22,-18,-16,-13,-12,-11,-9,-7,-5,-4,-3,-4,-5,-5,-4,-3,-1,0,0,0,0,0,0,0,0,0,0,0,0,0,0,0,0,0
14,31,60,80,102,123,139,146,150,149,143,133,114,98,90,78,68,56,45,39,40,52,57,53,63,66,73,66,66,64,68,76,74,66,60,50,37,29,20,7,-3,-9,-12,-14,-18,-21,-22,-21,-20,-18,-16,-14,-12,-10,-7,-4,-1,0,0,-1,-3,-6,-6,-6,-6,-6,-6,-5,-5,-4,-3,-1,0,1,1,2,2,3,3,3,5,6,5,4,4,4,4,3,3,3,3,3,3,4,4,5,5,5,5,4
34,40,49,64,90,109,112,105,94,82,67,51,39,29,12,-9,-17,-13,-14,-11,-9,-7,1,8,15,31,48,76,98,115,96,78,82,79,63,52,43,35,31,23,14,7,0,-6,-12,-19,-26,-30,-32,-34,-35,-37,-39,-39,-37,-35,-34,-33,-32,-30,-28,-24,-21,-19,-17,-14,-12,-10,-8,-7,-6,-5,-4,-3,-3,-2,-2,-2,-1,0,0,0,0,0,0,0,0,0,0,0,1,2,2,2,1,2,2,2,1,2
9,33,52,80,105,122,119,116,114,105,93,75,57,42,31,25,21,14,9,8,9,14,23,37,62,75,81,93,90,90,86,89,92,101,121,123,102,83,74,64,48,35,28,21,11,3,-2,-6,-10,-14,-17,-18,-21,-24,-26,-25,-24,-23,-22,-19,-16,-14,-11,-8,-4,-1,1,2,3,3,4,4,4,2,0,0,0,0,0,-1,-1,-2,-2,-2,-1,-1,0,0,0,1,2,3,4,5,5,4,5,6,8,9
40,52,64,83,99,105,110,110,105,96,82,65,50,30,5,-19,-17,-8,-7,-2,2,7,16,21,29,41,49,60,77,84,108,108,98,92,92,94,83,68,61,58,50,42,36,28,18,10,3,-4,-14,-21,-23,-24,-24,-25,-22,-18,-15,-13,-12,-11,-10,-11,-12,-12,-12,-11,-8,-4,-2,-1,-1,-1,-1,0,-1,-1,-2,-3,-4,-5,-5,-4,-2,-1,0,0,-1,-1,0,0,-1,-1,0,0,-1,0,0,1,1,1
56,82,97,98,88,85,85,86,89,86,79,70,56,44,37,29,29,33,31,35,51,67,83,100,105,95,99,110,109,97,94,107,109,110,103,85,74,67,56,42,32,23,14,6,-2,-9,-12,-14,-15,-14,-13,-12,-9,-8,-9,-14,-15,-16,-17,-17,-14,-12,-13,-14,-13,-12,-10,-9,-8,-8,-7,-7,-7,-6,-5,-3,-1,0,0,0,0,0,0,0,0,0,0,0,0,0,0,6,19,25,25,24,25,23,18,15
47,63,69,73,79,84,83,84,85,77,67,60,42,12,4,11,4,0,7,21,38,53,72,85,104,119,128,138,129,115,111,117,112,81,57,46,40,33,24,16,11,7,0,-12,-23,-31,-37,-42,-47,-47,-43,-38,-34,-31,-27,-23,-21,-19,-17,-15,-14,-14,-15,-14,-12,-9,-6,-4,-3,-2,-1,0,0,0,1,1,1,1,1,0,0,0,0,0,0,0,0,0,0,0,0,0,0,0,0,0,0,0,0,0
-3,3,20,52,81,105,126,143,155,161,164,153,131,101,68,51,43,31,24,22,22,30,42,57,62,58,64,70,65,57,61,48,41,31,34,38,39,41,38,26,19,13,4,-2,-10,-23,-29,-23,-23,-31,-39,-45,-49,-51,-47,-35,-23,-16,-14,-11,-7,-2,2,4,3,3,2,2,1,1,0,0,0,0,0,0,0,1,1,1,1,1,1,1,1,1,1,1,1,0,0,0,0,0,0,0,0,0,0,0
33,63,88,112,131,145,142,135,118,103,84,61,35,17,10,6,1,1,7,23,37,50,63,79,89,97,109,123,130,127,124,111,81,94,108,89,62,44,36,29,19,5,-8,-17,-22,-26,-32,-39,-42,-45,-49,-47,-42,-37,-32,-31,-31,-31,-31,-29,-26,-24,-21,-20,-18,-15,-11,-7,-4,-4,-3,-1,0,0,0,0,0,0,-1,-2,-1,0,0,0,0,1,1,1,1,1,1,1,1,1,1,1,1,1,1,1
9,5,-1,3,20,36,61,88,111,113,107,104,97,85,72,57,47,45,43,41,43,44,47,58,73,88,95,91,98,98,103,112,110,109,94,80,73,69,75,76,66,52,47,49,50,36,13,-4,-16,-24,-35,-46,-55,-58,-54,-48,-42,-37,-32,-27,-24,-23,-22,-19,-17,-15,-14,-14,-13,-11,-9,-7,-5,-4,-3,-3,-2,-2,-1,-1,-1,-1,-1,-1,-1,-1,-1,0,0,0,0,0,0,0,0,0,0,0,0,0
-21,-23,-9,10,16,4,32,63,85,106,127,141,144,134,120,105,89,76,66,57,54,58,59,55,64,75,82,90,101,112,116,121,127,123,109,104,97,85,81,74,64,54,46,37,24,10,-1,-11,-19,-24,-30,-36,-44,-49,-48,-44,-37,-30,-25,-23,-23,-24,-26,-26,-26,-22,-18,-15,-13,-10,-6,-3,-1,0,-1,-2,-1,0,0,0,1,2,2,3,2,2,2,2,1,1,1,1,0,0,0,0,0,0,0,0
38,35,30,30,38,64,90,113,130,143,136,114,108,96,73,47,28,18,13,9,9,10,11,13,14,25,50,64,62,78,84,88,107,118,123,101,99,114,103,78,62,59,58,51,39,28,19,11,1,-10,-21,-30,-37,-41,-43,-42,-40,-38,-37,-36,-35,-35,-35,-35,-35,-33,-29,-24,-20,-19,-19,-15,-9,-5,-4,-5,-7,-6,-5,-3,-2,-2,-2,-3,-2,-2,-2,-2,-2,-2,-2,-1,-1,-1,-1,-1,0,0,0,0
16,18,37,66,83,103,124,139,143,137,119,98,85,76,65,64,65,59,47,40,39,36,36,46,60,71,83,90,97,107,121,130,128,123,120,117,116,110,91,70,54,48,45,39,32,22,11,-1,-14,-26,-38,-53,-65,-70,-71,-69,-64,-55,-46,-36,-28,-22,-20,-17,-11,-6,-5,-6,-5,-2,0,3,4,2,0,0,0,0,0,-1,-1,-1,-1,-1,-1,-2,-2,-2,-1,-1,-1,-1,-1,-1,-1,0,0,0,0,0
31,30,33,42,43,45,53,76,101,100,86,77,63,52,48,48,49,39,23,10,2,7,18,21,22,26,29,32,39,44,40,49,64,73,77,87,97,102,112,124,133,133,123,105,87,77,72,65,55,42,29,15,1,-10,-19,-31,-43,-52,-55,-56,-56,-55,-53,-49,-44,-38,-33,-30,-26,-14,0,8,8,7,5,2,-3,-7,-10,-11,-12,-12,-11,-9,-7,-4,-1,0,1,1,1,0,0,0,0,0,0,0,0,0
0,-7,-13,-12,-9,-7,0,9,18,24,25,24,21,17,8,-3,-11,-15,-15,-15,-12,-7,-4,-3,0,3,9,19,33,51,67,77,81,78,72,63,50,31,8,-16,-45,-71,-92,-107,-112,-101,-75,-40,-11,2,8,9,9,10,9,8,6,0,-7,-13,-19,-24,-29,-35,-39,-40,-41,-41,-38,-34,-29,-25,-21,-17,-12,-5,0,2,4,4,2,0,-3,-5,-6,-6,-4,-1,1,1,3,2,0,0,0,1,3,7,7,6
-32,-26,-20,-16,-14,-13,-12,-12,-10,-9,-7,-5,-3,-3,-4,-7,-10,-11,-11,-11,-12,-15,-15,-13,-10,-10,-9,-7,-5,-3,-1,0,1,1,1,1,2,5,8,12,14,14,12,8,4,1,0,-2,-3,-4,-2,0,1,-1,-6,-11,-14,-8,-1,0,5,7,4,-3,-16,-25,-25,-19,-10,-2,4,9,13,15,18,21,24,27,29,28,24,20,16,13,11,7,1,-7,-15,-21,-25,-29,-33,-35,-34,-32,-29,-25,-23,-20
14,14,15,15,16,15,11,6,1,-2,-2,2,3,1,0,8,31,37,25,18,15,8,6,9,15,19,16,9,1,-5,-10,-9,-7,-6,-4,-1,0,0,1,1,2,2,1,0,-2,-4,-5,-5,-5,-6,-10,-13,-15,-16,-16,-16,-16,-16,-16,-17,-18,-20,-21,-19,-15,-11,-7,-3,0,1,3,6,7,7,6,5,4,3,1,0,1,1,-1,-2,0,2,4,6,6,4,2,-1,-3,-6,-9,-11,-11,-12,-13,-14
-8,-6,0,7,13,16,17,16,17,22,26,30,37,39,33,23,7,-14,-30,-36,-33,-24,-14,-6,-1,3,5,5,4,4,6,11,16,16,13,9,7,6,4,1,-1,-3,-5,-5,-4,-1,0,1,2,-1,-5,-4,-9,-17,-23,-28,-27,-23,-17,-8,-1,0,-2,-5,-6,-4,-1,0,2,3,1,0,-2,-2,-3,-6,-10,-16,-21,-20,-16,-14,-11,-12,-14,-18,-21,-22,-20,-17,-14,-13,-10,-5,-1,2,7,10,9,5
-4,-1,0,0,0,0,0,-1,-6,-9,-9,-11,-13,-13,-15,-14,-11,-6,-1,2,0,-3,-4,-4,-4,-3,-2,-3,-6,-7,-8,-7,-4,0,2,4,6,8,12,15,17,16,14,11,9,8,6,4,4,3,3,2,1,0,-1,-2,-2,-2,-2,-2,-3,-4,-3,-3,-2,-1,0,0,0,0,0,0,1,2,2,2,1,1,1,1,0,0,0,0,0,-1,-1,-1,-1,0,0,0,1,1,1,0,0,0,0,0
29,11,-7,-30,-44,-48,-47,-46,-45,-40,-26,-8,10,32,54,71,80,83,84,83,83,81,70,52,25,-5,-33,-55,-69,-72,-64,-52,-41,-32,-28,-28,-29,-30,-29,-28,-25,-22,-18,-15,-14,-14,-13,-12,-10,-9,-8,-8,-7,-6,-5,-4,-4,-3,-3,-2,-2,-2,-1,-1,-1,0,0,0,0,0,0,0,0,0,0,0,0,0,0,0,0,0,0,0,0,0,0,0,0,0,0,0,0,0,0,0,0,-1,-1,-1
-32,-43,-47,-44,-37,-27,-20,-16,-12,-6,0,7,12,12,7,0,-10,-19,-22,-15,-4,4,9,12,11,7,5,3,1,-2,-5,-8,-10,-11,-11,-9,-6,-3,-2,-1,0,1,3,6,7,6,5,4,4,5,7,7,6,4,1,-1,-3,-5,-6,-7,-8,-8,-8,-7,-7,-6,-5,-4,-3,-2,-1,0,1,3,4,4,2,0,-3,-4,-5,-6,-5,-4,-3,-1,0,1,0,0,0,-2,-3,-3,-4,-5,-4,-3,-2,-1
-20,-17,-12,-8,-5,-1,3,8,14,19,22,22,19,15,11,7,4,3,6,10,11,7,-15,-36,-46,-41,-30,-24,-19,-15,-11,-7,-2,0,-1,-2,-4,-5,0,12,22,25,25,21,18,15,14,13,11,10,7,5,6,7,8,8,6,4,3,3,2,2,1,1,1,0,1,1,1,1,0,0,0,1,1,1,0,0,0,0,0,0,0,0,-1,-1,-1,-1,0,-1,-1,-1,-1,-1,-1,-1,-1,-1,-1,-1
19,22,26,30,36,37,34,30,29,26,20,16,10,4,4,6,1,-5,-16,-27,-37,-44,-45,-41,-37,-33,-32,-31,-30,-29,-27,-25,-22,-18,-14,-10,-5,-3,-2,-2,-1,0,0,1,1,1,1,1,1,2,2,1,0,0,0,0,0,1,1,1,0,0,0,0,0,0,0,0,0,0,0,-1,-1,-1,-1,-1,-1,0,0,0,0,0,0,0,0,0,0,0,0,0,0,0,0,0,0,0,0,0,0,0
-80,-96,-97,-93,-84,-71,-49,-18,13,39,52,58,55,48,41,33,27,24,23,27,29,27,20,10,-11,-23,-22,-9,1,1,-4,-11,-16,-15,-11,-8,-7,-8,-9,-10,-8,-6,-5,-4,-5,-6,-7,-7,-5,-2,0,1,0,-2,-3,-3,-2,-1,-1,-2,-2,-2,-1,-2,-1,-1,0,0,0,0,-1,-2,0,1,1,1,1,0,0,0,-1,-3,-4,-5,-4,-4,-4,-3,-2,-1,-1,-1,0,0,0,0,0,0,-2,0
9,12,14,21,27,29,29,25,21,18,18,23,30,32,30,26,17,9,3,0,-2,-2,0,0,5,8,6,5,6,8,15,13,0,-12,-24,-42,-61,-72,-72,-63,-45,-25,-6,8,13,3,-8,-12,-7,-3,0,3,2,-1,0,4,4,2,-2,-6,-4,-1,0,2,1,0,0,1,4,7,7,6,3,1,0,0,0,-1,-3,-4,-3,-3,-1,0,0,1,1,0,0,0,0,0,-3,-2,-2,-5,-6,-6,-5,-5
-1,0,0,0,-1,-2,-2,-3,-3,-2,-2,-2,-4,-5,-10,-14,-10,-2,2,1,-2,-6,-5,-1,8,20,30,39,45,38,26,18,13,9,4,-1,-3,-3,-4,-6,-8,-10,-11,-10,-9,-5,-1,2,0,-4,-11,-16,-19,-19,-17,-15,-15,-16,-17,-18,-17,-9,1,11,17,14,7,1,-3,-5,-5,-4,-3,-3,-3,-3,-2,-3,-3,-3,-4,-4,-4,-4,-3,-2,0,0,0,0,0,0,1,2,3,4,5,5,5,5
28,24,23,20,13,2,-16,-44,-63,-60,-48,-40,-34,-32,-32,-31,-29,-25,-22,-20,-21,-20,-15,-11,-5,2,10,16,21,23,22,18,15,15,15,15,16,16,14,9,4,4,2,0,-2,-1,0,2,1,-1,-4,-8,-12,-14,-16,-16,-15,-11,-9,-6,-4,-2,0,3,6,10,15,18,21,23,24,25,25,24,24,22,19,15,13,15,19,20,15,9,5,-1,-11,-24,-34,-34,-30,-26,-22,-18,-14,-10,-7,-5,-6,-6
16,25,34,41,47,54,61,65,64,60,54,47,39,28,15,0,-14,-28,-38,-43,-44,-45,-44,-41,-37,-33,-28,-23,-19,-16,-15,-13,-9,-4,0,3,4,4,7,10,10,10,12,17,17,12,8,8,12,15,12,3,-6,-15,-23,-29,-31,-31,-29,-25,-20,-14,-9,-5,-4,-3,-3,0,2,3,5,6,11,26,39,34,20,9,6,10,17,22,23,20,13,8,4,0,-7,-13,-18,-23,-24,-23,-19,-17,-17,-19,-21,-21
10,16,20,20,19,18,17,13,7,-1,-11,-20,-29,-34,-34,-34,-36,-39,-41,-42,-42,-40,-36,-31,-26,-21,-18,-17,-11,-5,0,7,11,14,17,18,18,18,20,21,21,21,21,19,14,8,3,1,0,0,-1,-5,-6,-8,-11,-13,-14,-13,-12,-10,-9,-8,-8,-9,-15,-22,-25,-21,-13,-4,3,9,13,18,22,25,27,29,30,30,27,22,17,13,11,10,10,8,5,2,0,-2,-4,-6,-6,-6,-6,-6,-5,-4
-30,-25,-18,-10,-3,0,0,0,0,-1,-1,-3,-3,-1,3,10,17,23,27,28,26,25,23,19,14,10,5,1,0,-3,-7,-11,-15,-20,-22,-21,-20,-19,-19,-18,-17,-15,-12,-9,-5,-1,0,2,4,6,7,7,6,5,4,2,0,0,-2,-4,-6,-8,-10,-11,-11,-11,-11,-10,-9,-8,-7,-5,-4,-2,-1,0,0,0,1,1,2,2,2,2,2,1,0,0,0,-1,-1,-2,-2,-3,-4,-4,-4,-4,-4,-3
7,15,23,30,33,36,39,40,36,30,25,19,11,1,-7,-16,-23,-31,-40,-47,-50,-52,-53,-54,-57,-51,-39,-30,-23,-19,-18,-20,-22,-22,-19,-15,-10,-7,-5,-1,3,6,12,19,21,19,17,13,8,1,-3,-7,-8,-7,-6,-7,-10,-12,-16,-20,-25,-31,-34,-36,-37,-35,-31,-26,-22,-18,-13,-11,-9,-6,-4,-4,-3,-2,-1,-1,-1,-1,-1,0,1,2,3,4,5,5,4,3,3,2,2,2,3,4,6,7
-27,-16,-5,1,7,8,8,9,8,7,6,6,7,8,9,12,14,15,13,10,4,0,-1,-2,-3,-5,-8,-16,-26,-35,-39,-40,-38,-36,-35,-35,-36,-35,-34,-33,-35,-32,1,18,12,-9,-24,-27,-18,-4,10,22,24,16,7,-1,-9,-14,-15,-14,-11,-8,-5,-4,-4,-7,-10,-12,-15,-18,-20,-21,-20,-16,-11,-6,-3,0,2,4,8,8,6,2,0,-2,-1,0,0,-2,-2,-1,0,4,9,8,1,-1,-2,-1
54,60,59,58,56,53,48,43,37,28,18,9,2,-1,-6,-10,-15,-20,-22,-24,-26,-28,-28,-26,-25,-25,-24,-20,-13,-10,-11,-9,-5,-7,-12,-17,-20,-19,-16,-14,-12,-10,-7,-5,-3,-1,-1,-2,-3,-3,-5,-14,-27,-31,-22,-12,-9,-12,-14,-17,-18,-18,-18,-14,-8,-1,4,9,12,14,16,16,15,15,15,13,11,10,7,5,6,5,4,4,5,6,7,8,6,4,3,3,1,0,-1,-2,-3,-3,-2,-2
21,25,18,7,-5,-12,-13,-10,-7,-5,-5,-4,-1,1,4,8,13,20,26,29,29,26,22,18,16,15,14,10,4,-4,-14,-23,-29,-31,-31,-25,-18,-10,-6,-10,4,20,26,21,11,0,-6,-12,-12,-11,-6,-5,-9,-15,-21,-24,-24,-23,-43,-72,-90,-75,-33,6,31,33,37,41,37,28,18,10,7,10,13,12,9,5,-1,-3,-4,-5,-4,-2,1,4,6,7,7,8,9,9,6,4,1,0,0,0,0,0
