-38,-35,-27,-21,-11,-2,2,5,7,12,19,26,20,1,-18,-37,-51,-54,-30,2,31,55,75,43,47,69,81,72,61,30,5,-11,-19,-16,-16,-18,-13,-11,-12,-11,-10,-10,-12,-10,-11,-10,-15,-21,-21,-23,-29,-23,-17,-14,-15,-17,-20,-21,-22,-27,-30,-32,-36,-39,-40,-40,-41,-42,-43,-44,-45,-46,-47,-47,-47,-48,-48,-47,-47,-47,-47,-47,-47,-47,-47,-47,-47,-47,-46,-46,-46,-46,-46,-46,-46,-46,-46,-46,-46,-46
-21,-21,-13,-5,-3,0,2,10,22,34,47,52,41,15,-16,-37,-34,-8,21,47,70,89,96,102,116,109,86,78,71,47,23,9,1,-10,-19,-25,-26,-30,-36,-33,-21,-13,-6,-1,0,2,-1,-6,-11,-14,-11,-12,-11,-10,-13,-10,0,8,16,3,-8,-11,-13,-17,-22,-25,-27,-30,-34,-35,-36,-38,-39,-39,-41,-42,-43,-43,-43,-44,-44,-44,-44,-45,-45,-45,-45,-45,-45,-45,-45,-45,-45,-45,-45,-45,-45,-46,-46,-46
-36,-30,-24,-20,-18,-20,-22,-26,-27,-26,-23,-14,-11,-22,-41,-58,-67,-61,-34,0,28,53,75,93,109,122,133,118,92,76,61,40,19,9,10,17,27,27,26,29,32,38,41,36,33,28,19,13,9,2,-3,-3,-1,-5,-9,-1,0,-7,-14,-16,-17,-19,-23,-26,-29,-30,-31,-33,-34,-36,-37,-38,-39,-41,-42,-43,-43,-44,-44,-44,-44,-44,-44,-45,-45,-45,-45,-46,-46,-46,-46,-46,-46,-46,-46,-46,-46,-46,-46,-46
-37,-28,-22,-16,-16,-16,-16,-15,-12,-8,0,4,-6,-19,-33,-43,-38,-9,20,46,69,88,102,112,125,108,79,63,58,40,24,12,2,1,8,10,19,22,22,29,26,26,31,24,16,15,4,2,10,4,-2,-1,0,0,-4,-11,-18,-23,-24,-26,-28,-30,-30,-31,-35,-38,-40,-40,-40,-40,-40,-42,-43,-44,-44,-44,-44,-45,-45,-45,-45,-45,-46,-46,-46,-46,-46,-46,-46,-46,-46,-46,-46,-46,-46,-46,-46,-46,-46,-46
-44,-35,-32,-31,-29,-30,-30,-31,-27,-20,-11,0,6,0,-15,-27,-36,-31,-7,22,48,70,89,106,117,123,128,124,97,65,41,26,10,-9,-15,-18,-23,-14,-7,-5,-2,0,6,9,9,11,8,6,7,5,0,-9,-14,-11,-13,-21,-25,-21,-19,-22,-25,-22,-21,-23,-24,-24,-26,-29,-31,-32,-33,-36,-38,-39,-41,-42,-43,-44,-45,-45,-45,-46,-46,-47,-46,-46,-46,-46,-46,-46,-46,-46,-45,-45,-45,-45,-45,-45,-45,-45
-48,-46,-48,-50,-50,-53,-54,-58,-64,-70,-68,-63,-58,-58,-63,-67,-63,-46,-16,15,42,65,85,100,99,91,85,69,56,41,32,25,7,-2,-7,-9,-3,1,9,8,2,5,8,8,4,6,6,-5,-12,-1,-2,-12,-13,-10,-12,-15,-17,-16,-20,-22,-22,-21,-23,-25,-28,-32,-35,-36,-37,-37,-39,-39,-40,-41,-42,-43,-44,-44,-44,-45,-45,-46,-45,-46,-46,-45,-45,-45,-45,-45,-46,-46,-45,-45,-45,-45,-46,-46,-46,-46
-42,-41,-41,-39,-39,-37,-34,-32,-28,-24,-19,-8,-2,-8,-20,-32,-40,-40,-31,-7,22,48,70,89,100,80,75,67,65,40,23,16,11,3,-5,-6,-5,-3,3,9,8,12,21,22,20,17,16,13,1,0,5,-1,-4,0,-2,-14,-22,-22,-24,-30,-35,-36,-37,-36,-35,-35,-37,-39,-38,-37,-39,-41,-43,-42,-42,-43,-44,-44,-45,-46,-46,-46,-47,-47,-47,-47,-47,-46,-46,-45,-45,-45,-45,-45,-45,-45,-45,-45,-45,-45
-41,-36,-33,-31,-29,-28,-31,-32,-29,-24,-18,-11,-13,-24,-36,-44,-45,-33,-4,24,50,72,91,99,94,96,81,60,53,53,53,33,3,-14,-16,-10,-14,-15,-2,3,2,7,9,5,1,-1,-2,0,-9,-18,-14,-9,-11,-18,-22,-22,-22,-25,-30,-32,-33,-34,-35,-36,-36,-36,-37,-42,-42,-41,-42,-42,-42,-43,-44,-45,-45,-45,-44,-44,-45,-45,-45,-45,-45,-45,-46,-45,-45,-46,-46,-46,-46,-46,-45,-46,-46,-46,-46,-46
-42,-36,-31,-29,-28,-26,-27,-28,-25,-15,-1,8,11,5,-7,-15,-14,-6,18,44,67,86,103,104,104,111,91,71,64,59,56,44,31,26,24,20,23,32,35,42,54,60,60,58,50,41,36,31,20,9,6,11,12,11,12,13,6,-2,-6,-11,-16,-20,-24,-27,-30,-33,-35,-36,-37,-38,-39,-41,-42,-43,-44,-45,-46,-46,-47,-47,-46,-46,-46,-46,-46,-46,-46,-46,-46,-46,-46,-46,-46,-46,-46,-46,-46,-46,-46,-46
-35,-26,-24,-23,-27,-27,-27,-26,-26,-26,-27,-28,-29,-31,-38,-43,-41,-32,-19,2,31,55,76,95,110,96,81,77,65,65,66,61,45,33,28,28,23,33,49,52,52,55,49,29,14,11,11,2,-7,-8,-8,-14,-22,-22,-18,-14,-17,-23,-26,-25,-25,-28,-31,-33,-35,-37,-38,-39,-40,-41,-42,-42,-43,-43,-44,-44,-45,-45,-46,-46,-46,-46,-46,-46,-46,-46,-46,-46,-46,-46,-46,-46,-46,-46,-46,-46,-46,-46,-47,-47
-38,-29,-25,-12,-4,0,5,6,8,17,28,41,36,17,0,-7,0,27,53,74,93,108,114,112,121,98,78,64,51,28,7,-11,-29,-33,-25,-16,-4,-1,2,13,24,27,25,23,19,23,25,14,17,12,3,0,0,-5,-13,-20,-25,-29,-31,-32,-33,-35,-38,-41,-43,-44,-44,-44,-43,-43,-44,-44,-45,-45,-46,-46,-46,-46,-46,-46,-46,-46,-46,-46,-46,-47,-46,-47,-46,-46,-46,-46,-46,-46,-46,-46,-46,-46,-46,-46
-33,-34,-33,-29,-30,-31,-29,-31,-30,-25,-19,-7,7,18,21,14,3,2,12,35,59,79,97,112,123,132,132,101,73,59,51,37,25,11,0,-15,-26,-29,-30,-29,-20,-12,-8,-4,0,3,6,5,4,4,3,3,-2,-4,-2,-7,-10,-9,-12,-21,-25,-23,-22,-18,-13,-11,-16,-21,-26,-30,-32,-34,-35,-36,-37,-38,-39,-40,-41,-42,-43,-43,-44,-44,-44,-45,-45,-45,-45,-45,-45,-46,-46,-46,-46,-46,-46,-46,-47,-47
-49,-44,-41,-42,-41,-42,-42,-41,-36,-24,-13,-6,0,0,-1,0,9,24,41,57,74,91,107,121,133,137,124,98,75,67,61,56,54,50,43,38,36,33,29,30,28,23,22,18,11,6,2,0,-6,-12,-15,-16,-18,-21,-22,-21,-21,-21,-17,-11,-8,-17,-25,-25,-25,-28,-32,-34,-37,-40,-40,-41,-46,-46,-46,-46,-46,-47,-47,-46,-46,-46,-46,-46,-46,-46,-46,-46,-46,-46,-46,-46,-46,-46,-46,-46,-46,-46,-46,-46
-42,-43,-42,-46,-49,-50,-52,-50,-46,-41,-35,-27,-24,-24,-27,-27,-19,-4,16,42,65,85,101,116,123,109,96,86,70,57,53,52,41,32,21,15,12,11,10,14,19,22,25,31,32,31,31,29,29,27,21,17,15,12,9,3,5,2,-5,-10,-10,-5,0,0,-4,-12,-19,-24,-27,-30,-31,-32,-33,-35,-37,-38,-40,-41,-42,-43,-43,-43,-44,-44,-45,-45,-45,-45,-45,-45,-45,-45,-45,-45,-45,-45,-45,-45,-45,-45
-34,-29,-23,-16,-13,-14,-16,-15,-12,-7,5,19,29,30,22,17,14,17,26,43,64,84,101,116,128,138,135,114,89,67,49,46,42,39,35,32,29,29,26,31,38,34,33,34,28,22,18,15,14,7,0,-3,-8,-14,-14,-12,-12,-11,-10,-9,-8,-9,-13,-17,-21,-24,-27,-30,-33,-35,-37,-40,-42,-42,-43,-43,-44,-44,-44,-44,-45,-45,-46,-46,-46,-46,-46,-46,-46,-46,-46,-46,-46,-46,-46,-45,-45,-46,-46,-46
-31,-25,-20,-15,-12,-12,-14,-15,-6,5,11,14,23,30,25,15,7,9,19,35,56,77,95,110,123,134,134,124,116,98,77,63,57,40,21,8,7,13,20,23,30,31,25,25,22,14,8,4,2,1,-3,-6,-9,-10,-9,-8,-9,-9,-8,-9,-8,-5,0,9,14,6,-5,-9,-14,-19,-23,-25,-28,-30,-33,-35,-37,-39,-40,-41,-41,-42,-42,-43,-43,-44,-44,-44,-45,-45,-45,-45,-45,-45,-45,-45,-45,-45,-45,-45
-31,-22,-17,-9,-7,-7,-6,-6,-2,6,14,16,13,6,2,7,22,45,68,87,104,118,125,122,131,118,90,68,55,42,32,26,23,24,31,35,36,43,51,49,43,42,37,29,22,14,6,2,0,-9,-17,-17,-14,-17,-21,-17,-17,-21,-27,-31,-33,-34,-36,-38,-40,-41,-42,-43,-43,-44,-44,-44,-44,-45,-45,-45,-45,-45,-46,-46,-46,-46,-46,-46,-46,-46,-46,-46,-46,-46,-46,-46,-46,-46,-46,-46,-46,-46,-46,-46
-37,-33,-29,-22,-20,-18,-19,-21,-20,-16,-10,-4,-2,-3,-5,-8,-8,-2,13,38,61,82,99,114,119,109,99,85,75,58,44,37,33,28,23,21,21,20,15,16,17,14,16,17,9,1,0,-5,-11,-13,-17,-22,-25,-29,-32,-32,-31,-32,-31,-28,-26,-27,-27,-27,-27,-29,-33,-36,-39,-41,-42,-43,-44,-45,-46,-46,-46,-47,-48,-48,-47,-47,-47,-46,-46,-46,-46,-46,-46,-46,-45,-45,-46,-46,-45,-45,-46,-45,-45,-46
-33,-28,-19,-10,-4,1,5,8,12,17,21,23,21,15,6,-1,-4,-4,3,20,45,68,87,104,118,130,129,118,107,98,89,73,62,59,55,50,42,30,24,21,20,18,17,17,10,3,0,-5,-11,-12,-20,-28,-29,-32,-38,-37,-33,-34,-38,-36,-31,-25,-22,-23,-18,-16,-20,-24,-27,-29,-31,-32,-34,-35,-37,-40,-42,-42,-42,-43,-43,-43,-43,-43,-44,-44,-44,-44,-44,-44,-44,-44,-44,-45,-45,-45,-45,-45,-45,-45
-40,-39,-40,-38,-37,-36,-35,-35,-37,-37,-35,-34,-33,-32,-32,-35,-40,-40,-32,-16,4,28,50,68,80,90,100,107,101,87,75,62,52,37,31,24,17,15,21,29,23,20,26,23,17,16,10,4,-1,-9,-13,-14,-21,-25,-27,-30,-33,-32,-31,-29,-29,-28,-25,-21,-19,-18,-20,-24,-26,-27,-30,-33,-34,-36,-38,-39,-40,-41,-41,-42,-43,-43,-43,-44,-44,-44,-45,-45,-46,-46,-46,-46,-46,-46,-46,-46,-47,-47,-46,-46
17,27,40,48,56,72,87,101,116,125,140,150,156,158,154,148,142,134,124,111,94,77,64,54,46,43,44,45,46,50,53,57,60,58,48,30,9,-6,-30,-56,-68,-86,-101,-107,-114,-119,-118,-118,-118,-116,-115,-114,-111,-104,-99,-92,-85,-78,-69,-60,-52,-46,-40,-33,-28,-25,-21,-17,-16,-14,-12,-11,-12,-10,-9,-9,-8,-6,-6,-5,-4,-4,-4,-3,-3,-3,-3,-2,-2,-3,-3,-2,-2,-2,-2,-2,-2,-2,-2,-3
18,27,41,57,70,83,93,103,110,114,116,114,110,107,102,97,93,88,84,78,71,63,55,47,40,36,33,30,30,31,32,34,37,38,35,32,26,16,7,-7,-24,-30,-40,-47,-46,-57,-62,-65,-75,-79,-82,-89,-94,-99,-103,-104,-104,-104,-107,-106,-104,-100,-94,-80,-66,-56,-48,-40,-35,-31,-28,-23,-19,-17,-15,-13,-11,-10,-9,-8,-9,-8,-7,-6,-7,-6,-5,-5,-4,-3,-3,-3,-2,-2,-2,-1,-1,-1,-1,0
24,36,55,75,94,114,131,147,162,172,178,180,177,170,164,157,151,144,132,116,98,80,64,54,46,43,41,40,40,41,38,32,23,13,-2,-17,-30,-45,-61,-71,-84,-96,-98,-108,-111,-110,-114,-114,-112,-113,-112,-109,-109,-111,-107,-101,-98,-91,-79,-70,-61,-50,-41,-36,-30,-26,-24,-20,-17,-15,-14,-13,-12,-12,-10,-9,-9,-7,-6,-6,-5,-4,-4,-3,-2,-2,-2,-1,-1,-1,0,0,0,0,0,-1,0,0,-1,0
9,21,34,49,66,80,96,110,120,129,137,145,148,147,145,139,131,123,114,102,89,74,59,49,42,36,32,29,26,22,17,14,14,11,5,0,-9,-25,-35,-45,-62,-70,-76,-88,-93,-97,-102,-104,-106,-107,-105,-104,-105,-106,-103,-102,-102,-95,-86,-81,-76,-66,-57,-49,-40,-33,-28,-24,-20,-16,-13,-11,-10,-9,-10,-9,-8,-8,-7,-3,-2,-2,-2,-1,-1,-1,0,0,-1,0,0,-1,-1,-1,-1,-1,-1,-1,-2,-2
22,33,48,65,80,94,107,120,131,141,147,150,149,144,140,132,123,113,102,91,81,73,65,60,56,48,40,33,27,23,19,15,8,0,-9,-17,-21,-28,-35,-40,-48,-59,-62,-74,-81,-80,-91,-93,-92,-97,-97,-98,-102,-100,-99,-98,-98,-96,-97,-93,-88,-87,-80,-70,-62,-57,-49,-41,-37,-32,-26,-23,-22,-18,-15,-14,-12,-9,-9,-9,-7,-6,-6,-5,-4,-4,-4,-3,-3,-3,-2,-1,-2,-2,0,0,-1,-1,0,0
31,44,57,73,90,105,119,131,141,150,159,165,169,170,168,162,156,149,141,132,121,108,93,78,64,55,47,40,35,30,26,24,21,16,11,4,-1,-10,-21,-32,-43,-54,-60,-61,-65,-70,-71,-77,-83,-86,-93,-96,-97,-100,-101,-102,-105,-104,-102,-101,-97,-91,-86,-83,-75,-69,-65,-58,-50,-45,-38,-32,-29,-26,-23,-21,-20,-19,-18,-18,-17,-16,-15,-13,-12,-10,-9,-8,-7,-5,-4,-4,-3,-3,-3,-3,-2,-3,-3,-3
15,33,47,60,78,91,103,116,128,138,151,158,163,165,163,160,155,146,135,124,112,100,87,73,61,51,42,34,28,22,14,10,6,-2,-9,-14,-24,-32,-44,-54,-57,-69,-73,-75,-83,-80,-79,-81,-81,-81,-83,-82,-82,-83,-83,-86,-90,-92,-92,-103,-114,-111,-102,-98,-88,-73,-61,-53,-44,-36,-29,-25,-20,-16,-14,-11,-10,-8,-7,-7,-6,-7,-5,-4,-5,-5,-3,-3,-4,-3,-3,-3,-3,-2,-2,-3,-2,-1,-1,-2
46,56,67,79,92,104,115,125,133,141,145,148,147,144,140,133,125,116,107,98,90,84,75,67,57,48,41,33,26,21,17,11,1,-7,-15,-21,-31,-38,-38,-50,-56,-60,-72,-75,-79,-83,-85,-87,-91,-92,-94,-97,-99,-101,-101,-103,-101,-90,-84,-82,-74,-62,-54,-49,-41,-34,-31,-26,-21,-20,-19,-16,-15,-16,-14,-11,-11,-11,-9,-7,-7,-6,-5,-4,-4,-3,-2,-2,-1,0,0,-1,0,0,0,-1,0,0,-1,-1
34,48,58,67,78,88,98,107,114,121,130,135,138,137,135,131,125,117,108,101,91,82,72,61,51,42,36,30,23,18,15,14,12,7,1,-6,-12,-19,-26,-30,-33,-36,-43,-52,-57,-67,-77,-82,-91,-96,-101,-107,-112,-115,-120,-123,-122,-117,-117,-111,-102,-98,-89,-78,-70,-62,-53,-45,-41,-35,-29,-26,-22,-18,-16,-14,-12,-10,-10,-9,-8,-8,-7,-5,-5,-5,-4,-3,-3,-2,-1,-1,-1,-1,0,0,0,0,0,-1
31,43,56,73,84,93,102,107,113,118,123,127,128,127,124,120,116,112,106,102,99,94,88,80,73,65,55,45,38,32,27,25,25,19,11,1,-8,-17,-29,-40,-45,-53,-66,-72,-76,-81,-84,-90,-96,-99,-102,-104,-107,-111,-116,-118,-119,-119,-119,-116,-113,-108,-102,-95,-85,-74,-63,-52,-43,-36,-31,-26,-22,-19,-16,-13,-11,-10,-9,-7,-7,-6,-5,-4,-4,-3,-3,-3,-3,-2,-2,-2,-1,-1,-1,-1,0,0,0,0
51,65,76,88,98,106,114,121,128,136,141,145,149,149,146,140,133,124,113,104,95,88,80,72,61,51,41,33,25,19,15,13,11,7,3,0,-7,-15,-22,-34,-49,-59,-71,-81,-87,-98,-103,-109,-116,-117,-120,-124,-124,-126,-126,-125,-127,-128,-122,-118,-117,-115,-107,-98,-90,-79,-67,-57,-49,-41,-35,-31,-26,-22,-19,-17,-14,-12,-11,-10,-9,-9,-9,-6,-5,-6,-6,-5,-4,-4,-3,-2,-3,-3,-2,-1,-2,-2,-1,-1
56,72,87,97,112,124,132,143,153,160,165,167,164,159,153,145,135,126,116,105,95,83,73,65,58,52,47,40,34,29,23,16,11,4,0,-4,-14,-16,-29,-41,-45,-59,-66,-73,-84,-90,-96,-101,-106,-110,-112,-112,-114,-113,-113,-110,-109,-105,-97,-93,-90,-81,-71,-64,-57,-46,-39,-37,-29,-24,-23,-20,-16,-15,-14,-11,-10,-11,-10,-8,-8,-8,-7,-6,-6,-6,-5,-4,-4,-4,-4,-4,-4,-3,-3,-2,-1,0,0,0
58,70,78,87,95,102,109,113,117,123,129,133,138,141,144,146,147,146,145,143,139,133,124,110,97,82,69,57,46,38,33,27,19,14,10,5,0,-7,-14,-16,-23,-32,-37,-46,-53,-61,-67,-76,-85,-89,-99,-105,-110,-118,-122,-126,-131,-134,-136,-143,-150,-147,-138,-134,-126,-111,-97,-84,-72,-63,-55,-46,-40,-35,-29,-24,-20,-18,-15,-13,-11,-10,-9,-7,-6,-5,-5,-4,-3,-2,-2,-2,-1,-1,0,0,0,0,0,0
30,48,65,82,99,113,125,134,142,148,154,157,157,157,157,154,150,145,138,126,109,92,78,65,57,53,46,39,31,20,11,0,-8,-15,-22,-33,-45,-56,-64,-85,-95,-107,-121,-128,-134,-141,-143,-144,-151,-146,-138,-134,-127,-113,-99,-87,-74,-62,-51,-42,-32,-25,-22,-18,-14,-14,-14,-12,-10,-9,-8,-6,-6,-6,-4,-3,-4,-4,-4,-3,-3,-2,-2,-2,-1,-1,0,0,0,0,0,0,0,0,0,0,0,0,0,0
29,46,64,79,91,106,115,122,130,137,143,146,146,142,136,129,121,114,105,95,85,73,57,43,36,29,25,23,21,18,15,12,3,-3,-5,-9,-10,-13,-13,-15,-27,-32,-41,-55,-60,-70,-80,-86,-93,-99,-103,-110,-116,-119,-115,-121,-119,-112,-112,-110,-100,-90,-81,-66,-53,-46,-40,-30,-24,-22,-18,-15,-13,-12,-8,-7,-9,-8,-6,-6,-5,-3,-3,-2,0,0,0,0,1,1,0,1,1,0,0,0,0,0,0,0
33,48,64,76,89,100,111,121,132,141,149,154,159,161,158,152,144,134,121,107,91,73,58,46,37,32,30,29,28,24,22,18,11,3,-1,-10,-19,-21,-27,-33,-33,-36,-41,-48,-53,-59,-64,-68,-72,-75,-79,-85,-90,-89,-94,-95,-98,-95,-92,-91,-84,-72,-65,-57,-46,-39,-34,-28,-23,-20,-18,-15,-11,-10,-8,-7,-6,-5,-4,-4,-4,-3,-3,-3,-2,-1,-2,-1,0,-1,-1,-1,-1,-2,-1,-1,-1,-2,-1,0
40,51,63,77,89,98,108,116,124,132,137,140,141,138,133,126,119,112,102,91,78,65,50,40,34,29,26,23,22,19,14,14,15,12,7,5,-4,-13,-21,-36,-49,-53,-66,-75,-79,-87,-92,-97,-100,-103,-106,-107,-108,-111,-111,-111,-113,-112,-107,-106,-105,-94,-84,-77,-69,-58,-50,-43,-36,-30,-26,-22,-18,-16,-14,-12,-10,-9,-8,-6,-5,-5,-4,-3,-3,-3,-2,-2,-2,-1,-1,-2,-2,-1,-1,-1,0,0,0,0
31,46,60,75,89,99,109,116,123,131,138,143,147,147,142,137,131,120,110,101,88,72,57,44,34,29,26,26,29,32,33,33,33,28,20,13,7,-5,-17,-23,-35,-46,-54,-62,-72,-78,-83,-88,-90,-94,-98,-102,-106,-107,-109,-113,-110,-108,-107,-101,-90,-82,-75,-65,-56,-48,-41,-34,-30,-26,-21,-19,-17,-13,-11,-10,-9,-7,-6,-6,-5,-4,-4,-4,-3,-3,-3,-2,-1,-1,0,0,0,0,0,0,0,0,0,0
29,48,63,78,91,102,112,122,131,138,145,148,149,146,141,137,133,128,122,114,106,99,94,88,79,67,55,42,33,29,28,25,19,10,1,-10,-24,-32,-42,-52,-55,-60,-66,-68,-70,-75,-81,-86,-90,-94,-99,-104,-108,-113,-118,-121,-115,-116,-113,-103,-94,-88,-76,-66,-59,-50,-42,-36,-34,-30,-25,-21,-18,-14,-11,-10,-9,-7,-6,-6,-6,-5,-5,-5,-4,-4,-4,-4,-3,-3,-3,-2,-2,-3,-3,-1,-2,-2,-1,-1
39,53,67,81,94,109,120,129,136,145,152,156,160,159,154,147,137,124,112,100,88,75,63,51,41,35,29,22,16,15,14,13,13,13,7,2,-1,-6,-13,-24,-35,-42,-46,-51,-49,-52,-54,-55,-57,-59,-62,-65,-69,-74,-79,-86,-92,-97,-101,-107,-108,-106,-107,-108,-104,-99,-98,-88,-73,-63,-55,-48,-43,-40,-34,-28,-25,-23,-19,-17,-16,-13,-10,-10,-10,-8,-7,-7,-6,-4,-4,-4,-3,-3,-3,-3,-2,-2,-2,-1
251,251,250,221,174,172,146,123,105,91,77,66,57,50,42,35,27,22,19,15,13,11,4,-7,-25,-48,-75,-99,-113,-116,-115,-113,-111,-104,-98,-97,-96,-91,-82,-72,-62,-54,-48,-41,-35,-29,-25,-21,-17,-14,-12,-10,-8,-6,-5,-4,-4,-5,-5,-3,-2,-1,-1,-1,-2,-1,-1,-1,-1,-1,-1,0,0,0,0,0,0,0,0,0,0,0,0,0,0,0,0,0,0,0,0,0,0,0,0,0,0,0,0,0
66,89,112,132,148,163,176,183,152,138,129,109,96,82,69,59,52,45,39,32,27,21,17,13,10,7,4,0,-4,-12,-20,-36,-58,-78,-95,-105,-111,-118,-119,-115,-109,-106,-104,-99,-93,-91,-91,-89,-83,-74,-64,-55,-47,-38,-28,-18,-13,-13,-11,-10,-9,-8,-6,-5,-5,-4,-3,-3,-2,-1,-1,-1,0,0,0,0,0,0,0,0,0,0,0,0,0,0,0,0,0,0,0,0,0,0,0,0,0,0,0,0
52,80,104,125,143,158,171,183,192,200,171,166,137,120,101,84,72,62,53,44,36,30,23,19,15,10,4,-1,-9,-25,-54,-82,-102,-114,-117,-118,-119,-113,-111,-108,-99,-91,-87,-83,-78,-73,-69,-63,-54,-45,-38,-32,-28,-24,-20,-17,-14,-12,-10,-9,-8,-7,-7,-7,-6,-5,-4,-4,-4,-3,-3,-2,-2,-2,-2,-2,-2,-2,-1,-1,-1,-1,-1,0,0,0,0,0,0,0,0,0,0,0,-1,0,0,0,0,0
50,78,103,124,142,157,171,179,186,185,173,146,123,98,74,54,35,15,-8,-35,-58,-78,-93,-104,-116,-130,-135,-134,-131,-127,-126,-123,-116,-110,-102,-89,-74,-61,-50,-42,-36,-29,-24,-20,-17,-13,-11,-10,-9,-8,-7,-6,-5,-5,-6,-5,-3,-2,-2,-2,-1,-1,-1,-1,0,0,-1,-1,-1,-1,-1,-1,-1,-2,-1,-1,-1,-1,-1,0,0,0,0,0,0,0,0,0,0,0,0,0,0,0,0,0,0,0,0,0
49,77,102,123,141,157,170,182,191,179,169,149,118,99,83,71,57,45,34,22,8,-10,-37,-66,-92,-114,-126,-130,-130,-134,-133,-124,-114,-109,-107,-101,-92,-81,-70,-59,-50,-41,-34,-30,-27,-23,-19,-16,-14,-12,-11,-10,-8,-7,-6,-5,-4,-3,-3,-2,-1,-1,-1,-1,-1,0,0,-1,-1,0,0,0,0,0,0,0,0,0,0,0,0,0,0,0,0,0,0,0,0,0,0,0,0,0,0,0,0,0,0,0
69,95,117,136,152,166,178,189,196,162,167,133,108,89,74,61,49,38,27,17,6,-10,-36,-66,-91,-110,-127,-135,-136,-137,-139,-137,-130,-121,-113,-104,-94,-82,-70,-61,-53,-45,-40,-35,-30,-26,-22,-20,-18,-15,-13,-11,-9,-8,-7,-5,-4,-3,-2,-2,-2,-1,-1,-1,0,0,0,0,0,0,0,0,0,0,0,0,0,0,0,0,0,0,0,0,0,0,0,0,0,0,0,0,0,0,0,0,0,0,0,0
59,86,110,130,147,162,174,185,195,203,177,156,123,103,85,72,59,47,37,27,18,8,0,-12,-29,-51,-76,-97,-117,-130,-138,-142,-139,-131,-128,-123,-113,-104,-97,-89,-79,-70,-62,-55,-47,-39,-33,-27,-22,-17,-15,-13,-12,-9,-8,-7,-6,-6,-5,-5,-4,-3,-3,-2,-2,-1,-1,-1,0,0,0,0,0,0,0,0,0,-1,0,0,0,0,0,0,0,0,0,0,0,0,0,0,0,0,0,0,0,0,0,0
63,90,113,132,149,164,176,186,189,183,175,146,130,110,90,75,64,52,41,31,24,16,4,-15,-41,-69,-95,-117,-132,-137,-135,-133,-126,-119,-115,-108,-99,-89,-81,-73,-65,-57,-48,-40,-33,-26,-20,-15,-12,-10,-8,-7,-6,-6,-5,-4,-4,-4,-4,-3,-3,-2,-2,-1,0,0,0,0,0,0,0,0,0,0,0,0,0,0,0,0,-1,-1,-1,-1,-1,-1,-1,-1,-1,0,0,0,0,0,0,0,0,0,0,0
82,106,126,144,159,172,181,183,185,149,160,135,110,91,78,64,51,41,32,25,17,10,1,-14,-40,-69,-95,-116,-125,-129,-131,-121,-117,-118,-113,-105,-97,-92,-85,-78,-73,-68,-60,-51,-44,-37,-30,-24,-21,-19,-16,-14,-14,-12,-11,-9,-8,-8,-7,-6,-5,-5,-5,-5,-4,-4,-4,-3,-3,-2,-2,-2,-1,-1,-1,-1,-1,-1,0,0,0,0,0,0,0,0,0,0,0,0,0,0,0,0,0,0,0,0,0,0
54,78,100,118,137,153,167,179,184,185,184,172,152,133,103,84,70,58,46,36,28,24,17,9,1,-5,-17,-34,-57,-79,-94,-107,-116,-122,-123,-122,-120,-116,-111,-102,-91,-83,-78,-72,-65,-57,-51,-45,-39,-32,-27,-22,-18,-15,-12,-10,-8,-7,-5,-4,-3,-3,-2,-2,-1,-1,-1,0,0,0,-1,-1,-1,-1,-1,-1,-1,-1,-1,-1,0,0,0,0,0,0,0,0,0,0,0,0,0,0,0,0,0,0,0,0
64,88,111,131,148,163,175,185,188,185,179,156,141,109,93,79,67,55,45,37,31,25,21,15,9,-1,-17,-39,-60,-67,-72,-86,-95,-98,-101,-103,-105,-108,-108,-105,-100,-94,-86,-81,-76,-67,-58,-52,-47,-40,-32,-27,-22,-18,-14,-12,-10,-9,-7,-6,-5,-4,-3,-3,-2,-2,-1,-1,-1,-1,-1,-1,-1,-1,0,0,0,0,0,0,0,0,0,0,0,0,0,0,0,0,0,0,0,0,0,0,0,0,0,0
42,72,97,119,138,154,168,180,184,187,149,147,119,96,78,64,51,41,32,24,18,11,5,0,-9,-26,-49,-71,-94,-114,-123,-126,-127,-125,-121,-119,-114,-104,-96,-91,-85,-79,-73,-67,-61,-56,-51,-46,-41,-36,-31,-26,-22,-19,-15,-12,-11,-9,-7,-6,-5,-4,-2,-2,-2,-2,-1,-1,-2,-2,-2,-3,-3,-3,-3,-3,-3,-3,-3,-3,-3,-2,-2,-1,-1,-1,-1,0,0,0,0,0,0,0,0,0,0,0,0,0
89,111,127,143,158,171,181,186,184,183,150,125,121,94,76,65,55,46,37,29,23,18,15,13,11,9,6,1,-7,-23,-45,-71,-94,-110,-120,-122,-117,-108,-101,-94,-84,-75,-70,-67,-64,-61,-58,-55,-50,-45,-39,-34,-28,-23,-19,-15,-12,-9,-6,-4,-3,-2,-1,0,0,0,0,1,0,0,0,0,0,-1,-1,-1,-1,-1,-1,-1,-1,0,0,0,0,0,0,0,0,0,0,0,0,0,0,0,0,0,0,0
64,85,108,128,146,161,173,182,182,180,172,147,133,110,89,75,61,49,38,29,23,15,9,3,-3,-14,-29,-50,-75,-96,-116,-132,-139,-139,-138,-135,-130,-124,-115,-107,-98,-90,-81,-72,-63,-56,-50,-43,-36,-30,-26,-21,-17,-14,-12,-10,-8,-7,-6,-5,-4,-3,-3,-2,-2,-2,-2,-2,-1,-1,-1,-1,0,0,0,0,0,0,0,0,0,0,0,0,0,-1,0,0,0,0,-1,0,0,0,0,0,0,0,0,0
77,102,123,141,157,170,180,181,178,179,165,147,126,103,86,74,61,48,37,27,18,7,-7,-25,-47,-67,-87,-106,-118,-124,-127,-124,-120,-120,-115,-104,-97,-96,-90,-81,-72,-66,-60,-54,-46,-39,-32,-27,-22,-18,-15,-13,-11,-9,-7,-6,-5,-4,-3,-3,-2,-2,-2,-2,-1,-1,-1,-1,-1,-1,0,0,0,0,0,0,0,0,0,0,0,0,0,0,0,0,0,0,0,0,0,0,0,0,0,0,0,0,0,0
71,96,118,137,153,167,179,189,191,185,175,166,149,121,106,91,74,63,52,42,34,27,20,11,-4,-27,-52,-75,-97,-115,-129,-132,-129,-129,-129,-123,-118,-117,-111,-102,-93,-87,-80,-72,-64,-55,-48,-41,-34,-28,-23,-19,-16,-14,-13,-12,-10,-9,-8,-7,-6,-5,-5,-5,-5,-4,-4,-4,-4,-3,-3,-3,-2,-2,-2,-2,-2,-1,-1,-1,-1,-1,-1,-1,0,0,0,0,0,0,0,0,0,0,0,0,0,0,0,0
70,96,118,137,153,167,178,185,184,176,140,121,115,88,70,59,51,43,35,28,23,18,9,-4,-25,-49,-77,-99,-115,-126,-129,-124,-120,-118,-117,-110,-101,-92,-85,-78,-71,-65,-58,-52,-45,-38,-32,-27,-23,-19,-15,-13,-12,-10,-8,-6,-6,-5,-4,-4,-4,-3,-3,-2,-2,-2,-2,-1,-1,-1,-1,0,0,0,0,0,0,0,0,0,0,0,0,0,0,0,0,0,0,0,0,0,0,0,0,0,0,0,0,0
72,98,120,138,154,168,180,188,189,187,157,141,121,98,80,67,55,42,32,24,17,6,-10,-31,-55,-81,-105,-125,-137,-139,-135,-131,-125,-119,-109,-99,-93,-88,-80,-70,-61,-52,-44,-38,-33,-29,-24,-20,-17,-15,-12,-10,-9,-8,-7,-6,-5,-4,-3,-3,-2,-2,-2,-2,-1,-1,-1,-1,-1,-1,-1,-1,-1,-1,-1,-1,-1,-1,0,0,0,0,0,0,0,0,0,0,0,0,0,0,0,0,0,0,0,0,0,0
65,92,114,134,150,165,177,183,184,161,150,124,103,86,71,59,46,35,24,11,-5,-24,-43,-65,-90,-110,-117,-126,-129,-124,-124,-119,-108,-105,-103,-95,-83,-74,-66,-59,-51,-43,-35,-28,-24,-20,-17,-14,-12,-11,-8,-5,-3,-2,-2,-1,0,0,0,0,0,0,0,0,0,0,0,0,0,0,0,0,0,0,0,0,0,0,0,0,0,0,0,0,0,0,0,0,0,0,0,0,0,0,0,0,0,0,0,0
59,86,110,130,147,162,174,185,176,141,125,107,90,74,62,50,38,24,9,-8,-30,-55,-76,-93,-104,-115,-122,-122,-119,-114,-108,-102,-98,-96,-89,-80,-74,-70,-65,-58,-51,-45,-39,-34,-29,-24,-19,-15,-12,-10,-9,-7,-6,-5,-4,-4,-3,-3,-3,-3,-2,-2,-2,-2,-1,-1,-1,-1,0,0,0,0,0,0,0,0,0,0,0,0,0,0,0,0,0,0,0,0,0,0,0,0,0,0,0,0,0,0,0,0
-27,-20,-5,12,31,46,60,71,78,76,67,55,41,27,12,-1,-15,-28,-38,-52,-65,-74,-80,-84,-89,-88,-73,-59,-50,-47,-43,-37,-32,-30,-29,-26,-20,-14,-10,-8,-7,-7,-7,-7,-8,-9,-11,-12,-14,-16,-17,-19,-20,-21,-23,-22,-20,-19,-19,-19,-17,-16,-16,-14,-13,-12,-11,-10,-10,-9,-10,-10,-11,-11,-12,-13,-13,-14,-14,-15,-15,-15,-16,-15,-15,-15,-15,-14,-14,-14,-13,-13,-13,-13,-12,-12,-12,-13,-13,-13
27,25,24,20,18,13,4,-8,-21,-29,-37,-40,-38,-33,-29,-26,-22,-17,-13,-11,-7,-3,-3,-6,-8,-8,-10,-9,-9,-12,-16,-19,-19,-19,-21,-29,-37,-30,-25,-21,-21,-21,-21,-20,-19,-19,-18,-18,-17,-16,-18,-18,-18,-17,-16,-15,-15,-14,-14,-15,-15,-14,-14,-14,-14,-14,-14,-14,-14,-13,-13,-13,-13,-13,-13,-13,-13,-13,-13,-13,-13,-13,-13,-13,-13,-13,-13,-13,-13,-13,-13,-13,-13,-13,-13,-13,-13,-13,-13,-13
5,-1,-9,-16,-20,-22,-24,-24,-26,-28,-27,-23,-19,-15,-13,-11,-11,-10,-9,-9,-8,-6,-4,-3,-4,-6,-6,-7,-9,-10,-11,-13,-15,-17,-18,-18,-18,-19,-21,-22,-21,-20,-19,-18,-18,-17,-17,-16,-16,-16,-16,-16,-15,-15,-15,-14,-14,-14,-14,-14,-14,-14,-14,-14,-14,-14,-14,-14,-14,-14,-14,-14,-14,-14,-13,-13,-13,-13,-13,-13,-13,-13,-13,-13,-13,-13,-13,-13,-13,-13,-13,-13,-13,-13,-13,-13,-13,-13,-13,-13
-30,-32,-34,-40,-47,-45,-27,-1,22,40,48,46,40,32,24,15,11,9,5,1,-1,-5,-8,-12,-16,-20,-23,-26,-29,-30,-32,-32,-32,-32,-31,-29,-27,-25,-23,-21,-19,-19,-18,-17,-16,-15,-14,-14,-13,-13,-14,-14,-14,-14,-14,-14,-14,-14,-14,-14,-13,-13,-13,-13,-13,-13,-13,-13,-13,-13,-13,-13,-13,-13,-14,-14,-14,-14,-15,-14,-14,-14,-14,-14,-13,-13,-13,-13,-13,-13,-13,-14,-14,-14,-14,-14,-14,-14,-14,-14
-24,-23,-5,14,21,20,17,11,5,-1,-8,-13,-15,-15,-17,-20,-22,-22,-24,-27,-31,-34,-35,-35,-35,-35,-32,-29,-25,-23,-22,-20,-20,-20,-19,-19,-19,-18,-17,-16,-16,-15,-15,-15,-15,-15,-15,-15,-15,-15,-14,-14,-14,-14,-14,-14,-14,-14,-13,-13,-13,-13,-13,-13,-14,-14,-13,-13,-13,-13,-13,-13,-13,-13,-13,-13,-13,-13,-13,-13,-13,-13,-13,-13,-13,-13,-13,-13,-13,-13,-13,-13,-13,-13,-13,-13,-13,-13,-13,-13
21,1,-1,4,8,5,-4,-15,-23,-27,-26,-24,-22,-19,-18,-19,-20,-21,-20,-20,-20,-21,-23,-24,-24,-22,-19,-18,-17,-17,-18,-17,-17,-18,-18,-17,-16,-16,-16,-16,-16,-15,-15,-15,-14,-14,-14,-14,-14,-13,-14,-14,-13,-13,-13,-13,-13,-13,-13,-13,-13,-13,-13,-13,-13,-13,-13,-13,-13,-13,-13,-13,-13,-13,-13,-13,-13,-13,-13,-13,-13,-13,-13,-14,-14,-14,-14,-14,-14,-14,-14,-14,-14,-14,-14,-14,-14,-14,-14,-14
-17,-16,-6,5,0,-7,-9,-9,-7,-4,-1,-3,-7,-12,-15,-18,-21,-22,-22,-21,-21,-21,-20,-19,-19,-20,-19,-18,-18,-18,-18,-17,-16,-16,-16,-15,-15,-15,-14,-14,-14,-14,-14,-14,-14,-14,-14,-14,-14,-14,-14,-14,-13,-13,-13,-13,-13,-13,-13,-13,-13,-13,-13,-13,-13,-13,-13,-13,-13,-13,-13,-13,-13,-13,-13,-13,-13,-13,-13,-13,-13,-13,-13,-13,-13,-13,-13,-13,-13,-13,-13,-13,-13,-13,-13,-13,-13,-13,-13,-13
-30,-35,-42,-47,-49,-47,-41,-34,-24,-15,-7,2,7,8,6,2,-2,-6,-11,-15,-18,-22,-26,-31,-35,-37,-35,-30,-26,-23,-22,-20,-20,-19,-20,-19,-18,-18,-16,-15,-15,-15,-14,-14,-15,-14,-14,-14,-14,-14,-13,-13,-13,-13,-14,-14,-14,-14,-14,-13,-13,-13,-13,-13,-13,-13,-13,-13,-13,-13,-13,-13,-13,-13,-13,-13,-13,-13,-13,-13,-13,-13,-13,-13,-13,-13,-13,-13,-13,-13,-13,-13,-14,-14,-13,-13,-13,-13,-13,-13
-17,-19,-22,-28,-32,-31,-28,-25,-22,-20,-19,-18,-16,-15,-14,-14,-15,-16,-15,-14,-14,-13,-12,-12,-12,-12,-12,-12,-13,-13,-13,-13,-13,-13,-13,-13,-13,-13,-13,-13,-13,-13,-14,-14,-14,-14,-14,-14,-14,-14,-14,-14,-14,-14,-14,-14,-14,-14,-14,-14,-14,-14,-14,-14,-14,-14,-14,-14,-14,-14,-14,-14,-14,-14,-14,-14,-14,-14,-14,-14,-14,-14,-14,-14,-14,-14,-14,-14,-14,-14,-14,-14,-14,-14,-14,-14,-14,-14,-14,-14
1,1,2,1,0,0,0,-6,-12,-19,-26,-31,-33,-31,-26,-24,-22,-20,-17,-18,-20,-19,-20,-23,-24,-21,-19,-18,-18,-18,-17,-19,-22,-23,-21,-20,-20,-19,-18,-16,-16,-15,-14,-14,-14,-14,-14,-14,-13,-13,-13,-13,-13,-13,-13,-13,-13,-13,-13,-14,-14,-13,-13,-13,-13,-14,-14,-14,-14,-14,-14,-14,-14,-14,-14,-14,-14,-13,-13,-13,-13,-13,-13,-13,-13,-13,-13,-13,-13,-13,-13,-13,-13,-13,-13,-13,-13,-13,-13,-13
-6,-5,-4,-3,-4,-4,-8,-14,-22,-29,-37,-45,-51,-50,-43,-34,-26,-20,-15,-10,-8,-5,-3,-1,0,0,0,0,-1,-5,-10,-13,-14,-14,-14,-14,-13,-13,-13,-13,-13,-13,-14,-16,-16,-15,-15,-14,-14,-13,-13,-13,-13,-13,-14,-14,-14,-14,-14,-14,-13,-13,-13,-13,-13,-13,-13,-13,-13,-13,-13,-13,-13,-13,-13,-13,-13,-13,-13,-13,-13,-13,-13,-13,-13,-13,-13,-13,-13,-13,-13,-13,-13,-13,-13,-13,-13,-13,-13,-13
-29,-35,-44,-53,-60,-57,-46,-34,-27,-25,-23,-21,-20,-21,-21,-20,-19,-18,-16,-15,-15,-14,-14,-15,-15,-15,-15,-15,-15,-15,-14,-14,-14,-14,-14,-14,-14,-14,-14,-14,-14,-13,-13,-13,-13,-13,-13,-14,-14,-14,-14,-14,-14,-14,-14,-13,-13,-13,-13,-13,-13,-13,-13,-13,-13,-13,-13,-13,-13,-13,-13,-13,-13,-13,-13,-13,-13,-13,-13,-13,-13,-13,-13,-13,-13,-13,-13,-13,-13,-13,-13,-13,-13,-13,-13,-13,-13,-13,-13,-13
16,37,47,42,29,13,1,-3,-4,-4,-6,-9,-11,-12,-12,-12,-12,-12,-12,-12,-12,-12,-12,-12,-12,-13,-13,-13,-13,-14,-14,-14,-14,-15,-14,-14,-14,-14,-14,-15,-15,-15,-14,-14,-14,-14,-14,-14,-14,-14,-14,-14,-14,-14,-14,-14,-14,-14,-13,-14,-14,-14,-14,-14,-14,-14,-14,-13,-13,-13,-13,-13,-13,-13,-13,-13,-13,-13,-13,-13,-13,-13,-13,-13,-13,-13,-13,-13,-13,-13,-13,-13,-13,-13,-13,-13,-13,-13,-13,-13
-31,-37,-44,-41,-33,-24,-18,-16,-14,-12,-11,-9,-7,-5,-3,-1,-3,-7,-9,-9,-9,-10,-12,-14,-15,-15,-14,-14,-13,-13,-12,-12,-13,-14,-14,-14,-13,-13,-13,-13,-13,-13,-13,-13,-14,-14,-14,-14,-14,-14,-14,-13,-13,-13,-13,-13,-13,-13,-13,-13,-13,-13,-13,-13,-13,-13,-13,-13,-13,-13,-13,-13,-13,-13,-13,-13,-13,-13,-13,-13,-13,-13,-13,-13,-13,-13,-13,-13,-13,-13,-13,-13,-13,-13,-13,-13,-13,-13,-14,-14
-67,-68,-58,-46,-37,-34,-32,-26,-21,-18,-19,-21,-22,-21,-20,-18,-18,-17,-17,-18,-20,-20,-18,-17,-16,-17,-17,-18,-17,-16,-16,-15,-15,-15,-14,-14,-14,-14,-14,-14,-13,-13,-14,-14,-14,-14,-14,-14,-13,-13,-13,-13,-13,-13,-13,-13,-13,-13,-13,-13,-13,-13,-13,-13,-13,-13,-13,-13,-13,-13,-13,-13,-13,-13,-13,-13,-13,-13,-13,-13,-13,-13,-13,-13,-13,-13,-13,-13,-13,-13,-13,-13,-13,-13,-13,-13,-13,-13,-13,-13
-61,-65,-66,-61,-56,-49,-41,-31,-20,-12,-3,7,16,18,14,8,3,-3,-9,-11,-11,-10,-10,-9,-9,-10,-11,-12,-12,-12,-12,-12,-12,-13,-13,-13,-13,-13,-13,-13,-13,-13,-13,-13,-14,-14,-14,-14,-14,-14,-14,-14,-14,-14,-14,-14,-14,-14,-14,-14,-14,-14,-14,-14,-13,-13,-13,-13,-13,-13,-13,-13,-13,-13,-13,-13,-13,-13,-13,-13,-13,-13,-13,-13,-13,-13,-13,-13,-13,-13,-13,-13,-13,-14,-14,-13,-13,-13,-13,-13
-4,-4,0,1,2,0,-2,-6,-10,-17,-22,-24,-25,-23,-22,-22,-21,-19,-17,-17,-18,-18,-17,-16,-16,-15,-14,-19,-24,-26,-24,-21,-18,-15,-13,-11,-10,-11,-11,-12,-12,-12,-13,-14,-14,-14,-14,-14,-13,-13,-13,-13,-13,-13,-13,-13,-13,-13,-13,-13,-13,-13,-13,-13,-13,-13,-13,-13,-13,-13,-13,-13,-13,-13,-13,-13,-13,-13,-13,-13,-13,-14,-14,-14,-14,-14,-14,-14,-14,-14,-14,-14,-14,-14,-14,-13,-13,-13,-13,-13
-50,-57,-66,-71,-69,-65,-61,-57,-51,-42,-33,-25,-18,-12,-6,-1,3,9,14,16,14,11,11,13,12,9,9,10,8,6,4,3,2,1,0,-3,-6,-8,-9,-10,-12,-14,-17,-18,-18,-18,-18,-18,-18,-18,-18,-17,-17,-17,-17,-16,-15,-15,-15,-15,-14,-14,-14,-14,-14,-14,-14,-14,-14,-14,-14,-14,-14,-14,-14,-14,-14,-14,-14,-14,-14,-14,-14,-14,-14,-14,-14,-14,-14,-14,-14,-14,-14,-14,-14,-14,-14,-14,-14,-14
-46,-44,-41,-47,-52,-50,-44,-39,-35,-30,-25,-19,-15,-11,-8,-5,-3,0,2,6,9,9,8,7,6,6,5,4,3,3,3,2,1,1,1,0,0,-1,-2,-4,-7,-8,-9,-10,-12,-12,-12,-13,-14,-14,-14,-14,-14,-14,-14,-15,-14,-14,-14,-14,-14,-14,-14,-14,-14,-14,-14,-14,-14,-14,-14,-14,-14,-14,-14,-13,-14,-14,-14,-14,-14,-14,-14,-14,-14,-14,-14,-14,-14,-14,-14,-14,-13,-13,-13,-13,-13,-13,-13,-13
-43,-46,-40,-41,-45,-46,-44,-42,-38,-33,-28,-23,-18,-13,-7,-2,2,5,7,5,2,1,1,1,0,0,0,0,0,0,-1,0,0,0,-1,-2,-4,-5,-6,-6,-7,-7,-7,-8,-10,-10,-11,-11,-12,-13,-13,-13,-14,-14,-15,-15,-15,-15,-15,-15,-15,-15,-14,-14,-14,-14,-14,-14,-14,-14,-15,-15,-15,-15,-15,-15,-15,-15,-15,-15,-15,-15,-15,-15,-15,-15,-14,-14,-14,-14,-14,-14,-15,-15,-15,-16,-16,-17,-17,-17
7,16,23,33,43,49,53,54,50,44,33,21,14,14,14,10,6,11,24,36,41,43,41,35,24,7,-16,-43,-68,-85,-92,-94,-90,-69,-52,-35,-17,3,24,30,46,64,75,75,69,57,42,22,2,-19,-40,-58,-68,-64,-53,-37,-21,-10,-3,2,8,9,8,8,6,0,-2,-6,-11,-13,-22,-30,-35,-39,-41,-42,-43,-41,-39,-38,-38,-37,-33,-29,-28,-25,-20,-18,-17,-13,-10,-9,-8,-6,-4,-6,-9,-7,-6,-5
3,7,12,18,23,28,32,34,32,31,27,19,12,9,5,1,-3,-3,6,14,27,45,60,67,65,49,27,5,-21,-50,-70,-81,-85,-81,-66,-53,-41,-22,-5,5,25,39,57,69,67,58,46,29,9,-8,-29,-50,-62,-65,-55,-38,-19,-7,-4,-2,3,6,2,2,3,-4,-10,-5,-7,-13,-13,-14,-16,-14,-17,-20,-20,-21,-23,-21,-17,-16,-15,-16,-15,-15,-11,-8,-7,-6,-5,-5,-4,-4,-5,-6,-6,-4,-4,-4
0,6,13,19,25,27,28,29,28,23,17,11,5,-1,-8,-13,-18,-15,-7,0,11,20,26,31,33,24,5,-17,-41,-61,-76,-84,-85,-71,-49,-29,-14,9,21,32,50,57,72,80,74,60,42,20,-1,-21,-39,-58,-68,-65,-56,-41,-20,-6,1,8,12,10,7,6,0,-6,-7,-13,-20,-20,-25,-27,-26,-25,-24,-23,-21,-24,-26,-23,-23,-21,-19,-17,-17,-15,-12,-11,-10,-7,-6,-7,-7,-5,-4,-4,-3,-2,-2,-1
1,7,15,22,27,34,39,38,34,32,29,23,16,11,5,-2,-7,-13,-18,-8,8,19,31,44,50,41,23,2,-22,-44,-64,-78,-83,-76,-57,-38,-21,-2,17,46,66,81,95,97,81,57,34,9,-13,-32,-50,-64,-66,-58,-45,-27,-12,-4,1,10,15,10,2,0,-1,-9,-14,-17,-24,-27,-28,-26,-22,-19,-20,-21,-17,-5,-8,-14,-11,-5,-3,-3,-1,0,-1,-1,-2,-3,-4,-5,-5,-5,-5,-3,-3,-2,-1,-1
5,8,11,15,21,25,28,29,28,24,19,13,4,-4,-9,-16,-23,-23,-9,5,14,25,32,36,39,33,17,-2,-28,-57,-84,-99,-101,-93,-78,-57,-37,-17,5,28,46,67,75,82,84,78,65,50,33,11,-7,-20,-36,-47,-47,-38,-23,-11,-5,0,3,2,2,2,-2,-3,-4,-15,-22,-21,-31,-40,-38,-36,-34,-30,-27,-26,-18,-17,-21,-19,-15,-13,-13,-11,-9,-8,-5,-4,-4,-4,-3,-3,-3,-3,-1,-1,-2,-3
4,6,8,13,20,28,34,38,39,37,31,22,12,5,-2,-9,-16,-15,-9,2,20,43,60,67,62,47,27,0,-29,-51,-66,-79,-87,-82,-67,-51,-31,-6,14,28,39,56,68,72,66,53,36,16,-2,-15,-30,-47,-56,-52,-44,-35,-23,-8,3,10,15,21,23,18,13,14,9,0,-3,-3,-8,-21,-29,-34,-44,-52,-59,-63,-60,-55,-53,-50,-43,-37,-34,-32,-28,-24,-20,-18,-15,-13,-12,-10,-8,-6,-4,-3,-1,-1
3,14,20,29,41,45,46,47,43,32,20,9,-1,-10,-17,-14,-3,16,33,48,57,60,58,41,13,-18,-50,-73,-84,-87,-84,-70,-49,-32,-7,16,33,42,50,58,63,60,53,42,25,6,-13,-33,-48,-58,-62,-60,-54,-42,-24,-7,8,21,29,31,28,22,17,10,4,0,-4,-6,-7,-10,-11,-13,-15,-15,-17,-21,-22,-22,-25,-27,-26,-27,-26,-24,-21,-18,-15,-13,-12,-10,-8,-7,-6,-6,-6,-5,-2,-1,-1,0
6,12,18,22,28,34,38,39,35,28,21,14,7,0,-8,-13,-19,-22,-12,5,23,38,47,45,36,21,-2,-32,-59,-77,-87,-86,-73,-51,-28,-1,25,46,66,76,85,90,89,72,47,25,3,-18,-35,-50,-63,-71,-62,-44,-24,-10,2,13,16,15,19,20,17,14,7,1,-3,-9,-11,-13,-21,-24,-27,-33,-39,-41,-46,-50,-48,-45,-40,-35,-32,-28,-24,-20,-19,-17,-15,-13,-13,-10,-8,-5,-4,-3,-1,-1,-2,-2
6,14,22,27,31,34,36,34,31,25,18,8,3,-1,-9,-16,-13,3,19,31,43,54,58,49,25,-4,-32,-52,-64,-69,-62,-43,-21,-3,17,38,54,76,90,88,77,57,29,4,-19,-37,-50,-67,-80,-79,-63,-35,-10,9,24,32,34,31,24,15,10,10,3,-9,-16,-25,-30,-33,-35,-37,-40,-41,-38,-36,-40,-40,-34,-31,-30,-27,-22,-19,-16,-13,-11,-9,-6,-3,-1,-1,-1,0,0,-1,-1,-1,-2,-2,-3,-3
0,8,15,19,24,26,22,18,13,6,-3,-11,-20,-28,-35,-45,-44,-26,-3,18,38,52,60,55,37,8,-26,-56,-76,-87,-91,-80,-54,-26,-2,23,51,64,71,79,80,77,65,46,25,4,-14,-33,-48,-59,-67,-73,-71,-56,-35,-13,7,27,41,52,58,56,48,34,25,18,12,9,3,-1,-2,-9,-18,-25,-29,-31,-33,-34,-35,-35,-36,-34,-32,-31,-31,-26,-21,-18,-15,-12,-11,-10,-9,-8,-9,-7,-5,-4,-4,-2
2,12,19,20,23,27,28,27,20,13,7,3,-2,-10,-20,-20,-16,-14,-19,-26,-31,-24,-8,14,35,48,56,51,23,-10,-40,-66,-84,-89,-83,-66,-47,-21,4,30,55,77,93,103,103,94,79,58,26,-5,-31,-53,-67,-73,-69,-49,-27,-9,4,18,28,25,23,26,24,18,14,7,3,0,-6,-12,-18,-26,-31,-39,-44,-46,-49,-50,-46,-43,-43,-43,-36,-30,-25,-22,-17,-12,-10,-9,-7,-5,-5,-5,-4,-3,-4,-4
0,10,13,15,21,25,26,22,18,14,8,1,-2,-5,-5,-6,-12,-6,14,30,42,57,68,54,22,-11,-41,-61,-70,-73,-70,-55,-36,-16,3,24,56,77,97,110,109,97,68,29,-1,-26,-47,-60,-69,-79,-79,-64,-37,-9,12,30,44,46,41,39,37,33,23,18,17,14,4,-8,-17,-22,-26,-29,-33,-36,-36,-35,-35,-33,-29,-26,-22,-18,-13,-11,-10,-9,-6,-5,-3,-3,-2,0,2,3,3,5,5,4,3,1
0,3,4,7,12,17,20,22,23,21,17,8,-1,-9,-18,-27,-29,-31,-19,10,41,64,74,77,69,47,13,-18,-46,-69,-85,-91,-92,-92,-78,-55,-33,-7,15,38,56,67,77,80,78,74,63,48,32,10,-13,-29,-37,-41,-41,-32,-20,-7,2,7,12,17,21,23,22,19,16,10,5,0,-6,-10,-11,-13,-16,-17,-18,-24,-28,-29,-32,-38,-37,-32,-30,-30,-28,-24,-22,-20,-17,-13,-12,-13,-10,-8,-6,-5,-4,-4
9,12,15,21,27,28,28,27,26,23,16,5,-3,-9,-13,-19,-25,-33,-44,-54,-49,-28,-9,25,54,70,82,86,81,59,24,-11,-42,-65,-84,-98,-107,-111,-102,-77,-56,-37,-16,0,8,15,21,23,14,9,7,1,-2,-4,-5,-4,-5,-5,-6,-8,-10,-10,-10,-12,-11,-10,-11,-11,-10,-10,-10,-10,-9,-8,-7,-7,-6,-5,-5,-4,-4,-4,-4,-4,-4,-3,-2,-3,-3,-2,-2,-3,-3,-2,-2,-2,-2,-1,-1,-1
3,1,-2,1,7,11,16,21,26,28,32,29,21,10,3,1,0,8,27,40,47,60,69,63,47,15,-16,-38,-52,-57,-54,-44,-29,-14,3,19,34,43,60,75,83,82,68,48,24,3,-16,-33,-46,-54,-55,-47,-35,-25,-19,-13,-7,-7,-11,-11,-10,-14,-26,-31,-35,-36,-38,-37,-36,-40,-39,-32,-28,-26,-22,-25,-23,-23,-23,-22,-23,-21,-20,-18,-16,-15,-15,-13,-11,-9,-9,-7,-5,-5,-4,-4,-4,-3,-3,-2
2,4,6,9,11,11,14,19,22,24,26,27,17,4,-7,-14,-16,-13,-1,21,44,59,72,82,82,67,41,10,-18,-43,-59,-70,-72,-64,-53,-38,-16,0,18,40,56,71,79,77,66,47,23,4,-15,-34,-48,-50,-45,-35,-28,-21,-17,-17,-16,-17,-18,-20,-24,-27,-31,-38,-37,-38,-40,-40,-34,-35,-35,-34,-35,-35,-34,-33,-33,-33,-32,-29,-25,-22,-19,-17,-15,-14,-12,-10,-9,-8,-6,-5,-5,-5,-4,-4,-4,-3
6,13,21,30,37,39,37,35,30,21,11,1,-7,-14,-18,-18,-16,-19,-19,-4,17,28,37,44,49,41,17,-8,-36,-59,-73,-78,-75,-66,-57,-43,-22,7,25,41,62,81,82,77,67,52,32,9,-12,-31,-48,-64,-77,-77,-65,-46,-25,-5,9,16,23,21,17,17,15,5,-1,-8,-17,-25,-28,-32,-34,-37,-40,-41,-40,-39,-40,-41,-40,-37,-35,-32,-29,-25,-21,-18,-16,-15,-14,-15,-13,-10,-8,-6,-4,-3,-2,-1
8,7,10,19,27,32,34,37,40,41,40,31,19,7,-1,-2,8,21,34,47,59,60,47,28,3,-24,-47,-66,-76,-76,-62,-48,-34,-17,5,29,42,64,86,95,93,83,68,47,23,6,-9,-28,-46,-59,-63,-59,-44,-30,-20,-15,-11,-10,-11,-11,-11,-12,-14,-15,-20,-24,-30,-37,-40,-45,-47,-45,-46,-49,-50,-49,-51,-52,-49,-45,-43,-39,-33,-29,-26,-24,-22,-20,-17,-15,-12,-9,-8,-6,-6,-5,-3,-3,-3,-3
11,18,25,28,30,33,35,37,37,39,41,37,27,17,7,-1,-8,-9,-6,-1,13,28,42,49,54,58,55,45,31,15,-1,-20,-41,-60,-73,-76,-73,-65,-56,-45,-26,-6,13,20,39,51,61,66,65,61,53,44,32,19,7,-1,-9,-16,-21,-26,-30,-34,-36,-38,-40,-43,-46,-49,-45,-42,-39,-33,-28,-26,-25,-25,-25,-26,-26,-25,-25,-26,-26,-24,-21,-20,-18,-16,-15,-14,-12,-10,-9,-8,-7,-6,-5,-4,-4,-4
6,8,10,15,19,20,18,16,16,17,16,14,13,14,16,14,10,7,5,7,15,18,14,11,3,-12,-25,-36,-44,-47,-40,-32,-23,-9,7,24,39,58,77,82,81,75,64,49,32,15,-2,-23,-42,-58,-73,-82,-85,-83,-78,-69,-55,-41,-29,-18,-10,-7,-5,-2,-3,-7,-7,-9,-15,-21,-23,-28,-31,-29,-28,-30,-31,-32,-33,-34,-35,-35,-33,-32,-31,-29,-25,-24,-23,-21,-20,-19,-17,-14,-11,-9,-7,-4,-2,-2
60,76,55,50,79,103,124,128,115,93,68,42,21,9,9,-3,1,9,35,65,92,114,134,125,128,128,119,114,110,107,99,92,79,77,82,87,97,109,119,137,148,139,116,92,76,59,41,23,10,0,-4,-6,-6,-4,-3,-1,0,2,4,5,6,6,5,5,4,4,3,2,1,0,0,-1,-2,-2,-2,-2,-2,-2,-1,-1,-1,-1,0,0,0,0,0,0,0,0,0,0,0,0,0,0,0,0,0,0
18,41,42,35,54,60,39,21,10,-4,-19,-33,-57,-57,-32,-25,-27,-2,33,64,91,113,110,127,117,117,119,105,87,70,58,56,65,83,106,127,136,133,132,126,112,95,75,64,54,40,22,10,3,1,0,-1,-1,0,2,4,6,7,7,6,4,3,3,2,2,2,2,1,0,-1,-3,-4,-5,-6,-6,-5,-5,-4,-2,-1,0,0,0,0,1,2,2,2,1,0,0,0,0,-1,-2,-2,-3,-4,-4,-4
16,29,36,63,90,108,119,119,112,88,67,37,-3,-19,-4,-5,25,57,84,108,128,133,144,126,113,111,103,90,80,61,36,25,31,46,65,84,97,100,91,79,72,65,49,33,20,5,-5,-12,-17,-18,-7,-11,-22,-27,-26,-22,-19,-17,-15,-11,-8,-5,-4,-3,-3,-3,-2,-2,-1,-1,0,0,0,-1,-1,-1,-2,-2,-2,-2,-2,-2,-1,-1,-1,0,0,0,0,0,0,0,0,0,0,0,0,-1,-1,-1
20,32,42,63,82,98,108,108,104,92,77,59,31,9,-19,-28,-27,0,35,65,92,114,134,144,142,119,113,107,90,68,50,45,37,36,43,57,70,83,94,103,101,75,46,40,21,12,3,-11,-27,-38,-41,-40,-35,-30,-23,-17,-12,-8,-5,-4,-3,-3,-2,-2,-2,-2,-2,-2,-2,-2,-2,-3,-3,-4,-5,-5,-5,-5,-4,-3,-2,-2,-1,0,0,0,0,0,0,0,0,0,0,-1,-1,-1,-1,-1,-1,-1
27,43,56,81,105,124,122,106,86,62,46,11,-1,12,7,5,5,28,56,84,108,128,142,142,114,86,82,77,66,57,55,45,29,30,43,64,86,96,93,88,89,93,94,89,72,49,36,27,19,9,1,-3,-4,-4,-1,0,2,4,6,7,7,7,6,5,4,4,3,3,3,2,2,2,1,1,0,0,-1,-1,-1,-1,0,0,0,1,2,3,3,2,2,2,2,2,1,1,1,0,0,0,0,0
27,44,43,53,81,106,125,134,135,122,105,86,50,21,18,10,17,42,72,97,119,138,154,156,149,127,105,92,78,64,58,59,61,69,86,108,128,136,129,114,101,108,92,72,47,29,20,15,12,14,12,9,5,3,1,0,0,0,0,2,5,6,7,7,6,5,4,3,2,0,-1,-3,-5,-6,-7,-7,-7,-7,-5,-4,-4,-3,-3,-2,-1,-1,-1,-1,0,0,0,0,0,-1,-1,-1,-1,-1,-1,-1
27,43,41,38,44,55,55,49,44,29,5,-20,-45,-56,-60,-44,-40,-22,5,38,69,95,117,126,127,109,95,90,84,79,74,80,91,105,123,123,117,102,90,87,86,89,84,72,49,29,14,3,-2,-6,-9,-10,-12,-12,-10,-8,-7,-6,-4,-4,-3,-2,-1,-1,0,0,0,0,0,-1,-1,-1,-1,-2,-2,-3,-4,-4,-4,-5,-5,-5,-5,-5,-5,-5,-5,-4,-4,-3,-3,-2,-2,-2,-2,-2,-1,-1,-1,-1
15,22,24,42,70,84,94,103,107,103,90,74,54,28,-1,-15,-18,-10,12,43,71,97,119,125,131,115,89,89,95,94,89,89,88,93,108,129,146,144,126,107,93,77,56,31,23,11,0,-3,-8,-15,-23,-27,-26,-23,-21,-20,-18,-15,-12,-10,-9,-7,-6,-5,-4,-2,-1,0,0,0,0,0,0,-1,-3,-4,-5,-5,-6,-6,-6,-5,-4,-3,-2,-1,0,0,0,0,0,1,0,0,0,0,-1,-1,-1,-1
18,27,25,30,44,52,50,44,31,17,0,-17,-29,-37,-48,-54,-49,-39,-19,14,48,77,101,122,123,114,90,82,81,76,74,79,90,102,122,140,155,154,136,112,92,76,66,55,40,24,11,0,-6,-6,-5,-4,-3,-7,-12,-14,-14,-10,-6,-3,-1,-1,0,0,0,0,0,0,0,0,0,0,0,0,-1,-1,-1,0,0,0,0,0,0,0,0,0,0,0,0,0,0,0,0,0,0,0,0,0,0,0
17,29,29,32,40,48,56,58,53,41,19,4,-9,-43,-30,-16,-11,6,34,65,92,114,134,148,146,126,116,105,87,70,63,59,61,74,95,117,128,132,126,111,91,73,62,54,42,30,17,9,4,1,0,0,-1,-1,-1,-2,-2,-1,0,0,0,0,0,0,0,0,0,0,-1,-1,-1,-1,-1,-1,-1,-1,-1,-1,-1,0,0,0,0,0,0,0,0,0,0,0,0,0,0,0,0,0,0,0,0,0
9,8,6,29,50,64,78,88,87,75,57,52,29,-2,-2,-9,-15,5,40,70,96,118,134,132,127,111,98,87,85,91,99,107,111,121,135,141,133,111,85,61,43,30,20,10,-1,-3,-7,-12,-14,-15,-15,-14,-13,-12,-11,-10,-9,-8,-7,-7,-6,-6,-6,-7,-7,-7,-7,-6,-6,-5,-5,-5,-5,-5,-5,-5,-4,-3,-3,-2,-2,-1,-1,-2,-2,-2,-1,-1,-1,-1,-1,-1,-1,-2,-2,-2,-2,-2,-2,-1
17,29,38,50,61,76,90,105,113,99,85,56,12,8,16,23,42,66,92,115,134,151,164,154,128,115,104,87,69,55,43,29,25,38,56,68,75,67,55,47,42,37,30,19,13,10,13,10,0,-9,-12,-14,-15,-15,-13,-10,-8,-7,-6,-6,-5,-5,-4,-4,-4,-5,-5,-5,-5,-5,-5,-5,-5,-5,-4,-3,-2,-1,-1,0,0,0,0,0,0,0,0,-1,-2,-2,-2,-2,-2,-2,-1,-1,-1,-1,-1,-1
12,14,14,22,34,46,55,64,66,49,27,-6,-33,-25,-19,-16,5,31,62,89,112,132,127,130,117,101,86,74,65,58,54,50,52,65,88,110,123,116,104,90,75,63,56,52,48,43,34,25,16,10,7,4,1,-2,-4,-5,-6,-6,-7,-8,-9,-9,-8,-7,-7,-6,-5,-3,-2,-1,0,0,0,1,1,1,0,0,0,0,0,0,-1,-1,-1,-1,-1,-1,-1,-1,-1,0,0,0,0,0,0,0,0,0
9,15,23,36,49,63,70,76,80,77,64,48,14,-14,-20,-22,-20,-9,11,46,75,100,121,137,130,112,98,91,92,86,78,72,68,67,66,80,97,103,94,76,49,24,12,2,-12,-26,-34,-40,-43,-43,-42,-40,-36,-31,-27,-23,-21,-21,-19,-17,-14,-11,-9,-7,-5,-2,0,0,1,2,2,3,2,3,3,3,3,2,2,2,2,2,2,2,1,1,1,1,0,0,0,0,0,0,0,0,0,0,0,0
15,23,24,39,62,82,99,112,113,105,86,66,37,-1,-17,-16,-22,-18,0,29,60,88,111,124,123,130,116,114,120,112,97,86,80,76,76,80,87,101,111,111,100,75,34,2,-5,1,0,-13,-25,-32,-36,-35,-33,-32,-33,-33,-32,-31,-28,-25,-21,-18,-16,-13,-10,-8,-5,-3,-3,-5,-4,-3,-3,-3,-3,-3,-2,-3,-4,-5,-6,-6,-7,-7,-6,-6,-5,-4,-3,-2,-1,0,0,0,0,0,0,0,0,-1
11,18,32,49,66,78,84,87,83,63,40,18,-5,-28,-36,-10,19,52,80,105,125,136,135,122,105,100,100,97,96,95,92,86,87,101,112,113,102,87,68,50,39,34,38,37,30,21,13,7,1,-4,-8,-9,-9,-8,-9,-9,-8,-6,-5,-4,-4,-3,-3,-5,-7,-8,-9,-8,-7,-7,-8,-8,-8,-7,-7,-8,-8,-8,-7,-6,-5,-4,-3,-3,-2,-2,-1,-1,-1,0,0,0,0,0,0,0,-1,-1,-1,-1
16,24,23,32,46,55,62,66,63,48,33,17,-5,-35,-53,-54,-39,-13,20,53,81,105,124,130,127,118,116,121,117,109,104,103,99,95,96,104,115,108,89,67,50,40,30,16,3,-5,-7,-7,-6,-7,-9,-11,-12,-11,-10,-9,-8,-7,-5,-4,-2,-2,-1,-1,-1,-1,0,0,0,0,0,-1,-2,-3,-3,-4,-4,-4,-3,-3,-2,-2,-2,-1,-1,-1,0,0,0,0,0,0,-1,-1,-1,-1,-1,-1,-1,-1
20,23,24,33,50,62,62,52,43,27,12,-13,-46,-40,-29,-28,-12,11,44,74,99,121,139,136,127,103,94,93,88,76,67,63,68,86,94,103,113,112,104,84,63,47,35,28,21,14,7,2,-2,-7,-10,-11,-12,-11,-10,-9,-9,-9,-8,-8,-8,-9,-9,-8,-6,-5,-5,-4,-3,-3,-2,-2,-2,-2,-2,-2,-2,-2,-2,-2,-2,-2,-1,-1,-1,-1,-1,0,0,0,0,-1,-1,-1,-1,-1,-1,-1,0,0
16,16,15,24,38,44,61,77,70,45,25,12,-11,-14,-23,-31,-27,-1,22,55,83,107,121,120,120,108,92,86,79,70,60,54,59,73,93,116,129,135,136,126,114,99,71,52,34,21,13,9,3,-1,-4,-6,-7,-9,-12,-15,-15,-15,-13,-12,-10,-8,-7,-6,-5,-4,-3,-3,-2,-1,-1,-1,-1,0,0,0,0,0,0,0,0,0,0,0,0,0,0,0,0,0,0,0,0,0,-1,-1,-2,-2,-2,-1
22,31,38,48,64,79,95,110,118,119,106,87,52,15,-3,-11,-13,-1,26,58,85,109,110,102,74,61,63,63,58,59,58,61,74,98,120,137,131,113,101,92,77,60,44,36,32,21,4,-10,-19,-21,-20,-18,-18,-20,-22,-23,-21,-17,-13,-8,-5,-2,-1,0,0,0,0,-1,-2,-3,-3,-4,-3,-3,-2,-1,-1,-1,0,0,0,0,0,0,0,0,0,0,0,0,-1,-2,-3,-3,-2,-2,-1,-1,-1,-1
-62,-66,-65,-72,-72,-46,-14,14,26,14,19,52,75,66,58,30,9,-8,-25,-49,-44,-24,-11,-27,-34,-24,-5,9,20,22,13,5,3,5,3,0,2,2,6,9,11,11,10,9,7,8,9,9,8,5,3,1,0,0,1,1,2,2,3,3,3,3,2,1,1,0,0,0,0,0,0,0,-1,-1,-1,-2,-2,-2,-1,0,0,0,0,0,1,1,1,1,1,0,0,0,0,0,0,0,0,0,0,0
-19,-38,-38,-26,-19,-21,-14,-1,21,53,80,89,96,107,127,140,97,97,85,46,14,-19,-35,-21,-8,-1,8,13,12,23,33,26,11,9,12,14,6,-4,-7,-7,-5,0,5,11,12,9,6,4,2,0,-1,-1,-1,-1,0,0,0,0,1,1,1,1,1,1,0,0,0,0,0,0,0,0,0,0,0,1,1,1,1,1,1,1,1,1,1,1,0,0,0,0,0,0,0,0,0,0,0,0,0,0
-55,-57,-43,-29,-15,7,34,57,76,76,54,34,44,73,67,66,56,37,11,-15,-42,-46,-30,-14,-14,-17,-13,-10,-6,-3,-6,-14,-16,-17,-15,-17,-24,-32,-37,-36,-30,-21,-13,-9,-6,-3,-2,-2,-3,-3,-3,-2,0,1,3,3,3,3,2,2,1,0,0,-1,-1,-1,0,0,0,0,0,0,0,0,0,0,0,0,0,0,0,0,0,0,0,0,0,1,1,1,1,1,1,0,1,1,1,1,0,0
-73,-71,-59,-45,-25,-2,22,34,14,-13,-8,25,33,21,34,29,17,0,-26,-46,-54,-51,-42,-24,-7,4,17,28,32,27,26,21,9,0,-6,-18,-24,-26,-28,-27,-23,-16,-13,-12,-10,-7,-4,-3,-1,-1,-2,-2,-1,0,1,1,0,1,1,0,-1,-5,-8,-9,-7,-4,-2,0,1,0,0,1,1,1,0,0,1,1,1,1,1,1,1,0,0,1,2,2,3,2,2,1,1,1,0,0,0,0,0,0
-64,-83,-75,-61,-45,-13,14,31,28,0,-22,-25,-4,3,8,25,23,15,1,-17,-35,-52,-58,-50,-30,-8,14,28,37,39,34,27,9,-15,-27,-34,-43,-44,-37,-33,-31,-26,-17,-13,-11,-12,-11,-10,-8,-6,-5,-3,-2,0,0,1,2,2,2,2,2,1,0,0,0,0,0,0,0,0,0,0,-1,0,0,0,0,0,0,0,0,0,0,0,0,0,0,0,0,0,0,0,0,0,0,0,0,0,0,0
-54,-63,-57,-47,-41,-28,1,26,47,59,41,11,-10,-8,0,22,53,53,49,43,28,6,-12,-29,-41,-42,-28,-10,4,11,14,12,0,-7,-17,-33,-43,-36,-29,-32,-38,-36,-22,-5,1,0,-1,-1,2,7,10,11,11,10,9,9,8,7,6,5,4,2,1,0,-1,-1,-1,-1,-1,-1,-1,-1,-1,-1,0,0,0,0,1,1,1,1,0,0,0,0,0,0,0,0,0,0,0,0,0,0,0,0,1,1
-1,-3,5,35,60,79,104,117,107,89,86,96,100,89,91,88,75,55,29,7,-11,-19,-11,7,20,31,34,36,31,7,-17,-31,-36,-26,-11,-14,-26,-30,-22,-10,0,3,2,2,5,9,11,9,8,8,9,10,10,10,9,9,9,7,4,3,2,1,1,1,0,0,0,0,-1,-2,-3,-3,-3,-1,0,0,0,1,1,1,1,2,2,2,2,2,2,1,1,1,1,1,0,0,0,0,0,0,0,0
-16,-40,-49,-33,-3,31,63,89,89,73,63,74,81,65,80,72,63,43,15,-7,-25,-41,-47,-39,-21,-4,3,9,12,15,17,8,-3,-8,-5,4,12,10,-9,-31,-36,-29,-20,-14,-14,-16,-18,-17,-14,-11,-8,-5,-2,0,2,4,5,6,5,4,3,3,3,3,4,4,3,3,2,2,1,1,1,1,1,1,1,2,2,2,2,1,1,1,1,1,0,0,0,0,0,0,0,0,0,0,0,0,0,0
-83,-63,-19,18,51,80,105,124,122,112,109,112,108,89,104,101,85,70,48,23,6,-9,-19,-25,-27,-20,-9,-8,-10,-21,-31,-30,-33,-52,-70,-74,-63,-61,-62,-59,-46,-30,-18,-6,1,2,1,1,3,5,9,13,15,16,16,16,16,14,12,10,9,8,6,5,5,5,5,5,3,1,-1,-3,-4,-5,-4,-3,-3,-3,-3,-2,-1,0,0,0,0,1,1,1,0,0,0,0,0,-1,-2,-4,-4,-4,-3,-2
-52,-80,-78,-34,6,41,71,91,92,90,105,125,127,107,94,81,54,27,-3,-24,-31,-23,-20,-20,-15,-20,-31,-42,-55,-57,-38,-22,-22,-25,-30,-34,-29,-18,-6,1,5,8,9,10,10,8,7,6,5,5,5,5,3,3,3,3,3,3,3,2,1,-1,-3,-2,-2,-1,-2,-2,-2,-2,-2,-2,-1,-1,0,-1,-1,0,0,0,1,1,1,1,1,1,1,0,0,0,0,0,-1,-1,-1,-1,-1,0,0,0
-28,-22,-4,26,58,86,110,129,134,135,145,159,170,159,155,145,124,85,47,7,-21,-30,-24,-11,0,8,9,9,16,9,-11,-20,-19,-20,-19,-31,-40,-41,-33,-20,-9,-5,-2,0,0,2,4,6,7,6,3,0,0,1,1,1,0,0,0,-1,-1,-1,0,0,1,1,1,2,2,1,0,0,0,-1,0,0,0,0,0,0,0,1,1,1,1,1,1,1,0,0,0,0,0,0,0,0,0,0,0,0
-6,-17,-7,17,39,69,95,118,135,139,143,157,171,179,174,170,140,102,66,29,-1,-28,-50,-61,-65,-64,-64,-62,-70,-95,-117,-135,-141,-127,-116,-106,-101,-99,-96,-91,-79,-64,-51,-41,-35,-32,-29,-23,-17,-12,-8,-4,-2,-1,-1,-2,-3,-4,-3,-3,-1,-1,0,0,2,3,1,0,-2,-3,-4,-4,-3,-3,-3,-3,-2,-2,-1,-1,-1,-1,-1,0,0,0,0,0,0,0,0,0,0,0,0,0,0,0,0,0
-24,-11,7,28,60,87,111,130,136,145,160,173,171,136,131,113,88,53,16,-16,-46,-70,-82,-86,-93,-98,-98,-108,-120,-117,-91,-75,-63,-43,-31,-30,-29,-31,-30,-23,-16,-11,-8,-7,-7,-7,-6,-6,-5,-4,-1,0,3,4,4,2,-3,-6,-5,-4,-4,-3,-3,-2,-1,-1,-1,-1,-3,-3,-3,-3,-2,-2,-1,-1,-1,0,0,0,0,0,0,0,0,0,0,-1,-1,-1,-2,-2,-2,-1,-1,-1,0,0,0,0
-40,-43,-40,-32,-15,3,35,66,92,115,135,148,160,173,179,143,134,123,106,86,56,28,2,-19,-31,-36,-40,-47,-52,-55,-65,-74,-85,-88,-76,-67,-60,-60,-66,-65,-58,-47,-34,-23,-17,-12,-9,-9,-10,-9,-7,-3,0,3,6,9,11,12,11,11,10,8,6,3,2,2,1,1,1,1,0,-1,-2,-3,-3,-3,-2,-2,-2,-1,-1,0,0,0,0,0,0,0,0,0,0,0,0,0,0,0,0,-1,-1,0
-25,-54,-78,-80,-71,-52,-30,2,38,68,95,111,124,135,148,163,146,127,120,104,79,43,13,-10,-23,-29,-30,-25,-24,-20,-16,-16,-9,4,-4,-22,-30,-22,-6,2,-5,-20,-23,-19,-15,-12,-9,-7,-6,-7,-7,-6,-4,-1,1,4,6,7,8,9,7,5,1,0,0,1,2,3,4,3,3,2,1,0,0,0,0,0,0,0,0,0,1,0,0,0,0,0,0,0,0,0,0,0,0,0,0,0,0,0
-8,-34,-60,-69,-59,-44,-21,-3,20,53,81,100,111,120,136,153,164,138,141,126,107,75,40,10,-13,-33,-44,-49,-54,-58,-48,-37,-29,-16,-5,-8,-4,7,13,11,9,8,8,8,11,14,16,18,16,14,13,14,17,19,21,22,20,18,15,12,10,8,7,6,5,5,5,4,4,3,3,2,2,1,1,1,1,1,1,1,1,0,0,0,0,0,0,0,0,0,0,1,1,0,0,0,0,0,0,0
-12,-27,-33,-27,-26,-32,-28,-14,10,41,68,87,92,97,117,136,142,142,146,126,96,58,22,-10,-37,-59,-72,-73,-72,-70,-68,-69,-69,-70,-63,-51,-46,-35,-29,-37,-42,-39,-35,-33,-31,-28,-27,-26,-26,-28,-30,-29,-25,-18,-12,-8,-4,-2,-2,-1,-2,-1,0,1,2,3,4,4,4,3,3,2,0,0,0,0,0,0,0,0,0,0,1,1,1,1,1,1,1,1,1,1,1,0,0,0,0,0,0,0
-65,-64,-40,-21,9,44,73,99,120,136,153,167,171,147,159,150,128,89,52,19,-15,-46,-66,-69,-58,-48,-42,-47,-43,-27,-15,-1,14,24,22,7,5,4,2,2,3,5,9,12,12,9,7,6,6,8,10,11,12,12,12,12,12,12,10,4,-1,-4,-3,-2,-2,-4,-4,-2,0,-2,-3,-5,-4,-3,-2,-2,-1,0,0,0,0,0,1,1,1,0,0,0,0,0,0,0,0,0,0,0,0,0,0,0
-36,-48,-37,-63,-26,5,22,54,74,96,119,138,154,152,131,110,82,48,17,-10,-34,-56,-68,-72,-75,-74,-68,-61,-62,-55,-35,-14,-16,-15,-5,4,0,-12,-23,-22,-16,-13,-15,-17,-18,-15,-10,-7,-6,-5,-2,1,5,9,14,17,18,18,18,16,13,10,7,6,5,5,4,4,3,2,2,0,0,0,0,0,2,2,2,2,2,1,1,1,0,-1,-2,-2,-3,-3,-3,-3,-3,-2,-2,-2,-2,-2,-1,-1
-18,-38,-34,-5,29,61,89,94,76,73,97,119,138,147,132,119,86,52,15,-15,-42,-63,-77,-71,-50,-35,-23,-10,-3,-2,-6,-8,-7,-2,-3,-12,-19,-19,-12,-2,3,6,7,7,8,9,8,7,7,8,9,11,12,12,11,9,8,7,6,5,4,3,3,2,2,1,1,1,0,0,0,0,0,0,0,1,2,3,4,4,4,4,3,3,3,3,3,3,3,2,2,1,1,1,0,0,0,0,0,1
35,38,39,38,37,47,67,93,116,135,152,166,178,131,146,143,120,94,55,12,-24,-54,-70,-82,-95,-101,-96,-79,-66,-64,-68,-71,-70,-67,-61,-49,-37,-30,-26,-24,-24,-22,-18,-15,-12,-11,-11,-10,-8,-6,-5,-4,-3,-3,-2,-2,-2,-2,-1,-1,-1,0,0,0,0,0,0,0,0,0,0,0,0,-1,-1,-1,-1,-2,-2,-1,-1,-1,-1,0,0,0,0,0,0,0,0,0,0,0,0,-1,-1,-1,-1,-1
25,43,70,96,118,137,153,167,179,144,159,152,130,104,58,17,-16,-49,-71,-82,-82,-77,-74,-69,-62,-60,-56,-49,-42,-38,-37,-36,-35,-32,-29,-28,-27,-25,-21,-16,-13,-11,-9,-8,-8,-7,-7,-6,-5,-4,-4,-4,-3,-3,-3,-4,-4,-4,-4,-3,-3,-3,-3,-3,-3,-2,-2,-2,-2,-2,-2,-2,-1,-1,-1,-1,-1,0,0,0,-1,-1,-1,-1,-1,-3,-4,-3,-2,0,0,0,0,0,0,-1,-2,-2,-2,-2
45,65,91,114,133,150,164,177,138,120,139,129,113,89,45,5,-31,-62,-85,-98,-99,-96,-95,-86,-71,-61,-51,-45,-42,-37,-30,-26,-24,-21,-19,-18,-16,-13,-9,-4,0,1,2,3,4,5,5,3,1,0,0,-1,-1,-2,-2,-2,-2,-3,-3,-2,-2,-2,-1,-1,-1,-1,-1,-1,-1,0,0,-1,-1,-1,-1,-1,-1,-1,-1,-1,-1,-1,0,0,0,0,0,0,0,0,0,0,0,0,0,0,0,0,0,0
42,49,69,95,117,136,153,166,178,135,152,137,114,83,36,-4,-39,-65,-86,-96,-92,-82,-75,-65,-54,-46,-40,-33,-26,-23,-20,-19,-22,-26,-30,-32,-31,-27,-22,-16,-11,-8,-6,-4,-3,-2,-1,-2,-2,-3,-2,-2,-2,-2,-2,-2,-2,-2,-2,-2,-1,-1,-1,-1,-1,-2,-2,-2,-3,-4,-4,-4,-4,-4,-4,-3,-3,-2,-2,-1,-1,0,0,0,0,0,0,0,0,-1,-1,-1,-1,-1,-1,-1,-1,-1,-1,0
43,65,92,114,134,150,165,177,187,181,178,173,149,117,68,23,-15,-48,-68,-69,-69,-87,-99,-95,-85,-74,-66,-63,-61,-58,-54,-48,-43,-37,-32,-31,-30,-27,-22,-16,-12,-10,-8,-7,-5,-4,-4,-4,-4,-5,-7,-8,-8,-7,-5,-5,-4,-4,-4,-3,-2,-2,-1,-1,-1,-1,0,0,0,0,0,0,0,0,0,0,0,-1,-1,-1,-1,-1,-1,0,0,0,0,0,0,0,0,0,0,0,0,0,0,0,0,0
54,76,101,122,140,156,170,181,166,156,160,138,116,68,23,-15,-48,-71,-88,-94,-102,-106,-102,-91,-81,-70,-62,-60,-59,-53,-43,-35,-31,-28,-26,-24,-21,-18,-13,-10,-8,-6,-5,-4,-4,-3,-3,-3,-3,-4,-4,-4,-4,-4,-4,-4,-4,-3,-2,0,0,0,0,0,0,0,0,-1,-1,-1,-2,-2,-2,-3,-3,-4,-4,-4,-3,-3,-3,-2,-2,-1,-1,0,0,0,0,0,0,0,0,0,0,-1,-1,-1,-1,-1
44,72,97,119,138,154,168,180,165,156,155,131,104,56,13,-24,-56,-83,-98,-100,-106,-106,-101,-92,-85,-82,-78,-71,-62,-53,-44,-36,-30,-27,-25,-23,-20,-17,-11,-6,-4,-3,-1,0,2,2,1,1,1,1,1,0,0,0,-1,-1,-2,-2,-1,0,0,0,0,0,0,0,0,0,0,0,0,0,0,0,0,0,0,0,0,0,-1,-1,-1,-1,-1,-1,-1,-1,-1,0,0,0,0,-1,-1,-1,-1,-1,-1,-1
2,14,34,64,91,113,133,150,139,111,116,100,71,28,-10,-44,-73,-98,-113,-113,-109,-111,-107,-97,-85,-73,-64,-58,-54,-51,-49,-47,-44,-42,-39,-34,-27,-19,-12,-6,-4,-4,-5,-5,-3,-1,-2,-5,-8,-9,-8,-6,-5,-4,-2,-1,-1,-1,-1,-1,-1,-1,-1,-1,-1,0,0,0,0,0,0,0,0,0,0,0,0,0,-1,-1,-1,0,0,0,0,0,0,-1,-2,-2,-2,-1,-1,0,0,0,0,0,0,0
39,51,76,101,122,141,156,170,133,119,138,125,96,51,8,-27,-59,-85,-98,-104,-108,-114,-114,-110,-112,-113,-110,-101,-89,-74,-62,-53,-47,-43,-39,-35,-29,-23,-16,-11,-7,-6,-3,0,4,6,5,5,4,3,2,1,0,-2,-3,-3,-3,-3,-3,-3,-3,-2,-1,-1,0,0,0,0,0,0,0,0,0,0,0,0,0,0,0,-1,-1,-1,-1,-1,-1,-1,0,0,0,0,0,0,0,0,0,0,0,0,0,0
21,37,65,91,114,134,150,165,177,154,160,164,133,82,41,11,-24,-56,-84,-105,-118,-130,-139,-144,-141,-131,-119,-108,-99,-87,-75,-63,-52,-45,-40,-36,-32,-27,-20,-15,-11,-9,-5,-2,-1,-2,-3,-3,-4,-5,-7,-7,-6,-6,-6,-7,-7,-6,-5,-4,-4,-3,-2,-1,0,0,0,0,0,0,1,1,0,0,0,0,0,0,0,0,0,0,0,0,0,0,0,0,0,0,0,0,0,0,0,0,-1,-1,-1,-1
41,65,92,114,134,150,165,177,139,122,141,112,70,29,-9,-42,-67,-82,-102,-120,-126,-127,-121,-105,-93,-94,-99,-103,-101,-94,-83,-71,-61,-52,-43,-32,-21,-12,-7,-4,-3,-1,0,0,0,0,0,0,1,1,0,0,0,-1,-3,-5,-6,-6,-6,-5,-5,-4,-2,-1,-1,0,0,0,0,0,0,0,-1,-1,-2,-3,-3,-4,-5,-6,-6,-5,-4,-4,-3,-2,-2,-1,-1,0,0,0,0,0,0,0,0,0,0,0
19,35,65,91,114,133,150,164,152,140,147,120,92,55,14,-23,-55,-82,-105,-120,-128,-128,-122,-114,-109,-112,-118,-113,-97,-82,-71,-66,-63,-56,-47,-38,-29,-22,-15,-8,-3,0,0,1,3,5,6,5,4,2,0,-1,-2,-2,-3,-3,-3,-3,-3,-2,-2,-1,-1,0,0,0,0,0,1,0,0,0,0,0,0,0,0,-1,-1,-2,-2,-1,-1,-1,-1,-1,-1,-1,0,0,0,0,0,-1,-2,-2,-2,-2,-2,-2
29,59,86,109,130,147,162,174,141,127,122,103,79,41,8,-22,-54,-82,-106,-126,-134,-140,-141,-137,-128,-112,-94,-78,-64,-55,-47,-42,-38,-36,-35,-34,-32,-29,-23,-18,-15,-13,-13,-12,-10,-7,-4,-3,-2,-1,-2,-5,-7,-8,-7,-6,-5,-5,-5,-5,-4,-4,-3,-3,-3,-3,-3,-3,-3,-2,-2,-1,0,0,0,0,0,0,0,0,0,-1,-1,-1,-1,-1,-1,-1,-2,-2,-2,-2,-2,-1,-1,-1,-1,-1,-1,-1
56,77,96,118,137,153,167,179,140,123,132,104,73,29,-10,-42,-64,-83,-105,-123,-129,-126,-122,-115,-105,-93,-80,-66,-55,-48,-42,-36,-29,-24,-21,-18,-17,-17,-15,-12,-10,-9,-8,-6,-5,-5,-4,-5,-6,-6,-6,-7,-6,-5,-3,-1,0,1,0,0,-1,-1,-1,-1,-1,0,0,0,0,0,0,0,0,0,0,0,0,0,-1,-1,0,0,0,0,0,0,0,0,0,0,0,0,0,0,0,0,0,0,0,0
52,80,104,125,143,158,172,134,139,134,107,76,32,-6,-27,-43,-56,-78,-99,-111,-118,-121,-113,-104,-100,-95,-88,-81,-74,-69,-66,-63,-61,-57,-49,-41,-34,-28,-23,-20,-16,-11,-5,0,3,4,3,2,3,5,7,7,7,7,7,8,10,10,9,8,6,5,4,4,3,2,1,0,0,0,0,0,0,0,0,0,0,0,0,0,0,0,0,0,0,0,0,0,0,0,0,-1,-1,-1,-1,-1,-1,-1,-1,-1
13,33,62,89,112,132,149,163,176,133,141,123,101,63,18,-19,-47,-66,-85,-100,-109,-116,-119,-117,-114,-112,-113,-114,-106,-89,-72,-59,-51,-46,-43,-38,-34,-29,-24,-19,-16,-13,-10,-7,-5,-2,0,2,2,1,0,0,-2,-2,-3,-4,-4,-4,-5,-4,-4,-4,-3,-3,-2,-1,0,0,0,1,0,0,0,-1,0,0,0,0,0,0,0,0,-1,-1,-1,-1,-1,-1,-1,-1,-1,-1,-1,-1,-1,-1,0,0,0,0
48,75,100,121,140,156,169,181,191,169,149,126,90,42,1,-27,-50,-70,-91,-104,-104,-99,-94,-91,-87,-81,-72,-59,-46,-38,-34,-31,-30,-28,-25,-21,-16,-12,-8,-4,-2,0,0,1,1,1,2,2,2,1,1,0,0,0,0,0,0,0,-1,-1,0,0,0,0,0,0,0,0,0,0,0,0,0,0,-1,-1,-2,-2,-2,-2,-2,-1,-1,0,0,0,0,0,0,0,0,0,0,1,1,1,0,0,0,0
30,57,84,108,128,146,161,149,120,128,103,72,26,-12,-37,-53,-72,-97,-116,-121,-109,-98,-94,-90,-85,-80,-72,-65,-57,-50,-45,-40,-35,-32,-28,-24,-20,-17,-15,-12,-9,-7,-5,-3,-1,0,0,0,0,0,0,1,2,2,2,2,2,1,2,2,1,1,1,1,0,0,0,-1,-1,-1,-1,-1,-1,0,-1,-2,-2,-1,-1,-1,-1,-1,-1,-1,-1,-1,0,0,0,0,0,0,0,0,-1,-1,-1,-1,-1,-2
29,58,85,109,129,147,161,162,103,124,113,76,34,-6,-36,-55,-72,-97,-115,-117,-116,-116,-106,-93,-82,-77,-70,-62,-53,-45,-40,-37,-33,-29,-24,-19,-13,-8,-3,0,0,1,2,1,1,2,2,1,0,0,-1,-2,-2,-2,-2,-2,-2,-2,-2,-1,-1,0,0,0,0,0,0,0,0,0,-1,-1,-1,-1,-1,-1,0,0,0,0,0,0,0,0,0,0,0,0,0,0,0,0,-1,-1,-1,-2,-2,-2,-2,-2
25,56,83,107,128,145,160,173,134,146,133,92,45,3,-32,-60,-73,-96,-115,-117,-117,-115,-108,-98,-87,-75,-63,-49,-38,-31,-25,-19,-10,-2,0,1,4,7,8,5,1,-1,-2,-1,-1,0,0,-1,-1,-2,-2,-2,-2,-2,-1,-1,-1,-1,-1,0,0,0,0,0,0,0,0,0,0,0,0,0,0,0,0,-1,-1,-1,-1,-1,-1,-1,-1,-1,-1,0,0,0,0,0,0,0,0,0,0,0,0,0,0,0
-41,-36,-20,-3,13,41,66,92,114,134,140,125,101,69,32,-2,-29,-56,-83,-104,-115,-113,-103,-92,-82,-66,-47,-16,17,50,79,103,125,137,139,128,115,101,92,82,70,58,47,41,37,32,26,20,16,13,10,8,6,4,3,2,1,0,0,0,0,0,0,0,0,0,0,0,0,0,0,0,0,0,0,0,0,0,-1,-1,-1,-1,-1,-1,-1,0,0,0,0,0,0,0,0,0,0,0,0,0,0,0
12,13,1,-20,-42,-68,-94,-116,-135,-144,-141,-139,-139,-141,-142,-147,-140,-129,-115,-100,-81,-58,-35,-3,21,54,82,106,123,112,82,50,13,-22,-54,-82,-106,-123,-115,-98,-78,-52,-21,12,46,76,101,121,138,141,135,129,116,103,94,84,72,61,47,35,26,22,22,20,15,9,6,4,3,1,0,-1,-2,-2,-1,-1,0,0,0,0,0,0,0,0,0,1,0,0,0,0,0,0,0,0,0,0,1,2,1,0
1,4,10,-4,-28,-53,-80,-104,-124,-136,-133,-123,-111,-107,-107,-112,-117,-119,-118,-113,-101,-85,-66,-45,-25,3,24,53,77,94,106,107,90,59,25,-7,-39,-66,-92,-106,-101,-82,-54,-37,-24,-8,5,21,37,51,61,69,75,76,77,69,63,59,54,49,44,40,36,33,31,29,26,22,17,13,9,6,3,1,0,0,0,0,0,1,1,1,1,1,1,2,1,1,1,1,1,1,0,0,0,0,0,0,0,0
3,0,5,0,-15,-36,-63,-89,-112,-131,-135,-122,-100,-86,-76,-80,-88,-97,-104,-104,-94,-72,-45,-24,-13,5,27,46,66,85,95,94,86,63,33,2,-28,-58,-79,-94,-95,-80,-67,-57,-41,-29,-15,3,23,41,56,69,81,83,79,73,68,63,59,54,46,39,33,28,24,22,21,20,17,15,12,11,9,7,5,4,4,5,6,4,2,0,0,0,-1,-1,-1,-1,0,0,0,0,0,-1,-1,0,0,0,0,0
16,16,15,0,-16,-33,-57,-83,-106,-122,-120,-106,-92,-89,-92,-104,-119,-127,-128,-122,-107,-82,-56,-32,0,22,52,75,91,97,93,77,49,19,-8,-32,-56,-79,-101,-110,-109,-96,-78,-62,-41,-20,0,21,42,62,76,84,94,95,95,93,81,72,73,71,70,66,59,57,51,40,30,23,19,16,12,9,7,5,4,3,3,3,3,3,3,2,2,2,1,1,1,0,0,0,0,0,0,0,0,0,0,0,0,0
8,20,23,2,-14,-32,-58,-85,-107,-117,-113,-102,-92,-92,-96,-104,-109,-113,-118,-109,-91,-73,-54,-33,-10,17,41,68,85,96,102,96,81,69,54,27,0,-23,-49,-64,-75,-69,-51,-31,-12,6,23,30,37,41,46,51,54,62,63,64,71,71,63,53,43,37,36,32,29,25,21,16,11,7,6,5,5,6,6,5,4,3,0,0,0,0,0,1,1,0,0,-1,-2,-4,-6,-9,-11,-12,-12,-11,-10,-9,-9,-9
19,18,20,12,-4,-28,-59,-86,-109,-120,-114,-107,-104,-112,-128,-145,-151,-143,-126,-104,-81,-57,-37,-9,12,45,69,88,103,111,109,95,70,41,9,-22,-44,-58,-67,-69,-65,-57,-44,-28,-11,4,23,43,55,63,64,55,52,53,49,44,41,38,33,27,23,21,18,15,13,10,6,3,1,0,-1,-2,-2,-3,-3,-3,-2,-2,-1,-2,-1,-1,-1,0,0,1,2,2,2,2,2,1,1,1,1,1,0,0,0,0
12,14,29,33,14,-4,-14,-35,-65,-80,-77,-76,-81,-93,-115,-134,-147,-156,-152,-135,-109,-77,-50,-15,16,49,78,97,102,98,82,55,21,-14,-40,-60,-67,-70,-65,-51,-30,-6,23,52,71,75,76,77,76,70,63,57,46,39,35,30,26,23,20,18,20,24,23,21,17,14,13,11,8,5,3,1,0,0,0,-1,-2,-3,-4,-4,-3,-2,-2,-2,-1,0,0,0,0,0,0,0,0,0,0,0,0,0,0,0
9,5,-4,-13,-21,-36,-56,-77,-102,-119,-113,-96,-83,-78,-74,-74,-85,-101,-113,-115,-111,-96,-74,-57,-35,-15,16,43,72,97,109,109,98,75,42,2,-28,-40,-43,-44,-38,-29,-13,7,28,40,48,56,64,67,70,69,62,57,56,50,40,33,31,29,28,25,22,18,14,11,7,4,1,0,0,0,0,1,1,1,0,-1,-1,-1,-1,-1,-1,-1,-1,-1,-1,-1,-2,-2,-1,-1,-1,-1,-1,-1,-1,0,0,0
9,7,7,6,6,-2,-24,-55,-81,-94,-103,-96,-78,-68,-70,-76,-87,-101,-114,-115,-108,-97,-74,-46,-19,8,32,62,87,108,126,134,114,82,45,4,-26,-43,-61,-67,-55,-39,-28,-19,-6,7,16,33,54,70,90,96,100,105,103,99,93,82,71,61,51,44,39,35,32,28,23,18,14,12,10,9,8,7,6,5,5,5,5,5,5,5,4,3,2,2,2,2,2,2,2,2,1,1,1,1,1,1,1,1
12,15,17,8,-14,-35,-53,-75,-96,-103,-106,-108,-103,-112,-130,-140,-145,-144,-137,-126,-107,-91,-76,-54,-29,3,33,59,76,95,95,80,63,37,-2,-36,-59,-76,-77,-70,-70,-66,-51,-37,-21,12,42,57,75,89,97,100,97,95,84,73,70,60,48,36,27,23,21,18,16,15,13,11,9,7,5,3,2,1,1,0,0,0,0,0,0,0,0,0,-1,-1,0,0,1,1,1,1,0,0,0,0,1,1,1,0
9,5,-3,-17,-35,-57,-82,-106,-126,-142,-142,-136,-127,-121,-121,-126,-127,-122,-115,-111,-103,-85,-62,-41,-15,20,50,79,95,101,94,61,22,-10,-42,-71,-89,-95,-103,-94,-76,-54,-30,-6,14,34,53,66,76,83,87,93,91,93,98,88,78,69,62,55,51,47,42,36,30,24,19,14,11,8,6,5,5,6,6,4,3,3,2,2,1,0,0,0,0,0,0,0,1,1,1,1,1,1,1,0,0,0,0,0
15,18,15,3,-16,-45,-74,-99,-120,-131,-131,-128,-122,-123,-130,-137,-134,-127,-124,-115,-94,-71,-42,-16,18,44,69,87,100,102,88,65,42,18,-8,-42,-65,-80,-93,-89,-78,-63,-43,-22,-4,15,35,54,73,86,92,101,104,100,99,100,92,82,75,66,58,50,43,39,33,28,24,20,16,12,9,7,5,4,3,2,2,3,2,3,3,3,2,2,2,2,1,1,1,0,0,0,0,0,-1,-1,-1,-1,-1,-1
4,-2,-13,-37,-59,-84,-107,-127,-144,-155,-143,-126,-118,-114,-112,-119,-124,-126,-126,-121,-109,-92,-70,-40,-16,15,38,64,83,98,108,107,92,66,34,1,-32,-60,-78,-90,-88,-77,-63,-48,-33,-17,0,22,43,61,80,96,98,96,98,96,94,93,87,78,68,61,54,46,40,34,29,24,20,17,14,13,12,12,12,11,10,8,7,5,6,8,7,6,5,4,2,2,2,1,0,0,0,0,0,0,1,1,1,1
15,7,-16,-37,-58,-85,-109,-128,-145,-157,-148,-135,-121,-112,-108,-114,-120,-122,-123,-122,-114,-101,-88,-70,-56,-33,-9,17,47,67,90,106,103,82,52,22,-8,-37,-60,-74,-81,-81,-72,-61,-50,-37,-24,-9,8,25,44,57,70,76,78,80,76,77,78,71,65,59,51,43,35,29,24,21,18,15,12,11,9,8,7,7,8,8,9,10,10,10,8,7,5,3,0,-3,-4,-3,-1,-1,-2,-3,-3,-3,-3,-3,-4,-7
21,19,10,-5,-36,-66,-92,-114,-133,-144,-138,-123,-106,-96,-91,-93,-96,-106,-117,-121,-117,-103,-82,-61,-38,-16,10,32,56,73,89,99,90,58,25,0,-28,-58,-77,-80,-78,-69,-52,-30,-3,20,41,56,64,76,91,91,84,79,71,64,63,55,46,39,33,26,21,19,17,14,11,9,8,5,3,2,2,1,0,0,-1,-1,-1,0,0,0,0,0,0,0,-1,-1,-1,-2,-2,-3,-3,-3,-2,-2,-2,-2,-1,0
3,6,3,-3,-30,-61,-88,-110,-130,-147,-155,-147,-130,-113,-98,-87,-87,-91,-99,-113,-122,-119,-109,-88,-60,-39,-12,11,39,61,79,93,96,91,78,59,36,12,-9,-31,-46,-52,-53,-53,-44,-33,-20,-7,3,14,29,42,54,62,71,80,82,82,81,80,80,77,72,68,65,60,54,48,40,32,26,20,16,12,10,8,6,5,6,9,12,12,11,10,9,8,6,5,3,3,2,1,0,0,0,0,0,0,0,0
10,9,0,-13,-26,-44,-66,-87,-108,-125,-124,-112,-102,-90,-82,-81,-84,-90,-96,-99,-97,-89,-78,-61,-42,-25,-1,16,38,50,67,80,85,89,83,67,44,20,0,-22,-43,-58,-66,-65,-58,-45,-27,-9,8,26,44,62,76,86,96,97,98,96,93,89,86,81,75,68,62,54,47,41,35,30,25,20,17,14,11,9,7,6,5,4,3,3,2,1,1,1,1,2,2,2,1,1,1,1,1,1,1,1,1,1
6,2,-8,-32,-61,-85,-109,-128,-144,-143,-136,-120,-103,-89,-80,-79,-79,-84,-94,-100,-100,-98,-87,-68,-46,-22,0,21,41,69,82,77,68,54,32,11,-7,-28,-49,-64,-67,-60,-50,-41,-24,5,40,67,88,101,114,121,120,110,93,81,72,60,46,35,27,23,22,20,17,14,11,10,9,9,8,7,7,6,5,4,4,3,3,3,3,3,3,2,2,1,1,0,0,0,0,0,0,0,0,0,1,1,1,1
2,0,-1,-13,-33,-55,-74,-93,-115,-131,-130,-121,-112,-100,-100,-108,-114,-120,-125,-128,-124,-109,-85,-61,-32,-7,17,46,72,94,103,90,71,50,26,1,-23,-46,-62,-69,-70,-64,-61,-52,-38,-23,-2,20,41,54,62,72,78,84,79,68,60,46,34,28,24,24,23,22,22,21,17,14,11,8,5,3,2,2,2,2,2,2,1,0,0,0,0,-1,-1,-2,-2,-2,-2,-2,-1,-1,-1,0,0,0,0,0,0,0
23,23,25,31,32,31,32,29,24,17,6,-7,-18,-19,-18,-15,-11,-16,-21,-22,-14,7,42,72,97,119,135,125,126,112,97,80,59,47,38,31,28,30,30,29,34,40,41,42,38,32,31,29,20,15,11,6,3,1,1,1,2,1,0,0,0,0,0,0,0,1,0,-1,-2,-3,-4,-4,-3,-2,-1,-1,-2,-2,-1,-1,-1,-2,-2,-1,-1,0,0,0,0,0,0,0,0,-1,-1,-1,0,0,0,0
9,7,3,3,9,16,17,17,15,7,0,-7,-14,-11,-4,0,8,14,22,32,45,67,93,116,135,151,144,129,111,95,84,74,69,62,54,45,40,41,44,44,44,47,50,50,49,50,51,54,50,40,34,30,29,30,29,28,27,25,24,20,15,11,8,7,5,4,3,2,1,0,0,0,0,-1,-1,-1,-1,-1,-1,-1,0,0,0,0,0,0,0,0,0,0,0,0,0,0,0,0,0,0,0,0
-6,3,8,15,23,34,38,39,36,27,14,-2,-16,-20,-15,0,29,61,88,111,131,148,157,151,138,121,111,104,90,74,67,62,57,57,59,61,63,61,54,51,47,40,35,34,36,36,36,43,50,49,39,28,19,15,12,10,8,7,6,4,3,2,1,0,0,0,0,0,0,-1,-2,-3,-2,-2,-2,-2,-2,-1,0,0,0,0,0,0,0,0,0,0,0,0,0,0,0,0,0,0,0,0,0,0
-8,-5,-4,-1,0,-1,1,5,12,18,20,15,4,-9,-17,-16,-10,-2,17,48,77,102,123,141,157,153,146,140,127,113,101,85,70,54,47,50,59,63,60,54,50,45,38,30,25,22,16,10,7,4,0,-2,-3,-3,0,2,4,4,5,6,8,8,8,7,6,6,6,5,5,4,3,2,2,1,0,0,0,0,0,0,0,0,0,0,0,0,0,0,0,0,0,0,0,0,0,0,0,0,0,0
-1,0,1,2,4,3,0,2,5,7,6,3,-3,-13,-21,-22,-19,-12,0,27,59,86,108,127,145,156,153,143,136,119,100,89,80,66,46,27,18,18,21,18,19,28,32,24,17,19,14,9,6,0,-6,-7,-5,-4,-5,-5,-2,1,4,5,5,4,3,4,4,4,3,3,3,3,3,2,2,2,2,2,1,1,1,0,0,0,0,0,0,0,0,0,0,0,0,0,0,0,0,0,0,0,0,0
-10,-16,-15,-20,-23,-26,-24,-23,-23,-25,-30,-36,-39,-42,-44,-43,-38,-30,-15,13,47,76,101,122,140,153,160,152,141,124,105,90,82,73,62,53,51,54,55,56,59,55,47,40,35,28,20,16,18,17,14,11,11,13,16,19,23,22,16,9,4,2,2,2,1,1,0,0,0,0,0,0,0,0,0,0,0,-1,-1,-1,-1,-1,-2,-2,-1,-2,-2,-2,-2,-1,-1,-1,-1,-1,0,0,0,0,0,0
-15,-8,-2,-3,0,3,8,15,21,23,24,23,20,13,6,2,3,8,25,57,85,108,129,146,150,139,138,133,125,117,106,99,91,79,71,65,62,63,65,65,67,66,56,45,33,30,26,20,12,7,9,11,6,-3,-10,-12,-11,-10,-9,-8,-6,-4,-3,-2,-1,-1,0,0,-1,0,-1,-1,-2,-3,-3,-3,-2,-1,-1,-1,0,0,0,0,0,0,0,-1,-1,-1,-1,-1,-1,-1,0,0,0,0,0,0
-1,-1,4,7,15,22,23,27,26,23,15,8,1,-10,-23,-27,-26,-15,-1,28,60,87,110,130,148,153,151,144,140,140,135,122,112,107,106,105,98,89,82,75,68,68,66,61,57,52,44,39,37,37,38,37,32,28,24,22,21,24,32,36,33,26,20,16,13,12,10,9,8,7,6,6,5,4,3,2,1,0,0,-1,-2,-2,-2,-2,-3,-3,-3,-3,-3,-3,-2,-2,-1,-1,-1,-1,-1,-1,0,0
1,2,1,-3,-11,-22,-35,-51,-66,-73,-68,-60,-52,-44,-37,-39,-45,-50,-48,-40,-23,5,39,69,95,117,136,153,166,162,150,135,115,95,80,69,56,47,41,39,37,43,54,59,58,61,60,53,54,56,49,44,41,38,37,33,21,20,19,20,20,20,22,21,19,15,12,10,8,6,4,3,2,2,2,2,2,3,2,2,2,1,1,1,1,0,0,0,0,0,0,0,0,0,0,0,0,0,0,0
2,-1,-7,-4,-3,-2,0,1,6,15,20,23,23,17,8,1,-1,1,7,17,33,59,85,107,127,145,160,170,164,160,149,130,114,102,92,80,75,70,68,63,65,66,57,45,33,23,17,16,18,14,10,12,16,18,16,9,3,0,0,0,0,-1,-1,0,0,0,-1,-1,-2,-1,-2,-2,-2,-2,-2,-1,-1,-1,-1,-1,-1,-1,-1,-1,0,0,0,0,0,0,0,0,0,0,0,0,0,0,0,0
2,0,-5,-13,-18,-24,-25,-26,-26,-24,-21,-20,-22,-27,-38,-53,-71,-89,-95,-83,-75,-68,-58,-41,-20,2,28,58,86,109,129,147,161,174,174,151,126,106,92,81,74,81,88,94,110,119,122,125,123,114,102,92,78,63,52,40,25,13,7,3,5,12,17,19,18,16,16,16,14,10,7,5,4,3,4,4,5,5,5,5,4,3,2,2,2,1,1,0,0,0,0,0,0,0,0,0,0,-1,-1,-1
-9,-6,-4,0,5,9,17,23,25,29,31,28,25,16,5,-9,-20,-20,-34,-54,-66,-62,-52,-42,-34,-27,-20,-10,4,21,41,58,72,87,102,118,134,149,163,176,187,194,187,168,141,114,98,85,76,75,80,87,95,103,112,119,124,132,137,132,125,108,88,77,71,63,55,51,42,30,18,12,12,18,23,24,22,19,17,15,14,12,11,9,7,6,4,3,3,2,1,0,0,0,0,0,0,0,0,-1
-21,-20,-17,-13,-10,-7,-6,-5,-6,-7,-8,-10,-11,-15,-21,-31,-40,-49,-60,-69,-78,-89,-96,-89,-73,-52,-36,-27,-16,1,22,46,69,79,99,114,130,143,155,167,179,180,168,152,130,109,90,75,62,50,40,34,30,28,30,28,24,24,28,36,49,59,69,79,83,83,82,79,74,66,52,40,35,27,15,10,9,3,-1,-2,-2,-3,-2,-1,0,0,0,1,3,6,7,6,3,1,0,-1,-1,-1,-2,-2
-8,-5,-2,0,10,22,36,50,57,54,48,39,33,25,13,1,-11,-28,-45,-56,-66,-74,-83,-93,-96,-84,-64,-46,-34,-21,-5,15,39,63,89,112,132,149,163,172,181,188,189,186,173,153,130,107,87,71,59,53,48,48,46,49,58,68,81,89,94,97,98,103,105,101,96,90,79,63,51,37,23,11,-5,-12,-17,-26,-31,-29,-19,-9,-3,0,0,0,0,1,3,3,2,2,1,1,1,0,0,1,1,0
7,10,10,16,24,27,28,27,20,12,0,-9,-17,-26,-43,-63,-83,-99,-105,-92,-76,-60,-47,-32,-12,11,34,57,82,104,124,142,157,171,182,192,192,173,149,128,106,85,71,68,71,79,90,103,113,117,117,113,107,97,87,80,65,45,28,13,9,10,10,13,17,18,13,8,6,7,8,10,11,11,10,9,8,8,7,6,4,3,3,2,2,1,1,1,1,0,0,0,0,0,0,0,0,0,0,0
-4,-11,-2,13,26,39,53,65,75,84,91,87,76,61,33,5,-21,-44,-58,-54,-46,-37,-31,-25,-16,0,23,47,75,98,120,139,155,168,180,190,185,165,137,110,95,86,80,78,86,95,104,111,116,112,107,104,92,73,55,40,24,7,0,-4,-2,0,5,9,13,16,17,15,11,9,7,6,5,4,2,1,1,0,0,-1,-1,-1,-1,0,0,-1,-1,-2,-2,-1,-1,-1,-1,-1,-1,-1,-1,-1,-1,-1
-3,-4,-7,-15,-25,-31,-33,-31,-32,-39,-47,-55,-64,-73,-85,-97,-112,-132,-146,-130,-114,-95,-73,-47,-17,11,40,67,92,115,134,151,165,177,187,182,161,133,108,93,82,71,64,57,51,48,54,67,75,80,85,88,79,64,53,43,33,29,22,16,12,7,6,6,4,0,-7,-10,-9,-7,-5,-1,-1,-3,-4,-3,-2,-1,0,0,0,0,0,0,0,0,0,-1,-1,-2,-2,-2,-1,-1,-1,-1,-1,-1,-1,-1
-5,-2,0,4,16,26,31,33,28,21,9,-6,-23,-45,-66,-85,-103,-118,-116,-99,-83,-70,-62,-50,-34,-13,12,42,72,98,119,138,154,165,177,188,191,177,155,132,112,95,83,77,78,82,86,95,107,118,124,121,110,101,92,82,73,58,46,28,12,6,12,21,23,22,21,19,15,5,-4,-5,-1,1,0,-2,-3,-2,0,0,0,-1,-2,-4,-4,-4,-5,-5,-3,-1,0,-2,-2,-1,0,0,0,0,0,0
-33,-44,-62,-62,-63,-65,-65,-67,-71,-76,-84,-92,-100,-107,-116,-127,-139,-149,-145,-144,-133,-113,-92,-71,-42,-13,23,55,83,107,128,145,160,173,184,194,187,164,139,116,97,81,66,57,53,47,41,34,24,23,31,45,56,61,68,72,69,68,54,34,31,37,45,47,53,64,65,60,56,56,56,47,35,30,28,25,22,18,15,13,11,10,8,7,5,4,3,3,3,2,2,1,1,0,0,0,0,0,0,0
-13,-16,-24,-24,-20,-17,-14,-11,-10,-9,-8,-9,-16,-28,-43,-62,-86,-105,-112,-106,-90,-70,-54,-43,-27,-7,15,47,76,101,122,139,149,160,173,184,184,171,150,123,99,82,72,70,77,95,117,136,144,143,148,156,148,128,106,82,61,45,35,25,20,21,24,27,25,19,14,11,10,9,9,9,8,4,2,1,0,0,0,0,0,0,1,0,0,0,0,0,0,0,-1,-2,-2,-2,-3,-2,-2,-2,-2,-1
-13,-6,-12,-20,-21,-30,-34,-34,-38,-44,-52,-60,-76,-93,-109,-126,-136,-142,-136,-116,-94,-77,-67,-56,-40,-19,14,48,77,101,117,124,140,156,169,181,182,168,152,130,107,88,79,85,96,104,103,103,112,126,140,148,152,149,133,107,81,57,40,32,17,1,0,6,13,14,11,6,1,0,1,1,0,0,0,0,-1,-1,-1,-1,-1,-1,-1,-1,-1,0,-1,-2,-1,-1,-1,-1,-1,-2,-2,-2,-2,-1,-1,0
-6,-9,-9,-10,-15,-21,-25,-30,-36,-41,-50,-64,-81,-103,-124,-142,-156,-161,-147,-121,-92,-65,-33,2,30,61,88,111,131,148,162,175,185,195,194,176,151,125,105,90,82,80,81,85,91,104,118,128,131,124,107,87,79,78,78,73,63,55,49,47,46,45,40,34,25,17,12,9,8,6,4,2,1,1,1,1,0,0,0,0,-1,-1,-1,-2,-3,-3,-4,-3,-3,-3,-2,-2,-2,-2,-2,-2,-2,-2,-2,-1
9,8,11,15,12,8,6,-3,-16,-25,-39,-57,-74,-93,-115,-134,-145,-142,-127,-100,-72,-49,-24,3,33,61,85,109,129,146,161,174,185,192,180,164,142,116,96,84,74,67,67,73,82,93,102,112,118,124,129,135,136,129,116,98,83,72,64,55,47,41,34,29,27,26,26,22,18,14,11,9,7,5,4,3,2,2,2,1,1,1,1,0,0,0,0,0,0,0,-1,-1,-1,-1,-1,-1,-1,-1,-1,-1
-12,-13,-16,-15,-13,-17,-24,-29,-35,-47,-61,-76,-94,-115,-134,-150,-164,-163,-144,-112,-77,-46,-12,24,57,84,107,124,138,150,160,173,184,188,168,139,112,98,95,100,108,118,126,134,143,154,165,168,161,143,123,106,92,80,71,64,55,44,32,23,17,15,17,21,22,21,16,16,14,11,8,7,5,3,2,1,1,1,1,0,0,0,0,0,0,0,0,0,0,0,0,0,0,0,0,0,0,0,0,0
11,15,19,24,28,29,21,5,-7,-18,-29,-43,-66,-92,-114,-133,-140,-126,-112,-87,-59,-33,-8,17,48,77,100,115,133,150,164,177,187,196,189,155,121,97,85,77,64,51,46,52,64,79,91,102,113,117,111,105,100,89,70,54,49,47,41,36,32,31,31,28,26,21,17,14,12,9,6,3,2,0,-2,-3,-3,-3,-2,-2,-2,-1,-1,-1,-1,-1,-1,-1,-1,-1,-1,-1,-1,-1,0,-1,-1,0,0,0
-18,-18,-35,-44,-43,-47,-48,-48,-50,-54,-57,-61,-67,-71,-77,-97,-118,-137,-145,-141,-126,-97,-59,-24,4,37,68,94,111,127,143,159,172,183,181,165,144,120,104,92,83,80,79,81,85,91,94,89,83,82,83,84,84,84,80,72,70,67,59,53,47,44,38,31,25,23,22,22,25,29,30,29,25,21,17,15,11,8,6,5,4,3,3,2,2,1,0,0,0,0,0,0,0,0,0,0,0,0,0,0
-13,-18,-26,-28,-30,-34,-36,-37,-42,-47,-52,-58,-68,-82,-98,-120,-134,-143,-149,-145,-138,-124,-102,-74,-42,-14,9,30,45,60,83,107,128,145,160,173,184,186,163,132,107,93,87,83,80,74,69,65,61,60,61,61,60,60,63,66,70,74,76,80,83,83,79,70,60,53,47,41,38,38,39,33,25,19,16,14,13,12,11,9,8,6,5,4,4,2,2,2,1,0,0,0,0,0,0,0,0,0,0,0
-11,-15,-22,-28,-31,-37,-53,-63,-75,-91,-110,-127,-144,-159,-172,-183,-192,-195,-184,-162,-131,-99,-71,-46,-23,-3,15,35,53,71,89,104,123,141,156,170,181,183,178,161,138,117,103,98,100,102,107,107,107,114,124,134,133,123,117,112,105,97,87,75,65,59,54,47,41,35,31,29,29,28,24,20,16,13,12,10,9,6,4,3,3,3,2,1,1,1,1,0,0,0,0,0,0,0,0,0,0,0,0,0
-35,-39,-42,-47,-57,-67,-75,-78,-78,-80,-84,-89,-93,-101,-112,-126,-143,-158,-171,-179,-177,-164,-131,-93,-66,-43,-12,11,28,48,71,88,100,113,128,145,160,173,183,180,158,127,104,94,92,91,87,86,90,96,98,93,89,89,92,94,90,81,73,68,66,63,56,50,43,35,29,24,21,19,19,19,17,13,11,10,8,7,5,4,3,2,1,0,0,0,-1,-2,-2,-2,-2,-2,-2,-1,-1,-1,-1,-1,-1,-1
-20,-8,14,35,48,64,80,86,92,95,87,73,54,29,4,-15,-25,-26,-17,-3,4,12,24,39,56,75,94,114,134,150,165,177,187,185,167,144,120,102,90,76,63,54,50,51,54,49,39,38,43,50,60,68,74,81,84,88,97,103,94,82,75,63,53,50,50,48,43,37,30,25,23,22,22,20,17,13,11,9,8,6,6,5,4,4,3,2,2,1,0,0,0,0,0,0,0,0,0,0,0,0
3,5,8,12,20,31,46,71,96,118,137,153,167,179,189,198,198,195,181,149,121,105,89,67,34,-3,-38,-68,-94,-116,-133,-133,-135,-141,-131,-120,-107,-90,-72,-58,-43,-35,-30,-23,-11,-3,-3,-4,-4,-3,-3,-5,-7,-6,-5,-4,-2,-1,0,0,-2,-2,-1,-2,-1,0,0,0,-1,-1,-1,-3,-4,-2,-2,-3,-4,-5,-6,-5,-5,-5,-4,-2,-1,-3,-5,-4,-3,-2,-2,-1,0,0,0,0,0,0,0,0
-42,-45,-44,-37,-25,-1,30,54,78,103,124,142,157,171,182,190,199,206,205,192,160,121,94,77,60,40,13,-18,-44,-65,-82,-96,-105,-111,-109,-109,-103,-95,-92,-89,-89,-87,-85,-81,-75,-66,-52,-39,-31,-27,-23,-17,-12,-10,-11,-12,-11,-10,-10,-9,-7,-6,-5,-3,-3,-2,-2,-2,-2,-1,-1,-1,-1,-1,-1,-1,-2,-2,-1,-1,-1,-1,-1,-1,0,0,0,0,0,0,0,0,0,0,0,0,-1,-1,0,0
-30,-26,-16,4,34,65,92,114,134,150,165,177,182,188,195,192,190,181,161,135,108,88,72,60,47,27,0,-34,-54,-69,-86,-93,-103,-109,-104,-103,-102,-105,-109,-101,-92,-85,-74,-62,-53,-45,-35,-29,-28,-26,-22,-18,-14,-10,-7,-4,-2,-1,-1,-2,0,1,2,2,2,2,0,0,0,0,0,-1,-2,-3,-3,-2,-1,-1,-1,-1,-1,-1,-1,-1,-1,-1,-1,-1,0,-1,-1,-1,0,0,0,-1,-1,-1,0,0
20,37,40,52,68,90,113,133,149,164,176,187,196,204,210,209,204,194,184,172,154,130,105,83,62,37,5,-26,-58,-85,-108,-128,-132,-127,-139,-138,-128,-126,-122,-112,-100,-92,-84,-72,-63,-58,-53,-48,-43,-38,-33,-28,-22,-17,-13,-11,-10,-9,-11,-11,-8,-4,-1,1,2,3,3,2,0,-1,-2,-1,0,0,-1,-2,-1,-1,-1,-1,0,0,0,0,0,0,0,0,0,0,0,0,0,0,0,0,0,0,0,0
-28,-28,-18,-3,12,31,59,86,110,130,147,162,174,185,193,196,197,203,195,179,159,134,110,91,76,61,43,21,0,-25,-55,-81,-104,-121,-125,-126,-141,-150,-151,-147,-143,-139,-128,-113,-102,-90,-78,-70,-64,-58,-50,-43,-37,-31,-24,-18,-15,-13,-10,-8,-6,-5,-5,-4,-3,-1,0,0,0,0,0,-1,-1,-1,-2,-2,-2,-2,-2,-2,-2,-1,0,0,-1,-1,0,0,0,0,-1,-1,0,0,0,0,0,0,0,0
-4,9,30,55,83,107,127,145,160,173,184,193,199,198,198,192,180,164,141,112,88,67,47,25,4,-16,-38,-59,-79,-95,-109,-124,-131,-135,-143,-146,-147,-149,-146,-137,-128,-117,-106,-100,-97,-92,-80,-67,-57,-50,-43,-36,-29,-23,-18,-15,-11,-8,-6,-5,-4,-5,-5,-3,-1,-1,-1,-1,-1,-1,-1,0,0,0,-1,-3,-5,-5,-3,-2,-1,-1,-1,-2,-3,-3,-3,-4,-3,-3,-3,-3,-2,-2,-2,-1,-1,-1,0,0
-23,-20,-12,-12,-16,-6,19,43,61,84,107,128,145,157,161,168,166,161,149,124,100,78,58,39,22,3,-23,-50,-67,-82,-91,-99,-113,-120,-127,-142,-142,-129,-117,-103,-83,-65,-46,-35,-30,-30,-27,-17,-8,-5,-5,-5,-1,5,8,8,6,6,5,3,3,3,2,1,1,1,0,2,4,3,1,0,0,0,-1,-2,-2,-2,-2,-1,-1,0,0,0,0,0,0,0,0,0,0,0,0,0,0,1,1,0,1,1
-31,-30,-16,-2,15,37,58,83,106,127,144,160,173,184,193,197,197,185,161,135,111,90,73,58,40,19,-5,-32,-59,-78,-92,-107,-120,-135,-139,-140,-138,-133,-128,-121,-115,-111,-104,-98,-92,-85,-73,-59,-47,-35,-23,-17,-14,-11,-7,0,6,8,5,0,-2,-2,-2,-1,0,0,0,0,0,-1,-1,-2,-2,-2,-2,-3,-3,-3,-2,-2,-2,-2,-1,-1,-1,-1,-1,0,0,0,-1,-1,-1,-1,-1,-1,-1,-1,0,0
-39,-39,-40,-45,-41,-22,-2,23,48,68,87,105,118,123,124,133,142,145,135,116,97,80,65,52,38,21,0,-22,-44,-71,-91,-108,-127,-136,-140,-141,-134,-128,-119,-102,-85,-73,-64,-57,-48,-39,-30,-18,-6,-1,-1,0,0,0,-1,-3,-3,-3,-3,-4,-4,-4,-4,-4,-4,-4,-4,-3,-3,-3,-3,-4,-3,-3,-3,-3,-3,-2,-2,-2,-1,-1,-2,-2,-1,-1,-1,-1,0,-1,-1,-1,0,0,0,0,0,0,0,0
1,34,65,92,114,134,150,165,177,187,196,204,211,212,204,186,162,131,99,70,44,19,0,-23,-46,-67,-84,-104,-123,-129,-141,-149,-147,-148,-143,-131,-122,-118,-114,-104,-93,-83,-72,-62,-54,-46,-38,-33,-30,-25,-19,-13,-8,-7,-10,-12,-11,-7,-5,-5,-5,-4,-3,-2,-2,-1,-1,-1,-1,-2,-2,-1,-1,-1,-1,-1,0,0,0,0,0,0,0,0,0,0,0,0,0,0,0,0,0,0,0,0,0,0,0,0
-36,-33,-17,2,24,52,81,105,126,143,159,172,183,193,199,202,200,184,159,127,95,67,40,11,-14,-36,-58,-84,-102,-109,-107,-98,-95,-89,-78,-73,-65,-58,-53,-45,-39,-39,-39,-31,-27,-24,-19,-14,-12,-10,-3,4,11,10,7,5,5,6,5,4,3,3,3,3,2,2,1,1,0,0,0,0,0,0,0,0,0,0,0,0,0,0,0,0,0,0,0,0,0,0,0,0,0,0,0,0,0,0,0,0
-32,-19,-3,25,57,84,108,128,146,161,174,185,193,197,191,176,155,132,112,93,77,62,43,18,-12,-46,-75,-100,-121,-131,-135,-136,-132,-130,-124,-115,-106,-95,-82,-69,-57,-46,-37,-35,-36,-33,-26,-19,-16,-12,-6,-3,-3,-4,-3,-2,-2,-2,-2,-2,-2,-2,-2,-2,-2,-2,-2,-2,-3,-3,-3,-3,-3,-3,-3,-3,-2,-2,-1,-1,-1,-1,-1,-1,-1,0,0,0,0,0,0,0,0,0,0,0,0,0,0,0
6,5,12,23,35,51,69,92,115,134,151,165,177,184,179,173,164,136,117,98,80,63,43,21,-12,-46,-75,-100,-120,-127,-141,-146,-141,-135,-130,-120,-104,-85,-67,-54,-45,-38,-29,-20,-13,-7,-2,0,1,1,0,0,-2,-2,-2,-2,-2,-3,-3,-3,-3,-2,-2,-2,-1,-1,-1,-1,-2,-2,-2,-1,-1,-1,-1,0,0,0,0,0,0,0,0,0,0,0,0,0,0,0,-1,-1,-1,0,0,0,0,0,0,0
6,4,18,36,58,85,109,129,146,161,174,185,194,202,208,203,190,169,141,112,89,65,39,15,-10,-38,-68,-93,-115,-134,-148,-159,-172,-179,-174,-174,-178,-169,-157,-146,-134,-119,-100,-81,-67,-57,-47,-36,-26,-18,-14,-13,-11,-9,-7,-5,-4,-3,-3,-1,-1,-1,-1,-1,-1,-1,-2,-3,-3,-3,-3,-3,-3,-3,-3,-2,-2,-3,-3,-2,-2,-1,-1,-1,-1,-1,0,0,0,0,0,0,0,0,0,0,0,0,0,0
-6,-15,-14,-2,16,39,66,92,115,134,151,165,177,188,196,197,187,170,149,127,104,85,68,49,27,7,-16,-39,-58,-77,-98,-113,-128,-141,-157,-164,-167,-176,-177,-164,-151,-141,-130,-118,-106,-97,-86,-72,-58,-45,-33,-23,-16,-14,-13,-11,-9,-7,-7,-7,-6,-5,-4,-2,-2,-1,-1,-1,-2,-3,-3,-3,-3,-3,-3,-3,-2,-2,-2,-1,-1,-1,-1,0,0,0,0,-2,-3,-1,0,0,0,0,0,0,0,0,0,0
2,14,37,57,77,101,122,140,156,170,181,191,200,205,203,193,178,158,135,112,88,63,40,17,-8,-33,-55,-79,-101,-117,-134,-150,-159,-172,-178,-179,-179,-170,-159,-148,-142,-135,-120,-103,-86,-71,-59,-48,-39,-31,-25,-22,-19,-17,-16,-15,-14,-12,-11,-9,-7,-5,-4,-2,0,0,-1,-1,-1,-1,-1,-2,-2,-2,-2,-3,-3,-3,-3,-2,-2,-2,-2,-1,-1,-1,-1,-1,0,0,0,0,0,0,0,0,0,0,0,0
-14,-9,-3,8,28,54,82,106,126,144,159,172,183,184,182,175,166,155,138,120,103,88,72,58,44,28,7,-15,-37,-55,-76,-99,-120,-139,-154,-167,-175,-182,-181,-176,-169,-157,-140,-126,-114,-102,-89,-73,-57,-41,-26,-16,-12,-12,-14,-15,-14,-12,-10,-9,-7,-6,-5,-4,-4,-4,-4,-4,-4,-4,-3,-3,-2,-2,-2,-2,-2,-2,-2,-2,-1,-1,-1,-1,-1,0,0,0,0,0,0,0,0,0,0,0,0,0,0,0
8,19,35,58,85,109,129,146,161,174,185,194,202,208,208,200,186,167,147,126,104,83,59,29,-1,-29,-59,-86,-109,-129,-146,-161,-170,-180,-189,-188,-181,-175,-167,-156,-148,-139,-125,-108,-92,-77,-63,-51,-40,-31,-24,-19,-15,-13,-13,-13,-13,-12,-11,-9,-7,-5,-3,-2,-1,-1,-2,-2,-2,-3,-4,-4,-4,-4,-3,-3,-2,-2,-1,-1,-1,-1,-1,-1,-1,-1,-1,-1,-1,-1,-1,-1,-1,-1,0,0,0,0,0,0
0,2,12,26,46,68,93,115,135,151,165,177,188,196,200,196,182,164,145,126,109,94,74,51,27,0,-31,-60,-87,-110,-130,-147,-160,-169,-174,-170,-168,-165,-152,-136,-121,-104,-85,-69,-58,-50,-40,-32,-26,-22,-21,-19,-17,-16,-15,-14,-12,-10,-7,-6,-5,-4,-3,-2,-2,-2,-2,-2,-2,-1,-1,-1,-1,-1,-1,-1,0,0,0,0,-1,-1,0,0,0,0,0,0,0,0,0,0,0,0,0,0,0,0,0,0
-19,-26,-23,-5,19,44,73,98,120,139,155,168,180,185,181,172,159,149,136,122,108,92,73,51,27,0,-25,-50,-77,-97,-108,-124,-130,-119,-115,-114,-95,-77,-76,-73,-62,-46,-33,-29,-28,-26,-22,-19,-16,-14,-11,-9,-7,-7,-6,-4,-2,-2,-1,0,0,0,0,0,1,0,0,0,0,0,-1,-1,0,0,0,0,0,0,0,0,0,0,0,0,0,0,0,0,0,0,0,0,0,0,0,0,0,0,0,0
3,8,21,48,76,101,122,140,146,147,154,118,125,124,106,88,71,56,44,35,22,2,-18,-49,-77,-102,-123,-134,-140,-141,-137,-127,-112,-93,-69,-49,-37,-26,-15,-9,-8,-7,-6,-5,-3,-3,-3,-4,-4,-4,-4,-4,-4,-4,-4,-4,-3,-3,-3,-3,-4,-4,-5,-5,-4,-4,-3,-3,-2,-2,-2,-2,-2,-3,-3,-3,-3,-2,-2,-3,-4,-5,-7,-9,-8,-7,-6,-5,-4,-2,-2,-2,-2,-1,-1,-1,-1,-1,-1,-1
-15,2,26,58,85,108,129,146,161,173,184,174,147,134,118,100,84,69,56,44,35,29,23,16,9,-2,-19,-37,-61,-87,-108,-128,-145,-155,-162,-159,-148,-134,-115,-93,-71,-53,-39,-30,-25,-20,-13,-6,-2,-3,-8,-10,-9,-6,-3,-1,-1,-1,-2,-1,-1,-1,-2,-2,-2,-1,0,0,0,0,0,-1,0,0,0,0,0,0,0,0,-1,-1,-1,0,0,-1,-1,-1,-1,-2,-2,-2,-2,-2,-2,-2,-2,-2,-1,-2
9,33,64,90,113,132,148,148,136,127,138,118,108,88,72,59,46,36,30,25,21,17,15,12,5,-10,-28,-49,-76,-101,-122,-134,-145,-153,-159,-152,-136,-124,-117,-108,-94,-78,-57,-34,-17,-9,-7,-5,-4,-5,-5,-4,-5,-5,-3,-1,-1,-3,-5,-6,-6,-6,-5,-4,-5,-7,-8,-7,-5,-6,-6,-6,-4,-4,-3,-3,-2,-1,-1,-1,-2,-3,-3,-3,-3,-2,-2,-3,-4,-5,-5,-4,-4,-4,-3,-3,-2,-2,-2,-2
0,31,59,86,110,130,147,161,168,170,172,165,136,126,113,99,82,65,50,40,33,28,23,18,16,11,0,-20,-41,-67,-93,-114,-130,-136,-141,-143,-136,-130,-127,-118,-106,-95,-86,-74,-61,-49,-38,-29,-23,-20,-16,-13,-9,-7,-6,-5,-3,-1,0,0,-1,0,0,0,0,0,-1,-2,-2,-2,-2,-2,-2,-2,-1,-1,0,-1,-1,-1,-1,-1,-1,0,0,-1,-2,-2,-2,-2,-2,-2,-2,-2,-2,-2,-1,-1,-1,-1
-11,14,46,75,100,121,140,155,169,179,172,161,149,131,107,85,62,45,35,28,23,15,6,-3,-17,-35,-55,-77,-97,-114,-128,-135,-147,-159,-163,-163,-156,-148,-141,-135,-126,-114,-98,-81,-65,-54,-46,-38,-30,-23,-17,-11,-7,-5,-3,-1,-1,-2,-2,-2,-2,-2,-1,-1,-2,-2,-2,-2,-1,-2,-3,-4,-4,-3,-2,-2,-2,-3,-3,-3,-2,-2,-2,-2,-2,-2,-3,-2,-2,-2,-2,-3,-2,-3,-2,-2,-2,-2,-2,-3
34,57,84,108,128,143,145,145,147,155,143,138,125,110,95,80,65,51,38,28,20,16,13,10,5,-2,-16,-35,-54,-72,-87,-101,-114,-123,-133,-138,-138,-139,-138,-132,-124,-115,-106,-97,-87,-76,-65,-55,-46,-37,-29,-23,-16,-9,-4,-2,-1,-2,-4,-5,-4,-3,-3,-4,-5,-5,-5,-4,-5,-6,-7,-6,-6,-5,-4,-3,-2,-1,0,0,0,0,0,0,0,0,0,0,0,0,1,1,0,0,0,-1,-1,0,0,0
34,47,74,99,120,139,152,159,163,169,181,163,162,146,126,105,83,65,50,39,31,24,20,14,12,8,4,0,-10,-25,-43,-62,-83,-104,-124,-138,-151,-165,-174,-174,-172,-165,-158,-145,-128,-113,-100,-87,-74,-64,-53,-43,-34,-27,-22,-18,-16,-15,-13,-11,-9,-7,-6,-5,-5,-5,-4,-3,-3,-3,-4,-4,-4,-3,-3,-3,-2,-2,0,0,0,-1,-1,0,0,-1,-1,-1,0,0,0,0,-1,0,0,0,-1,-1,-1,0
-11,0,18,42,72,97,119,137,152,159,154,140,129,120,105,87,71,56,44,37,32,27,23,20,16,12,9,5,-2,-16,-37,-61,-85,-108,-128,-146,-160,-169,-161,-153,-160,-168,-165,-147,-118,-93,-77,-65,-54,-44,-35,-31,-26,-21,-18,-14,-10,-7,-6,-5,-5,-6,-9,-10,-8,-6,-4,-4,-4,-3,-3,-3,-3,-3,-3,-3,-2,-2,-2,-2,-2,-3,-3,-3,-2,-1,-1,-1,-2,-2,-2,-2,-2,-1,-1,-1,-1,-1,-1,0
79,103,124,142,157,167,176,186,195,181,163,140,119,100,83,69,55,45,35,25,14,1,-10,-23,-35,-45,-55,-70,-84,-94,-103,-111,-121,-128,-129,-128,-125,-119,-114,-111,-108,-101,-91,-79,-67,-55,-42,-32,-24,-17,-10,-6,-3,-2,-2,-2,-2,-2,-2,-2,-1,0,0,-2,-3,-3,-2,-2,-1,-2,-1,-1,-1,-2,-2,-1,-1,-1,-1,-1,-1,-1,-1,-1,-1,-1,-1,-1,-1,-2,-2,-1,-1,-1,-1,-1,-1,-1,-1,-1
-1,0,14,46,75,100,121,140,155,169,180,168,156,139,121,103,84,69,56,45,37,30,25,20,14,7,-3,-20,-42,-65,-92,-114,-133,-150,-163,-165,-164,-163,-155,-137,-116,-98,-82,-70,-58,-48,-39,-32,-24,-19,-17,-14,-12,-11,-9,-8,-7,-7,-5,-5,-4,-4,-3,-4,-4,-3,-3,-2,-2,-2,-1,-1,-1,-1,-1,-1,-1,0,-1,0,0,0,-1,-1,-1,-1,-1,-1,-1,-1,-1,-1,-1,-1,-1,-1,-1,-2,-5,-5
8,26,55,83,107,127,145,160,172,158,146,138,129,113,97,81,65,52,41,31,22,7,-12,-36,-64,-87,-110,-130,-147,-162,-174,-175,-171,-163,-148,-128,-110,-95,-84,-73,-59,-47,-37,-28,-21,-17,-14,-11,-9,-6,-3,-1,0,-1,-1,0,-1,-1,-1,-1,-2,-3,-2,-2,-3,-3,-3,-3,-3,-3,-3,-3,-3,-2,-2,-3,-3,-4,-3,-3,-3,-3,-3,-3,-2,-2,-2,-2,-1,-1,-1,-1,-1,-1,-1,-1,0,0,-1,-1
-7,-13,2,35,66,92,115,134,150,164,177,162,148,131,113,95,79,65,53,42,31,13,-7,-36,-66,-92,-115,-134,-150,-162,-164,-160,-149,-137,-128,-118,-105,-88,-70,-55,-44,-36,-28,-22,-17,-13,-10,-11,-12,-12,-10,-8,-7,-4,-2,-1,0,0,0,-1,0,-1,-1,-1,-2,-2,-2,-2,-1,-1,-1,-1,-1,0,0,0,0,-1,-1,-1,-1,-1,-1,-1,-1,-1,-1,-1,-1,-1,-1,-1,-1,-1,-1,-1,-1,0,0,-1
16,26,52,81,105,125,143,158,171,182,143,141,133,116,98,80,63,51,41,32,16,-3,-26,-50,-76,-100,-122,-140,-151,-153,-145,-123,-106,-91,-79,-73,-63,-52,-45,-39,-31,-23,-18,-15,-12,-10,-8,-6,-5,-4,-3,-1,0,0,0,0,0,0,0,0,-1,-1,-1,-2,-2,-2,-1,-1,-1,-1,-1,0,0,0,0,0,0,0,0,-1,0,-1,-1,-1,-1,-1,-1,-1,0,0,0,0,0,0,0,0,-1,-1,-1,-1
2,28,60,87,110,130,147,162,174,185,148,138,124,110,96,81,67,53,41,19,-6,-37,-68,-94,-116,-134,-140,-137,-129,-112,-89,-70,-62,-56,-49,-38,-27,-18,-11,-7,-3,-1,0,0,0,-3,-6,-7,-6,-3,-2,-1,0,0,-1,-1,-1,-2,-2,-3,-4,-5,-5,-4,-4,-3,-3,-2,-1,-1,-1,-1,-1,0,-1,-1,-1,-1,-1,-1,-1,-1,-1,-1,-1,-1,-1,-1,-1,-1,-1,-1,-1,-1,-1,-1,-1,-1,-1,-1
25,52,80,104,125,143,158,170,168,158,130,119,100,85,68,53,42,34,28,19,4,-13,-39,-68,-93,-113,-130,-144,-157,-168,-168,-158,-147,-135,-121,-110,-100,-85,-68,-55,-44,-35,-27,-19,-13,-10,-10,-9,-8,-8,-7,-7,-6,-5,-5,-6,-6,-7,-7,-8,-7,-7,-7,-6,-5,-5,-4,-4,-4,-4,-3,-3,-3,-2,-2,-2,-2,-3,-3,-3,-3,-3,-2,-2,-2,-2,-1,-1,-1,-1,-1,-1,-1,-1,-1,-1,-1,-1,-1,-1
11,44,73,98,120,138,154,168,179,164,141,129,112,95,79,63,49,38,24,7,-15,-45,-75,-100,-121,-138,-149,-157,-160,-152,-136,-114,-98,-88,-83,-75,-66,-56,-46,-37,-29,-23,-17,-14,-14,-15,-16,-12,-9,-6,-4,-2,-1,0,0,0,0,-1,-1,-1,-1,-1,0,0,0,0,0,0,0,0,0,0,-1,-1,-1,-1,-1,-1,-1,-1,-1,-1,-1,-1,-1,-1,-1,-1,-1,-1,-1,0,-1,-1,0,0,-1,-1,-1,-1
-1,6,30,62,88,111,131,148,163,175,125,123,113,101,87,74,59,45,35,19,-4,-29,-56,-81,-105,-125,-143,-158,-167,-171,-166,-151,-134,-113,-93,-75,-57,-42,-32,-24,-20,-19,-19,-18,-17,-14,-12,-9,-7,-5,-4,-3,-3,-3,-3,-4,-5,-5,-5,-5,-3,-1,-1,-1,-1,0,0,0,0,-1,-1,-1,-1,-1,-1,-1,-1,-1,-1,-1,-1,-2,-2,-1,-1,-1,-1,-1,-1,-1,-1,-1,-1,-1,-1,-1,0,0,0,0
-6,6,36,66,92,115,134,150,164,175,169,158,143,123,107,89,74,63,52,42,30,11,-12,-45,-74,-99,-119,-138,-153,-160,-152,-130,-110,-96,-79,-58,-37,-22,-17,-19,-19,-17,-15,-13,-11,-9,-8,-7,-6,-5,-5,-4,-4,-4,-4,-4,-3,-3,-3,-3,-3,-3,-3,-2,-2,-2,-2,-2,-2,-2,-2,-2,-3,-3,-2,-2,-3,-3,-3,-3,-3,-3,-3,-3,-3,-3,-2,-2,-2,-2,-1,-1,-1,-1,-1,-1,-2,-2,-2,-2
10,37,67,93,115,135,151,162,173,144,123,111,97,84,70,57,46,29,6,-21,-53,-81,-105,-126,-144,-152,-150,-150,-142,-125,-108,-94,-81,-65,-50,-37,-28,-22,-17,-14,-10,-8,-6,-5,-4,-4,-3,-1,0,1,0,0,0,0,-1,-1,0,0,0,0,0,0,0,0,0,0,0,0,0,0,0,0,0,0,0,0,-1,-1,-1,-1,-1,0,0,0,0,0,0,0,0,0,0,0,0,0,0,0,0,0,-1,-1
25,55,83,107,127,145,159,167,170,172,131,125,107,95,81,65,50,37,25,7,-16,-44,-73,-99,-120,-139,-154,-168,-171,-167,-161,-147,-125,-99,-75,-57,-41,-30,-20,-11,-4,-2,-3,-4,-3,-2,-1,-1,-1,-1,-1,-2,-3,-3,-3,-4,-5,-5,-6,-6,-6,-6,-7,-8,-7,-6,-5,-4,-3,-2,-2,-2,-3,-4,-4,-5,-5,-4,-4,-4,-3,-3,-2,-2,-2,-2,-2,-2,-1,-1,-1,-1,-1,-1,0,-1,-1,-1,-1,-1
-31,-23,-17,-14,-13,-17,-23,-34,-51,-69,-85,-98,-114,-132,-142,-146,-149,-150,-146,-137,-126,-108,-79,-52,-30,-7,10,26,42,62,79,100,120,128,121,110,97,81,68,56,43,34,30,28,24,24,23,19,15,13,14,17,18,17,16,14,14,14,14,14,13,10,7,5,3,3,3,3,3,3,3,3,2,2,2,1,1,0,0,0,0,0,0,0,0,1,1,0,0,0,0,0,0,0,0,0,0,0,0,0
-31,-63,-80,-69,-42,-7,29,60,64,47,19,-18,-51,-73,-90,-111,-131,-148,-162,-167,-163,-158,-146,-130,-106,-72,-49,-32,-5,16,33,59,82,101,116,125,140,137,113,86,72,65,63,58,47,35,24,17,14,12,11,10,8,5,2,1,2,5,8,10,12,12,10,8,5,3,1,1,0,0,1,0,0,0,0,0,0,0,0,0,0,-1,0,0,0,0,0,0,0,0,0,0,0,0,0,0,0,0,0,0
0,-12,-17,-13,-10,-4,1,-1,-19,-44,-66,-87,-109,-129,-145,-157,-165,-167,-161,-149,-138,-122,-101,-79,-57,-38,-21,0,16,32,48,65,91,112,123,134,139,129,121,111,91,65,42,27,19,16,11,5,1,0,0,0,0,0,0,0,0,1,1,1,1,1,1,1,0,0,0,-1,-2,-2,-2,-1,-1,-1,-1,-1,-1,-1,-1,-1,-1,-1,-2,-2,-2,-2,-2,-2,-2,-2,-2,-1,-1,-1,-1,-1,-1,-1,0,0
-10,-8,-8,-18,-39,-56,-66,-73,-78,-84,-92,-109,-129,-146,-161,-173,-175,-170,-162,-152,-139,-128,-117,-101,-81,-56,-29,0,31,57,81,98,104,106,111,114,107,100,95,88,78,69,63,58,52,46,43,41,38,37,37,35,31,29,26,24,21,17,15,13,13,11,10,8,7,6,4,3,3,3,3,2,2,2,2,1,0,0,0,0,-1,-2,-3,-4,-4,-5,-5,-4,-2,-1,-1,0,-1,-1,0,0,-1,-1,-1,-1
-7,-8,-10,-22,-33,-42,-54,-70,-90,-110,-129,-146,-161,-174,-184,-190,-194,-189,-176,-161,-141,-116,-89,-57,-25,0,29,52,74,98,111,117,117,112,113,112,98,86,77,67,59,49,40,32,24,20,18,15,13,12,12,10,9,9,8,8,7,9,11,13,14,15,15,15,15,14,11,8,7,8,9,9,7,5,2,0,0,0,0,0,0,0,0,0,0,1,0,0,0,0,0,0,0,-1,-1,0,0,1,1,0
-35,-27,-26,-36,-48,-62,-85,-105,-118,-130,-144,-157,-169,-177,-182,-187,-194,-196,-193,-184,-168,-143,-111,-81,-57,-30,0,29,58,84,102,119,131,142,144,140,126,101,82,69,59,49,36,24,16,11,10,8,6,4,2,0,0,1,2,2,2,2,2,2,3,4,4,4,4,4,3,2,1,1,1,0,0,0,0,0,-1,-1,-1,-2,-2,-2,-1,-1,-1,-1,-1,-1,-1,-1,0,0,0,0,0,0,0,0,0,0
-24,-25,-24,-19,-18,-22,-27,-34,-41,-49,-60,-71,-84,-96,-109,-121,-135,-147,-155,-159,-158,-152,-142,-129,-114,-97,-78,-56,-34,-11,17,47,75,96,111,127,139,145,134,121,113,101,89,78,67,55,44,35,31,28,25,21,17,14,12,9,8,5,3,2,2,4,7,8,7,5,6,8,9,8,6,5,4,3,2,1,0,0,0,0,0,0,-1,-1,-1,-1,-1,-1,-1,-1,-1,-1,-1,-1,-1,-1,-1,-1,0,0
-5,7,14,18,14,5,-7,-25,-50,-77,-102,-123,-141,-156,-170,-181,-185,-176,-159,-136,-110,-75,-29,10,38,59,83,104,108,103,100,96,89,76,62,50,41,34,29,25,21,17,14,13,13,12,11,10,10,11,12,13,13,12,10,8,6,4,3,3,3,2,1,0,-1,-1,-2,-2,-3,-3,-3,-3,-3,-3,-4,-4,-3,-3,-2,-2,-2,-2,-2,-1,-1,-1,-1,-1,-1,-2,-2,-2,-2,-3,-3,-3,-3,-3,-2,-2
-44,-40,-44,-48,-61,-76,-85,-94,-107,-121,-133,-146,-159,-171,-181,-181,-172,-166,-152,-132,-108,-83,-56,-32,-10,16,43,72,97,119,138,138,126,115,93,68,46,30,20,14,12,11,9,9,10,11,12,13,13,13,14,15,16,16,15,14,14,13,12,10,9,7,6,5,4,2,2,1,0,0,0,0,0,0,-1,-1,-1,-1,-1,-1,-1,-2,-2,-1,-2,-2,-2,-2,-1,-1,-1,-1,-2,-2,-2,-3,-3,-3,-3,-3
-11,-7,-6,-8,-14,-21,-33,-52,-73,-94,-116,-135,-151,-165,-177,-187,-195,-192,-182,-169,-151,-130,-105,-71,-31,8,39,62,83,101,111,111,115,108,81,60,50,42,32,25,22,19,17,15,14,13,11,10,10,10,9,9,8,6,4,3,3,3,4,4,4,4,5,5,5,5,6,6,5,4,4,3,2,2,2,1,0,0,0,-1,-2,-3,-3,-2,-2,-2,-2,-1,-1,-1,-1,0,0,0,0,-1,-2,-2,-2,-3
-29,-32,-26,-28,-35,-45,-54,-66,-84,-105,-124,-141,-157,-170,-181,-189,-190,-187,-175,-159,-136,-112,-84,-54,-24,5,37,57,75,91,100,106,101,89,79,66,52,40,31,27,23,18,15,14,16,20,25,28,29,27,26,26,26,25,23,20,18,17,16,15,13,11,10,9,8,7,7,6,6,4,3,2,2,1,1,0,0,0,0,0,0,0,0,0,0,0,-1,-1,-1,-1,-2,-1,-1,-1,-2,-2,-1,-1,-1,-1
-26,-13,-9,-7,-6,-11,-24,-40,-55,-67,-82,-102,-123,-141,-156,-170,-181,-186,-175,-158,-134,-101,-64,-21,17,50,73,81,90,101,108,105,93,72,56,46,38,28,21,17,14,12,11,11,9,10,10,11,12,13,14,14,13,12,12,12,10,7,6,6,6,5,4,3,1,0,-1,-2,-2,-2,-2,-3,-2,-2,-3,-2,-2,-1,0,0,0,0,-1,-1,-1,-1,-1,-2,-2,-2,-2,-6,-13,-16,-16,-14,-14,-14,-12,-11
-18,-18,-27,-42,-61,-79,-98,-117,-134,-150,-164,-176,-187,-193,-191,-189,-177,-162,-145,-125,-103,-73,-39,-2,30,61,88,111,130,146,145,143,137,120,96,69,48,34,27,22,16,11,9,9,11,11,12,12,13,14,15,14,13,11,9,7,5,5,4,4,3,2,1,1,0,0,0,0,0,0,0,0,0,0,0,-1,-1,-1,-1,-1,-1,-1,0,0,0,0,0,0,0,-1,-1,0,0,0,0,0,0,-1,-1,-1
-1,-2,-5,-6,-4,-2,-3,-2,-1,-13,-34,-52,-66,-79,-92,-109,-124,-138,-151,-164,-176,-182,-183,-177,-160,-135,-100,-55,-11,21,46,71,93,107,115,121,116,104,93,86,78,69,62,56,53,51,48,42,38,35,33,33,35,35,30,22,15,12,11,10,10,8,7,6,5,4,3,2,1,1,0,0,0,0,0,0,0,0,0,-1,-1,-1,-1,-1,-1,-1,-1,0,0,0,0,-1,-1,-1,-1,-1,-1,-1,-1,-1
-69,-74,-63,-57,-51,-42,-40,-49,-65,-84,-101,-115,-127,-144,-159,-172,-183,-192,-195,-182,-157,-124,-92,-58,-21,7,26,47,70,88,93,102,115,94,73,65,59,52,46,40,34,31,28,25,21,18,15,14,13,11,9,7,4,1,0,2,5,8,10,9,9,9,8,7,6,5,3,1,0,0,0,0,0,0,0,0,0,0,0,0,-1,-1,-1,-1,-1,-1,-1,-1,-1,-1,-1,-1,-2,-2,-2,-2,-2,-2,-2,-2
-13,-19,-26,-39,-56,-63,-55,-31,-22,-23,-23,-29,-42,-60,-77,-93,-111,-131,-147,-158,-163,-158,-148,-132,-109,-78,-36,0,25,52,75,95,105,112,121,125,125,119,105,90,81,75,66,51,37,31,30,27,22,19,16,15,13,10,9,8,9,8,6,4,3,2,3,3,3,4,4,4,4,4,4,4,3,3,3,3,3,3,2,2,1,1,0,0,0,0,0,0,0,0,-1,-1,-1,-1,-1,-1,-1,-2,-2,-2
-18,-36,-49,-49,-29,2,11,12,17,21,17,2,-14,-32,-54,-80,-105,-125,-142,-152,-156,-156,-149,-139,-121,-91,-62,-35,-4,28,54,74,92,108,114,112,113,111,98,84,70,57,45,34,27,23,17,11,6,3,2,0,-1,-3,-3,-2,-2,-1,0,1,2,1,1,1,2,2,2,0,0,0,1,1,1,1,1,0,0,0,0,0,0,-1,-2,-2,-2,-2,-2,-2,-2,-2,-1,-1,-1,-1,-1,0,0,0,0,0
-21,-31,-43,-56,-64,-66,-66,-54,-35,-31,-31,-35,-51,-67,-78,-85,-97,-114,-133,-150,-163,-164,-156,-143,-127,-114,-92,-52,-13,9,36,64,81,94,109,124,128,119,107,101,96,80,64,53,45,38,30,22,17,14,13,11,10,7,5,2,1,1,1,1,0,-1,0,0,1,2,2,1,0,0,2,4,3,1,0,0,1,1,1,1,0,0,0,0,-1,-1,-1,-1,-1,-1,-1,-1,-1,-1,-1,-1,-1,-1,-1,-1
-31,-27,-26,-29,-30,-30,-25,-23,-28,-38,-54,-70,-88,-111,-130,-147,-155,-151,-143,-134,-121,-108,-95,-78,-50,-22,4,29,54,73,85,96,105,106,108,107,99,90,80,70,58,47,35,27,21,17,15,14,13,11,9,6,4,4,4,5,5,5,5,4,4,4,3,2,0,-2,-3,-3,-3,-3,-3,-3,-3,-2,-2,-1,0,0,0,0,0,0,0,0,0,0,0,0,0,0,0,0,0,0,0,0,0,0,0,0
-23,-34,-53,-74,-83,-77,-56,-42,-35,-22,-13,-14,-24,-39,-57,-75,-90,-101,-112,-122,-132,-146,-154,-151,-142,-131,-116,-102,-86,-62,-36,-9,16,41,64,81,96,107,109,104,103,104,106,104,97,86,71,55,40,28,19,12,6,3,0,-3,-3,-2,0,0,1,2,4,6,7,9,11,12,11,4,-6,-12,-11,-9,-6,-2,0,2,4,5,6,5,4,3,2,1,0,0,0,0,0,0,0,0,0,0,0,0,0,0
24,25,24,22,20,18,14,7,0,-6,-9,-10,-13,-16,-15,-12,-10,-9,-8,-5,-3,-1,-1,-1,-2,-2,0,0,1,0,0,2,6,9,11,14,16,17,10,-2,-17,-24,-22,-15,-3,7,12,12,9,3,0,0,0,1,1,0,-2,-5,-7,-8,-9,-9,-9,-10,-11,-10,-9,-7,-5,-3,0,1,3,3,4,5,5,5,4,4,3,2,2,2,2,3,6,11,13,11,9,6,4,2,1,1,0,-2,-3,-4
4,-1,-7,-10,-10,-9,-7,-7,-6,-6,-7,-6,-4,-2,-1,-1,-1,0,1,3,5,6,7,6,6,5,3,0,-2,-4,-6,-7,-7,-6,-3,-1,0,1,1,0,0,-2,-2,-3,-3,-3,-3,-3,-3,-3,-3,-4,-6,-8,-9,-9,-9,-11,-13,-12,-13,-15,-14,-10,-4,0,0,0,-1,0,0,0,-3,-4,0,4,8,11,12,12,12,11,10,7,3,0,-2,-3,-4,-5,-7,-8,-9,-10,-11,-11,-10,-8,-7,-6
2,5,7,6,5,2,0,-2,-2,-2,-3,-5,-7,-9,-10,-12,-12,-9,-4,-5,-8,-9,-7,-3,1,8,17,24,27,25,19,12,5,1,0,0,0,0,0,0,0,-1,-1,-2,-2,-2,-1,-1,-2,-3,-4,-5,-6,-7,-8,-6,-3,0,1,2,2,4,5,7,6,4,0,-2,-3,-2,0,1,4,6,7,7,6,5,5,4,3,1,-1,-3,-2,0,1,0,-1,-4,-6,-6,-5,-4,-3,-3,-3,-2,-2,-1
34,40,42,40,37,32,26,17,7,-1,-7,-12,-15,-19,-21,-20,-24,-19,-11,-4,-2,-1,0,4,7,9,8,5,2,0,-3,-7,-10,-11,-10,-8,-6,-3,0,1,2,1,1,2,2,1,-2,-6,-10,-12,-13,-24,-30,-26,-14,-3,4,7,7,6,4,3,2,1,1,2,3,4,3,2,1,1,2,3,2,2,2,2,2,1,0,-2,-3,-5,-9,-9,-7,-4,-3,-2,-1,-1,-1,-1,-3,-6,-8,-8,-6,-3
25,20,17,14,12,11,8,6,5,1,-6,-14,-18,-19,-18,-18,-18,-17,-16,-14,-12,-11,-9,-6,-2,-1,-2,-3,-3,-1,1,2,3,2,2,2,2,2,1,1,1,0,0,0,0,0,0,0,0,0,0,0,0,0,0,0,0,0,0,0,0,0,0,0,0,0,0,0,-1,-1,-1,-1,0,0,0,0,0,0,0,0,0,0,0,0,0,0,0,0,0,0,0,0,0,0,0,0,0,0,0,0
-66,-92,-113,-120,-122,-119,-111,-97,-78,-56,-36,-13,11,33,56,82,105,118,119,110,96,81,69,60,52,45,37,26,16,11,10,13,18,21,22,19,14,10,7,7,7,6,5,3,2,2,2,2,2,1,1,1,0,0,0,0,0,0,0,0,0,0,0,0,0,0,0,0,0,0,0,0,0,0,0,0,0,0,0,0,0,0,0,0,0,0,0,0,0,0,0,0,0,0,0,0,0,0,0,0
9,19,29,35,38,39,37,34,28,20,12,4,-2,-6,-8,-7,-5,-6,-8,-11,-14,-18,-21,-22,-20,-17,-15,-13,-13,-13,-13,-12,-11,-8,-4,-1,0,1,2,3,5,6,6,5,4,3,3,3,2,0,0,0,0,0,0,0,0,0,0,0,0,0,0,0,0,1,1,1,1,1,1,0,0,-1,-3,-4,-3,-2,-1,0,0,0,0,1,2,4,5,6,5,4,5,6,6,6,7,7,5,4,3,3
30,32,31,32,33,35,36,35,32,25,16,7,1,-3,-4,-4,-4,-5,-7,-8,-9,-10,-4,3,7,8,6,5,5,5,6,6,3,0,-2,-5,-5,-4,0,1,3,4,5,6,5,5,5,5,4,3,4,4,4,3,1,0,0,-1,-1,-1,0,0,0,0,0,1,1,1,1,0,0,0,0,0,0,1,1,1,2,2,2,2,1,1,1,1,1,1,1,1,0,0,0,0,-1,-1,-2,-1,-1,-1
10,15,18,18,17,16,16,15,14,11,9,6,4,0,-3,-7,-8,-8,-6,-5,-5,-4,-4,-5,-7,-7,-6,-4,-2,-1,0,1,2,3,5,5,4,3,2,2,2,2,1,0,0,-1,-1,-1,-1,-1,-1,-1,-1,-1,-1,-1,0,0,0,-1,-1,-1,-1,-1,-1,-1,0,0,0,0,0,0,0,0,0,0,0,0,0,0,0,0,0,0,0,0,0,0,0,0,0,0,0,0,0,0,0,0,0,0
-30,-18,-7,2,10,18,23,24,17,7,0,-5,-9,-10,-11,-13,-13,-14,-16,-18,-19,-18,-14,-6,5,12,12,7,4,6,12,18,21,18,11,3,-1,-2,-2,0,0,1,1,0,0,-2,-3,-3,-1,1,3,2,1,0,0,0,0,0,0,0,0,0,0,0,0,0,0,0,0,0,0,0,-1,-1,-1,-1,-1,-1,-1,-1,0,1,2,2,1,1,1,1,1,0,0,0,0,0,0,0,0,0,0,0
11,13,15,15,14,13,11,9,7,3,-1,-7,-12,-14,-14,-13,-11,-9,-8,-8,-9,-10,-16,-23,-27,-24,-21,-18,-15,-13,-16,-17,-17,-12,-8,-5,-2,0,0,-1,-2,-4,-8,-10,-9,-3,2,3,0,-2,-2,-4,-5,-3,-2,-3,-1,-1,0,1,0,-3,-5,-6,-6,-5,-5,-4,-3,-2,-3,-4,-3,-3,-3,-2,-2,-2,-1,0,0,0,0,0,0,-1,-2,-2,-1,-1,0,0,0,0,1,3,4,4,3,3
21,21,21,20,19,17,13,8,0,-7,-14,-18,-21,-23,-26,-27,-23,-16,-8,-1,2,3,3,5,6,4,1,-5,-12,-16,-17,-18,-17,-14,-9,-6,-4,-4,-5,-4,-2,0,1,3,3,2,0,-3,-5,-6,-3,0,0,-1,-4,-6,-6,-4,-2,0,4,7,5,1,-1,0,2,4,5,4,2,1,0,0,0,0,0,0,1,1,1,0,0,0,1,2,3,4,3,2,1,1,1,1,1,0,0,0,0,0
3,5,6,7,8,7,6,7,8,2,-8,-15,-19,-22,-25,-27,-28,-28,-26,-23,-18,-14,-10,-7,-6,-7,-7,-7,-6,-5,-3,0,4,8,9,9,6,2,0,-1,-1,0,1,2,0,-2,-4,-3,-2,-3,-6,-8,-8,-7,-5,-4,-4,-5,-7,-8,-6,-4,-2,0,1,2,3,3,2,2,1,1,2,2,3,3,4,3,0,-4,-7,-6,-2,1,0,-1,-1,0,0,-1,-5,-5,-3,-1,0,0,0,0,2,5
25,26,25,23,22,20,17,14,12,11,9,5,1,-1,-4,-6,-7,-8,-7,-6,-5,-4,-3,-3,-2,-1,-1,-2,-4,-5,-5,-3,-1,0,1,1,2,0,-4,-6,0,8,17,22,24,23,18,11,4,0,-4,-6,-7,-7,-8,-9,-10,-11,-11,-9,-7,-6,-5,-4,-2,-1,0,0,0,0,0,0,-4,-14,-20,-17,-5,6,15,18,18,15,13,11,9,6,2,-2,-5,-7,-9,-12,-13,-13,-11,-9,-8,-6,-5,-3
-2,0,5,9,14,16,17,16,15,12,7,1,-5,-12,-20,-27,-29,-25,-20,-14,-9,-4,-1,1,3,5,6,7,7,3,0,-1,0,3,7,11,15,16,16,16,15,13,10,7,3,0,-4,-9,-13,-15,-14,-12,-11,-9,-8,-6,-4,-3,-1,0,1,3,5,8,12,16,19,21,21,21,22,22,19,15,10,6,4,4,2,0,-1,-2,-3,-4,-5,-5,-5,-5,-5,-6,-7,-8,-7,-7,-6,-5,-4,-3,-2,-1
-27,-25,-23,-21,-19,-17,-14,-12,-10,-7,-4,0,5,9,12,14,16,19,21,22,22,19,16,12,8,4,0,-5,-11,-16,-19,-19,-17,-16,-14,-13,-11,-9,-8,-5,-2,0,3,4,3,3,4,6,7,8,8,8,8,7,6,4,3,2,1,0,-2,-3,-4,-5,-5,-4,-3,-2,-2,-1,-1,0,0,0,0,0,0,0,1,1,2,2,2,2,2,2,2,1,0,0,0,-1,-2,-2,-3,-3,-2,-2,-2,-2
32,37,42,47,51,53,53,51,49,44,38,31,24,15,6,-3,-13,-21,-27,-33,-36,-40,-42,-45,-45,-43,-41,-38,-35,-32,-28,-23,-16,-10,-5,0,5,10,17,22,28,34,38,40,40,39,35,29,22,15,9,2,-2,-7,-10,-9,-8,-8,-9,-9,-10,-10,-9,-8,-5,-3,-2,-1,0,1,2,3,3,2,2,3,2,2,0,0,0,0,0,0,1,1,2,3,3,3,3,3,3,3,3,3,2,1,0,-1
-3,-5,-5,-3,-2,-4,-7,-10,-13,-16,-18,-15,-8,0,7,13,17,20,21,22,22,21,16,10,3,-3,-6,-4,0,3,5,4,0,-2,-4,-5,-4,-3,-2,0,4,2,-17,-26,-23,-9,6,16,17,13,8,5,3,3,3,3,5,6,8,9,9,8,6,3,0,-4,-9,-13,-16,-18,-18,-16,-11,-6,-1,0,0,-2,-4,-4,-5,-3,0,4,8,12,14,14,12,8,4,1,0,-1,0,2,4,4,3,2
14,4,2,2,0,-1,0,-1,-3,-5,-6,-8,-12,-16,-17,-16,-14,-11,-9,-8,-6,-4,-2,0,1,2,1,-4,-9,-8,-5,-5,-5,0,13,27,35,37,38,36,32,26,18,12,6,0,-5,-9,-13,-16,-17,-16,-13,-11,-13,-14,-12,-9,-8,-8,-6,-5,-5,-4,0,1,2,4,7,10,12,13,13,11,10,8,7,5,3,1,0,-2,-1,-1,-1,-2,-2,-2,-1,-1,0,0,0,-1,-2,-4,-4,-3,-3,-3
-15,-37,-36,-23,-6,12,22,22,18,14,10,7,6,6,9,13,16,18,19,17,14,12,10,9,10,10,9,5,1,0,-2,-4,-4,-3,0,2,0,-3,-5,-9,-19,-22,-17,-7,3,12,17,21,20,15,8,3,-1,-5,-7,-6,-2,1,4,11,19,19,7,-3,-3,3,6,5,1,-2,-2,0,1,-1,-4,-5,-3,0,1,0,-2,0,0,1,1,0,0,0,0,-1,-2,-2,-1,-1,-1,0,0,0,0,0
