-51,-79,-103,-123,-141,-156,-168,-179,-189,-197,-204,-210,-215,-219,-209,-191,-156,-101,-50,-7,30,61,89,104,84,59,48,50,44,27,0,-16,-17,-17,-15,-9,0,10,22,37,53,70,88,100,109,118,122,124,129,128,117,109,100,92,81,67,57,48,39,30,22,18,15,13,11,10,9,10,10,11,10,9,9,8,7,6,6,5,4,4,3,2,2,1,1,1,1,1,0,0,1,1,1,1,1,0,0,0,1,1
-80,-104,-124,-141,-156,-169,-180,-189,-197,-204,-210,-215,-219,-222,-205,-168,-115,-62,-17,21,54,81,91,99,105,96,85,85,80,63,44,29,17,7,-1,-12,-23,-34,-41,-40,-26,-7,15,42,65,85,101,112,121,128,131,134,134,130,125,120,112,104,82,64,55,45,37,32,27,24,23,22,18,15,14,12,10,9,8,7,6,5,5,4,4,3,2,2,2,1,1,1,1,1,1,1,1,1,1,0,0,0,0,0
-59,-85,-108,-128,-145,-159,-171,-182,-191,-199,-205,-211,-216,-220,-221,-198,-152,-95,-45,-2,33,65,92,111,124,141,140,127,113,95,74,53,34,24,21,24,26,26,29,33,40,55,71,84,96,109,117,119,118,114,107,98,88,81,74,58,43,35,29,24,20,17,15,13,11,9,8,7,5,4,4,3,3,3,3,3,3,2,2,2,1,1,1,1,1,1,1,1,1,1,1,1,1,1,1,1,1,1,1,0
-59,-85,-108,-128,-145,-159,-171,-182,-191,-199,-205,-211,-215,-204,-174,-125,-71,-25,14,48,78,103,118,136,135,108,84,68,54,38,26,14,3,-2,-2,1,7,15,28,45,61,79,96,106,115,119,116,114,109,95,83,76,65,56,52,48,44,37,28,20,13,9,8,7,6,5,4,4,3,2,3,3,3,3,2,2,1,1,1,1,1,0,0,1,1,1,1,1,1,1,1,2,2,1,1,1,1,1,1,1
-55,-82,-106,-126,-143,-157,-170,-181,-190,-198,-205,-210,-215,-220,-204,-175,-132,-78,-30,9,44,74,100,122,140,154,160,138,101,71,48,29,15,4,-2,-7,-8,0,12,23,36,51,65,82,96,104,106,110,109,103,102,101,94,87,82,79,77,70,63,56,49,42,32,24,20,18,16,16,17,16,14,12,12,10,9,8,8,7,6,6,5,5,4,3,3,3,2,2,1,2,1,2,2,2,2,2,2,2,2,2
-60,-87,-109,-129,-145,-160,-172,-182,-191,-199,-206,-211,-216,-219,-203,-170,-127,-75,-28,11,46,76,101,122,130,137,123,97,78,65,59,54,39,27,18,11,13,17,23,31,42,58,76,92,107,116,122,128,126,121,118,111,103,91,83,80,72,61,50,42,36,30,24,21,19,16,14,12,11,10,9,8,8,7,6,7,6,6,5,5,5,4,4,3,3,2,2,1,1,1,1,1,1,1,1,1,1,1,1,1
-64,-90,-112,-131,-148,-162,-174,-184,-193,-200,-207,-212,-217,-221,-223,-206,-173,-135,-83,-34,6,41,71,97,120,135,126,94,71,58,47,41,36,28,14,0,-9,-14,-16,-11,-3,13,36,58,80,97,110,118,122,125,124,117,111,105,93,89,91,83,74,65,54,44,36,32,29,26,21,14,9,5,3,2,3,4,4,4,4,4,4,3,3,2,2,2,2,1,0,0,0,0,0,0,0,0,0,0,0,0,0,0
-57,-83,-107,-126,-143,-158,-170,-181,-190,-198,-205,-211,-216,-204,-175,-138,-90,-41,0,36,67,94,117,136,148,130,97,72,63,56,48,29,8,-8,-17,-16,-11,-9,-1,9,18,34,52,66,82,98,109,120,128,129,127,123,115,108,103,96,88,80,69,58,48,41,34,27,22,16,11,9,7,7,7,6,5,5,5,4,3,3,3,2,2,2,1,1,1,1,1,0,0,0,0,0,0,1,1,1,1,1,1,1
-64,-90,-112,-131,-148,-162,-174,-184,-193,-200,-207,-212,-217,-221,-207,-177,-136,-81,-33,7,42,72,98,112,126,112,83,62,54,50,45,38,31,23,12,5,2,10,25,41,61,82,102,114,122,128,128,124,119,109,96,84,75,66,58,50,36,23,15,10,7,7,6,5,4,3,2,1,0,0,0,0,0,0,0,1,1,1,1,1,1,1,1,0,0,0,0,0,0,0,0,1,1,1,1,1,1,1,1,1
-52,-80,-103,-124,-141,-156,-169,-180,-189,-197,-204,-210,-215,-219,-207,-174,-137,-98,-52,-9,28,60,88,111,132,149,142,102,74,67,69,65,52,34,14,1,-1,4,10,15,24,35,46,57,68,81,94,103,104,105,102,95,89,86,80,74,66,57,49,38,29,23,20,16,13,9,7,5,5,5,5,5,4,4,4,4,4,4,3,3,2,3,3,2,2,2,2,1,1,1,1,1,1,1,0,0,1,1,1,1
-56,-83,-106,-126,-143,-158,-170,-181,-190,-198,-205,-211,-216,-214,-189,-143,-87,-38,3,39,69,95,118,136,125,90,65,56,49,32,10,-9,-24,-37,-40,-42,-39,-27,-12,7,35,58,75,87,93,100,108,111,109,104,95,82,68,57,49,38,29,28,31,30,25,21,17,13,10,9,8,7,6,7,7,7,7,7,6,6,5,5,4,4,4,4,3,3,2,2,2,1,1,1,1,1,2,2,2,2,2,2,2,2
-71,-96,-117,-136,-151,-165,-176,-186,-195,-202,-208,-213,-218,-222,-225,-220,-196,-157,-101,-51,-7,29,61,89,112,132,130,96,68,58,56,50,39,22,4,-12,-25,-34,-40,-41,-35,-25,-11,4,19,34,49,61,73,81,86,91,93,91,90,89,86,81,76,72,68,63,57,52,43,33,25,21,17,15,12,11,10,9,9,9,8,7,7,6,5,5,5,5,4,4,4,3,3,2,2,2,2,2,2,2,2,3,3,3
-74,-99,-120,-137,-153,-166,-177,-187,-195,-203,-209,-214,-218,-220,-205,-176,-141,-104,-70,-34,0,36,67,94,116,134,132,107,79,64,59,59,60,59,52,39,29,29,32,36,43,48,53,58,61,64,66,68,68,69,68,62,59,57,54,51,49,48,47,48,52,44,30,25,23,20,17,16,14,13,13,14,12,11,10,10,9,8,7,6,5,5,4,4,3,3,3,2,2,2,2,2,2,2,1,1,1,1,1,1
-71,-96,-117,-136,-151,-165,-176,-186,-195,-202,-208,-213,-218,-220,-208,-180,-142,-97,-53,-13,24,56,84,108,124,130,122,101,81,69,63,55,45,31,21,14,5,1,4,10,18,29,42,53,65,75,81,89,93,93,93,94,93,93,95,90,84,79,75,70,64,58,51,43,33,24,16,10,5,3,3,4,5,5,6,5,5,5,5,5,5,4,3,3,3,3,3,2,2,2,2,1,1,1,1,1,1,1,1,1
-66,-92,-114,-133,-149,-163,-174,-184,-193,-201,-207,-213,-217,-219,-201,-168,-128,-84,-38,3,38,69,95,118,137,154,163,148,118,92,76,66,58,55,51,41,32,26,21,20,24,33,43,52,62,71,78,85,91,92,89,88,84,79,74,69,62,56,50,44,37,22,11,9,6,4,4,5,5,6,7,8,8,8,8,7,6,5,4,5,4,4,4,3,3,2,2,2,2,2,1,1,1,1,1,1,1,1,2,2
-87,-109,-129,-145,-160,-172,-182,-191,-199,-206,-211,-216,-220,-224,-213,-185,-148,-103,-55,-12,22,55,84,108,129,146,160,163,152,126,102,86,72,53,37,28,28,30,32,33,35,37,42,46,50,54,59,64,69,73,75,78,82,85,87,89,89,86,83,81,78,74,70,61,41,29,24,18,13,12,11,10,10,11,10,10,9,7,6,5,4,4,3,3,2,2,2,1,1,1,0,0,0,0,0,0,0,0,0,0
-61,-87,-110,-129,-146,-160,-172,-183,-192,-199,-206,-212,-216,-209,-177,-125,-71,-24,14,48,78,103,122,139,141,116,89,74,63,51,42,40,45,47,46,49,56,65,73,78,83,89,90,91,92,90,86,77,73,72,66,61,60,57,50,35,21,17,18,18,18,18,16,14,13,11,10,10,8,6,5,4,4,3,3,3,3,3,3,3,3,3,3,2,2,2,2,2,2,2,1,1,1,1,1,1,1,2,2,2
-66,-91,-113,-132,-148,-162,-174,-184,-193,-200,-207,-212,-217,-218,-203,-169,-120,-70,-24,14,48,78,103,124,143,154,147,121,100,91,86,79,70,70,69,64,59,56,52,50,50,50,55,62,67,73,81,85,91,96,96,95,91,85,81,74,66,59,51,41,33,29,28,26,19,15,15,14,13,12,12,13,13,13,12,11,11,10,9,8,7,6,5,5,4,4,3,2,2,2,2,2,2,2,1,1,2,2,1,1
-85,-108,-127,-144,-159,-171,-182,-191,-199,-205,-211,-216,-220,-222,-211,-187,-155,-119,-78,-36,0,35,66,93,116,136,151,159,154,132,111,96,89,89,87,82,72,59,48,42,41,41,42,48,54,58,62,63,61,61,62,59,57,58,56,53,51,51,49,46,44,43,41,38,33,24,18,17,16,14,12,12,12,12,13,14,14,13,12,10,9,8,7,6,5,4,4,3,3,2,1,1,1,1,1,2,2,2,2,3
-70,-95,-117,-135,-151,-164,-176,-186,-194,-202,-208,-213,-218,-222,-224,-211,-182,-146,-107,-68,-29,6,41,71,97,119,138,155,168,173,162,138,111,93,86,85,83,82,83,75,63,56,50,46,49,54,59,67,76,81,85,89,89,90,90,86,82,79,74,67,62,57,52,45,40,36,33,26,17,16,16,15,14,13,11,11,10,9,8,7,6,5,5,4,4,3,3,3,2,2,2,1,1,1,1,1,1,2,2,2
20,15,12,5,-7,-25,-49,-71,-88,-111,-130,-147,-162,-173,-177,-177,-178,-176,-170,-161,-148,-133,-118,-101,-82,-65,-52,-40,-26,-12,2,16,30,45,60,79,92,103,112,116,120,112,116,124,121,124,121,112,101,92,84,71,60,51,41,35,32,29,23,18,15,13,11,9,6,4,3,2,1,1,0,0,1,1,1,1,1,1,1,1,2,2,2,1,1,1,0,0,0,0,0,0,0,0,0,0,0,0,0,0
12,2,-14,-33,-52,-70,-86,-103,-120,-136,-151,-162,-169,-173,-174,-174,-172,-170,-167,-162,-154,-146,-136,-124,-111,-101,-88,-75,-64,-54,-42,-31,-23,-12,4,25,45,65,86,104,117,129,134,135,136,140,143,137,128,116,99,88,80,70,63,59,56,54,54,54,56,57,52,42,32,25,19,14,11,9,8,6,4,3,4,4,5,5,4,4,4,5,5,4,3,3,2,1,1,1,1,1,0,0,0,0,0,0,0,0
-2,-9,-22,-37,-54,-74,-92,-110,-124,-137,-144,-150,-154,-157,-162,-165,-163,-155,-142,-124,-107,-92,-77,-67,-58,-48,-37,-22,-7,5,14,24,34,48,71,92,109,124,127,128,127,129,123,120,116,108,98,87,78,68,56,47,44,41,36,31,29,28,28,27,26,23,21,19,15,12,10,7,6,5,5,5,5,5,4,4,4,4,5,6,5,4,3,3,2,1,1,0,0,0,0,0,0,0,0,0,0,0,0,0
14,4,-12,-27,-43,-62,-79,-96,-115,-134,-150,-164,-172,-174,-173,-170,-165,-156,-147,-138,-128,-116,-105,-93,-80,-68,-56,-46,-39,-28,-13,-3,5,19,35,55,79,98,110,119,124,129,124,130,135,131,133,129,123,115,105,94,82,68,56,48,48,45,41,38,34,30,27,22,17,13,9,7,5,3,1,0,0,1,2,3,4,6,7,6,6,5,4,3,2,2,2,2,2,1,1,1,0,1,1,0,0,0,0,0
0,-7,-20,-32,-42,-52,-66,-80,-94,-109,-123,-135,-143,-150,-156,-159,-158,-153,-144,-137,-131,-122,-111,-101,-88,-73,-61,-52,-46,-39,-32,-25,-17,-6,5,17,36,57,72,89,101,108,113,119,124,131,138,140,144,142,134,126,117,108,96,84,76,71,67,59,51,47,43,40,35,31,26,21,16,11,9,7,6,4,3,3,2,2,2,2,2,2,1,1,1,2,2,1,1,1,0,0,0,0,0,0,0,0,0,0
-14,-18,-24,-31,-38,-49,-63,-78,-96,-116,-134,-147,-154,-158,-160,-158,-155,-150,-142,-135,-127,-115,-100,-82,-69,-59,-51,-43,-37,-30,-20,-13,-9,-1,9,20,34,49,66,82,93,104,110,112,116,121,122,120,120,116,112,109,99,89,79,72,66,63,60,57,51,44,40,36,31,28,26,24,21,17,14,12,11,10,8,8,8,7,6,7,6,5,6,6,5,6,6,6,5,4,3,3,2,1,1,1,1,1,1,2
4,-5,-18,-28,-39,-52,-66,-78,-89,-100,-112,-122,-131,-140,-147,-152,-154,-151,-145,-139,-132,-125,-114,-98,-84,-71,-57,-48,-40,-31,-20,-12,-7,2,13,25,41,57,77,95,108,123,138,145,153,160,157,158,156,146,139,130,118,103,89,79,69,56,47,45,48,50,53,57,53,47,42,36,29,23,18,13,9,7,5,3,2,2,2,2,2,1,1,1,1,0,0,0,0,0,0,0,0,0,0,0,0,0,0,0
-22,-31,-41,-55,-71,-86,-102,-117,-134,-150,-164,-173,-178,-182,-182,-178,-171,-162,-152,-143,-133,-120,-105,-88,-72,-58,-49,-39,-27,-20,-14,-4,6,18,33,53,76,94,107,119,130,136,141,149,151,155,156,148,140,132,124,113,98,82,70,61,52,44,38,33,28,24,21,18,13,9,5,2,1,1,1,1,0,0,1,1,3,3,2,3,3,2,1,1,1,0,0,0,0,0,0,0,0,0,0,0,0,0,0,0
-8,-14,-23,-34,-45,-59,-74,-88,-102,-116,-132,-144,-150,-153,-157,-159,-159,-157,-154,-150,-144,-135,-122,-105,-87,-72,-61,-51,-40,-31,-24,-17,-9,0,14,28,45,64,84,102,109,115,122,123,122,122,120,119,116,109,101,89,79,70,61,53,46,44,44,42,40,37,32,27,23,20,16,13,9,5,2,1,0,0,1,1,1,2,3,3,4,3,3,2,2,1,1,0,0,0,0,0,0,0,0,0,0,0,0,0
0,-1,-7,-13,-24,-36,-49,-65,-80,-96,-113,-127,-140,-148,-155,-160,-162,-161,-157,-152,-146,-138,-126,-114,-102,-91,-78,-65,-55,-46,-35,-27,-23,-15,-2,8,20,37,56,75,89,98,112,123,122,130,134,129,132,129,125,118,106,93,82,71,59,53,52,54,53,47,41,36,32,29,24,17,10,6,3,0,0,0,0,0,0,0,1,1,1,1,1,1,0,0,0,0,0,0,0,0,0,0,0,0,0,0,0,0
-22,-30,-38,-43,-48,-53,-59,-67,-77,-88,-99,-112,-125,-134,-141,-145,-148,-147,-145,-144,-142,-136,-126,-113,-100,-86,-75,-66,-56,-46,-35,-24,-13,-2,6,15,31,44,54,68,79,87,97,102,107,117,124,123,126,127,121,113,103,95,85,75,65,57,52,50,47,43,40,37,35,33,29,24,20,17,14,12,9,7,7,7,6,5,5,4,4,3,3,2,2,2,2,1,1,0,0,0,0,0,0,0,0,0,0,0
-7,-16,-23,-32,-41,-56,-71,-87,-103,-118,-130,-140,-147,-151,-153,-154,-152,-149,-146,-139,-129,-116,-102,-87,-72,-58,-46,-34,-21,-7,7,23,40,54,73,92,100,107,112,108,108,113,115,115,117,119,114,107,99,90,80,68,57,48,40,34,28,25,25,24,24,22,20,17,14,11,8,6,4,4,4,4,3,3,3,2,2,3,3,1,0,0,0,0,0,0,0,0,0,0,0,-1,-1,0,0,-1,-1,0,0,0
-26,-37,-46,-54,-62,-71,-81,-89,-97,-106,-114,-120,-125,-129,-132,-134,-134,-133,-131,-124,-118,-114,-108,-100,-93,-83,-76,-68,-58,-50,-45,-39,-30,-19,-7,4,16,35,53,66,79,90,97,103,108,106,102,102,99,98,98,93,92,87,82,80,77,74,70,69,70,71,71,71,66,60,55,46,37,31,25,19,16,14,11,8,6,5,5,5,4,4,4,4,3,2,3,3,2,1,0,1,0,0,0,0,0,-1,-1,-1
-2,-14,-28,-44,-62,-77,-91,-107,-122,-138,-152,-161,-168,-173,-177,-177,-172,-163,-149,-131,-111,-94,-79,-64,-52,-41,-28,-15,-3,16,43,67,91,109,115,126,127,114,112,110,107,100,96,92,83,73,63,54,45,40,34,27,18,12,10,9,8,7,6,6,5,3,1,0,0,0,0,0,1,1,2,2,3,4,5,5,5,5,5,4,4,3,3,2,1,0,0,0,0,0,0,0,0,0,0,0,0,0,1,1
8,4,-3,-12,-19,-27,-39,-48,-62,-81,-99,-115,-130,-141,-150,-156,-159,-159,-155,-150,-143,-132,-115,-100,-89,-75,-61,-50,-40,-26,-14,-4,10,29,46,63,83,98,109,117,121,126,130,134,135,135,132,125,115,105,93,79,63,45,34,27,26,26,26,27,25,24,23,20,17,13,10,8,7,5,5,5,5,6,8,8,8,9,10,9,7,6,6,5,3,3,3,2,2,1,1,1,1,1,0,0,0,0,1,1
1,-9,-20,-32,-45,-62,-80,-98,-118,-136,-151,-161,-168,-172,-171,-170,-167,-159,-151,-141,-129,-116,-103,-90,-77,-66,-56,-47,-37,-24,-11,0,13,29,44,64,86,104,120,137,143,147,150,152,158,154,149,149,141,130,120,111,102,93,82,75,65,56,49,46,45,41,36,31,27,23,18,15,13,11,8,7,6,5,5,5,5,5,4,3,2,2,1,0,0,0,0,0,0,0,0,0,0,0,0,0,0,0,0,0
-5,-14,-25,-33,-40,-51,-65,-83,-103,-122,-137,-150,-158,-161,-162,-162,-160,-157,-151,-141,-129,-115,-97,-83,-72,-62,-52,-46,-43,-34,-21,-13,-6,5,18,33,51,68,83,99,111,111,113,121,120,125,124,121,125,120,115,109,98,88,79,71,66,61,55,51,49,45,41,38,33,29,26,22,17,13,10,8,6,5,5,4,4,4,4,4,4,4,4,4,4,3,4,3,2,2,2,1,1,1,0,0,0,0,0,0
9,6,0,-7,-19,-33,-46,-62,-79,-97,-114,-129,-142,-150,-154,-159,-162,-162,-161,-157,-150,-138,-126,-116,-105,-92,-78,-63,-49,-34,-17,-2,12,28,45,61,74,93,108,112,118,124,119,115,124,124,120,125,118,109,103,94,84,71,56,43,35,30,28,27,25,23,20,17,15,13,11,8,6,3,1,0,1,2,2,1,2,4,3,3,3,3,2,1,1,0,0,0,0,0,0,0,0,0,0,0,0,0,0,0
3,-3,-13,-24,-36,-51,-72,-93,-110,-125,-138,-147,-151,-152,-152,-152,-152,-148,-141,-132,-124,-118,-111,-102,-87,-70,-54,-39,-28,-23,-18,-11,-3,6,16,28,43,58,75,88,104,113,123,138,138,142,149,144,143,141,132,122,109,95,81,66,55,47,42,38,33,30,26,24,21,18,16,12,7,5,4,2,1,1,1,1,2,3,3,4,5,4,4,4,4,3,3,3,3,2,2,1,0,0,0,0,0,0,1,0
5,0,-7,-15,-25,-38,-54,-69,-84,-102,-117,-130,-139,-146,-149,-150,-150,-148,-146,-143,-138,-130,-121,-107,-96,-87,-77,-64,-52,-42,-31,-18,-7,3,16,27,35,41,50,64,77,83,92,103,109,115,125,124,125,130,125,124,125,118,113,103,92,82,71,57,44,35,32,32,30,27,25,21,16,12,9,7,6,5,3,2,2,4,5,6,6,6,6,5,4,5,5,4,3,3,2,1,1,1,1,1,1,0,0,0
-127,-123,-115,-108,-109,-91,-80,-69,-60,-52,-45,-40,-34,-29,-25,-22,-20,-18,-16,-12,-8,-4,4,13,24,40,57,74,83,91,103,114,126,136,140,141,137,128,117,104,89,76,65,54,45,37,30,24,19,16,13,9,7,5,4,3,2,2,2,2,2,2,2,2,2,1,1,1,0,0,0,0,0,0,0,0,0,0,0,0,0,0,0,0,0,0,0,0,0,0,0,-1,-1,-1,0,-1,-1,0,0,0
-74,-87,-97,-102,-108,-110,-105,-94,-91,-73,-60,-48,-42,-36,-33,-29,-26,-23,-20,-18,-15,-13,-11,-10,-9,-7,-6,-5,-2,2,8,19,33,47,60,71,81,90,97,105,108,105,103,101,98,93,90,89,89,86,80,72,62,52,43,37,32,27,22,18,16,13,11,9,7,6,5,4,2,1,1,1,1,0,0,0,0,0,0,0,0,0,0,0,0,0,0,0,0,0,0,0,0,0,0,0,0,0,0,0
-55,-75,-88,-97,-99,-97,-95,-93,-85,-68,-56,-51,-38,-35,-30,-27,-25,-23,-20,-17,-15,-13,-12,-11,-10,-8,-7,-4,0,10,29,45,55,67,77,84,90,92,93,95,96,94,91,90,91,92,92,92,86,77,68,59,50,42,35,29,24,19,16,13,11,9,8,7,6,5,5,4,4,3,2,2,2,1,1,1,0,0,0,0,0,0,0,0,0,-1,-1,0,-1,0,0,0,0,0,0,0,0,0,0,0
-55,-71,-89,-105,-115,-120,-117,-103,-84,-66,-57,-40,-35,-32,-29,-28,-27,-21,-10,4,10,15,28,31,35,49,59,65,71,77,84,88,88,90,91,90,85,76,66,56,47,40,33,27,22,18,14,12,10,8,6,5,4,4,2,2,1,1,1,1,1,1,1,1,1,0,0,0,0,0,0,0,0,0,0,0,0,0,0,0,0,0,0,0,0,0,0,0,0,0,0,0,0,0,0,0,0,0,0,0
-52,-75,-95,-109,-116,-116,-111,-101,-79,-46,-42,-30,-24,-25,-23,-20,-18,-16,-14,-11,-6,0,12,36,56,67,84,100,104,111,122,132,134,131,125,117,107,96,84,71,58,45,36,29,24,19,15,12,9,7,6,5,4,3,3,2,2,2,1,1,1,1,1,0,0,0,0,-1,-1,-1,-1,-1,-1,0,0,0,0,0,0,0,0,0,0,0,0,0,0,0,0,0,0,0,0,0,0,0,0,0,0,0
-57,-71,-84,-97,-107,-109,-102,-88,-58,-41,-41,-30,-25,-20,-17,-16,-15,-13,-8,-2,6,17,29,40,46,55,68,77,90,102,112,123,131,132,127,118,107,96,82,69,58,49,41,35,30,25,21,18,15,12,9,7,4,3,2,2,1,1,1,1,1,1,1,1,1,0,0,0,0,0,0,0,-1,0,-1,-1,-1,-1,0,0,0,0,0,0,0,0,0,0,0,0,0,0,0,0,0,0,0,0,0,0
-56,-74,-90,-101,-105,-103,-96,-83,-69,-45,-35,-22,-19,-19,-18,-17,-17,-16,-17,-18,-19,-18,-16,-13,-7,1,14,27,43,59,68,83,98,107,114,118,119,117,111,105,98,90,80,69,58,48,39,32,26,21,17,15,12,10,8,6,5,4,3,3,3,2,2,2,2,2,2,1,1,1,1,1,0,0,0,0,0,0,0,0,0,0,0,0,0,0,0,0,0,0,0,0,0,0,0,0,0,0,0,0
-53,-70,-86,-97,-104,-109,-106,-94,-79,-66,-54,-43,-43,-36,-29,-28,-25,-22,-20,-18,-14,-10,-4,5,17,31,48,61,75,90,97,107,114,116,117,117,117,115,110,104,96,87,77,66,54,44,36,31,26,22,19,16,13,11,9,8,7,6,5,5,5,4,4,3,3,3,3,3,2,2,1,1,1,0,0,0,0,0,0,0,0,0,0,0,0,0,0,0,0,0,0,0,0,0,0,0,0,0,0,0
-69,-83,-98,-108,-110,-107,-98,-84,-63,-46,-38,-33,-28,-26,-23,-21,-20,-20,-18,-17,-16,-15,-13,-8,4,19,30,43,53,64,75,83,86,88,92,93,91,89,85,82,77,71,63,55,46,38,32,28,23,19,16,13,10,8,6,5,4,3,2,2,1,1,1,0,0,0,0,0,0,0,0,0,0,0,0,0,0,0,0,0,0,0,0,-1,-1,-1,-1,0,0,-1,0,0,0,0,0,0,0,0,0,0
-37,-51,-63,-74,-82,-89,-94,-92,-85,-74,-61,-49,-39,-39,-33,-31,-30,-26,-25,-24,-21,-20,-18,-15,-13,-12,-5,4,14,24,35,47,59,74,83,93,103,105,107,109,107,102,97,91,85,79,71,63,55,48,41,35,29,23,18,13,10,8,6,5,4,3,3,2,2,2,2,2,2,1,1,1,1,0,0,0,0,0,0,0,0,0,-1,-1,-1,-1,0,0,0,0,0,0,0,0,0,0,0,0,0,0
-48,-61,-72,-80,-85,-86,-83,-77,-66,-48,-28,-17,-21,-16,-16,-18,-18,-19,-19,-18,-17,-16,-15,-14,-11,-9,-6,0,9,15,25,37,43,50,61,72,82,92,99,103,107,110,109,107,105,101,94,85,74,63,53,45,37,31,26,22,19,17,15,13,11,9,8,6,5,4,4,3,3,3,2,2,2,1,1,0,0,0,0,0,0,0,-1,-1,-1,-1,-1,-1,0,0,0,0,0,0,0,0,0,0,0,0
-42,-63,-81,-95,-104,-104,-99,-92,-76,-54,-31,-29,-21,-17,-17,-16,-15,-14,-11,-9,-7,-5,-3,-2,2,11,21,31,41,55,62,64,70,75,76,80,86,89,91,91,89,85,83,81,80,79,76,71,65,59,52,44,36,30,25,21,18,15,12,9,7,6,5,4,3,3,2,2,2,2,1,1,0,0,0,-1,-1,-1,-1,-1,-1,0,0,0,0,0,0,0,0,0,0,0,0,0,0,0,0,0,0,0
-74,-91,-103,-111,-117,-121,-121,-117,-112,-102,-89,-76,-68,-65,-57,-51,-45,-40,-36,-31,-27,-24,-21,-17,-15,-13,-11,-5,1,9,18,30,44,59,74,87,102,110,112,115,117,115,109,102,96,90,85,80,75,68,61,53,46,39,32,27,22,18,15,13,10,8,7,6,6,5,6,6,5,4,4,4,3,3,2,2,2,2,1,1,0,0,0,0,-1,-1,-1,-1,-1,-1,-1,-1,0,0,0,0,0,0,0,0
-60,-73,-83,-90,-98,-103,-102,-93,-80,-63,-47,-40,-36,-28,-28,-26,-22,-20,-19,-17,-15,-15,-14,-11,-7,-2,2,6,11,15,21,32,47,64,79,86,91,96,99,98,96,94,90,86,82,76,71,64,56,49,42,35,29,24,20,18,15,13,12,10,9,8,6,6,5,4,4,3,3,2,2,2,1,1,1,1,0,0,0,0,0,0,0,0,0,0,0,0,0,0,0,0,0,0,0,0,0,0,0,0
-68,-81,-91,-98,-99,-94,-83,-67,-53,-40,-26,-29,-22,-20,-21,-20,-18,-17,-17,-14,-12,-12,-10,-4,3,6,14,28,38,47,61,73,81,91,101,108,109,107,105,102,98,92,85,78,69,60,50,42,34,28,24,22,19,17,14,12,10,9,8,7,6,6,5,4,4,3,2,2,1,1,1,1,1,0,0,0,0,0,0,0,0,0,0,0,0,0,0,0,0,0,0,0,0,0,0,0,0,0,0,0
-59,-71,-78,-83,-86,-88,-87,-83,-76,-67,-56,-42,-34,-35,-28,-24,-23,-21,-20,-19,-19,-17,-14,-10,-4,2,11,25,41,50,61,71,72,75,80,87,91,92,93,92,89,85,80,75,69,62,53,45,37,30,24,20,17,14,12,11,11,9,8,7,7,6,6,6,6,5,4,3,2,1,0,0,0,0,0,0,0,0,0,0,0,0,0,0,0,0,0,0,0,0,0,0,0,0,0,0,0,0,0,0
-54,-69,-80,-87,-88,-85,-79,-69,-57,-44,-43,-39,-33,-31,-31,-30,-26,-24,-22,-18,-15,-11,-4,7,18,29,43,55,61,70,84,95,104,107,108,109,107,105,101,97,92,86,78,71,62,54,47,40,33,29,25,22,20,17,15,13,11,9,8,6,5,5,4,3,2,2,2,1,1,1,1,1,1,1,1,0,0,1,0,0,0,0,0,0,0,0,0,0,-1,-1,-1,-1,-1,-1,-1,-1,0,0,0,0
-56,-71,-82,-92,-96,-95,-88,-74,-57,-42,-34,-33,-32,-25,-25,-25,-24,-24,-22,-19,-14,-6,3,15,32,49,65,79,86,93,105,113,116,119,118,115,110,103,97,90,82,71,62,53,44,36,30,24,19,15,13,11,9,8,7,6,6,6,5,5,5,5,4,4,4,4,4,3,3,3,2,2,1,1,1,1,1,1,0,0,0,0,0,0,0,0,0,0,0,0,0,0,0,0,0,0,0,0,0,0
-60,-79,-97,-110,-115,-113,-101,-85,-79,-66,-59,-45,-43,-42,-37,-34,-30,-25,-23,-19,-13,-4,3,12,26,43,59,78,92,99,107,113,114,111,108,103,97,91,84,76,69,61,53,46,41,35,30,27,23,21,18,17,15,12,10,8,7,5,4,3,2,2,2,2,2,2,2,2,2,2,1,1,0,0,0,0,0,0,-1,-1,-1,-1,-1,-1,-1,-1,-1,-1,0,0,0,0,0,0,0,0,0,0,0,0
-57,-77,-97,-114,-128,-137,-132,-114,-105,-94,-79,-64,-60,-55,-48,-42,-37,-31,-24,-15,-6,3,15,28,37,46,59,71,77,82,90,90,88,89,90,90,89,86,82,77,72,65,57,50,43,37,31,27,24,21,18,16,15,13,11,9,8,6,5,4,3,3,2,1,1,1,1,0,0,0,0,0,0,-1,-1,-1,-1,-2,-2,-2,-2,-2,-2,-2,-1,-1,-1,-1,0,0,0,0,0,0,0,0,0,0,0,0
39,22,0,-27,-55,-79,-100,-118,-126,-123,-110,-93,-71,-43,-13,12,37,63,78,92,111,126,134,123,102,88,82,75,69,60,54,51,48,43,38,32,27,22,16,11,7,3,2,2,4,7,12,17,22,28,32,36,37,34,30,28,28,28,28,27,26,25,23,21,20,19,18,17,17,17,17,18,18,19,20,21,21,21,22,23,23,23,24,24,23,23,22,22,22,22,21,21,21,20,20,20,20,20,20,20
-81,-101,-118,-133,-146,-154,-156,-157,-156,-151,-140,-123,-102,-83,-63,-44,-23,-2,16,34,50,63,74,84,96,103,109,116,127,136,143,150,159,168,174,159,128,105,87,79,72,67,63,59,54,49,45,43,41,39,36,33,31,29,28,27,27,26,26,26,26,26,26,25,24,23,22,22,22,22,23,23,23,23,23,23,22,22,22,21,22,22,22,22,22,22,22,22,22,22,22,22,22,22,22,22,22,21,22,22
-84,-102,-114,-120,-117,-110,-101,-93,-84,-73,-57,-41,-25,-10,1,11,21,30,39,48,58,67,74,83,89,91,90,90,90,88,86,84,83,82,79,77,76,73,67,61,55,51,47,44,41,39,37,35,33,32,30,28,27,26,25,25,25,25,25,24,24,24,24,23,23,23,23,23,23,23,22,22,22,22,22,22,22,22,22,22,22,22,22,22,22,22,22,22,22,22,22,22,22,22,22,22,22,21,21,21
77,70,64,62,64,54,21,-13,-44,-65,-68,-53,-29,-10,6,26,43,51,56,60,63,64,63,63,64,62,60,60,59,59,59,59,57,54,49,44,40,37,33,30,27,24,22,20,19,18,17,17,18,19,20,21,21,22,22,22,22,21,21,21,21,21,21,21,21,21,21,21,21,21,21,21,21,22,22,23,23,23,23,23,23,23,22,22,22,21,21,21,21,21,21,21,21,21,21,21,21,21,21,22
14,-17,-47,-69,-79,-78,-66,-46,-28,-12,3,17,23,28,33,40,45,47,50,55,62,68,72,73,67,60,54,49,45,41,38,35,33,31,30,29,28,27,26,26,25,25,24,24,24,23,23,23,23,23,23,23,23,22,22,22,22,22,22,22,22,22,22,22,22,22,22,22,22,22,22,22,22,22,22,22,22,22,22,22,22,22,21,21,21,22,22,22,22,22,22,22,21,21,21,21,21,22,22,22
-55,-79,-69,-24,16,32,31,22,12,7,11,21,32,41,47,51,53,54,56,59,62,64,61,55,49,47,45,44,42,41,39,37,36,35,35,33,32,30,28,27,26,25,25,24,24,24,24,24,23,23,23,22,22,22,22,22,22,22,22,22,22,22,22,22,22,22,22,21,21,21,21,21,21,21,21,21,21,21,21,21,21,21,22,22,22,22,22,22,22,22,22,22,22,22,22,22,22,22,22,22
8,-24,-53,-67,-48,-27,-9,11,33,44,50,56,62,65,65,64,63,60,55,50,46,43,40,37,36,35,34,33,31,29,27,26,25,24,24,24,24,24,24,24,23,23,23,23,22,22,22,22,22,22,22,22,22,22,22,22,22,21,21,21,21,21,21,21,21,21,22,22,22,22,22,22,22,22,21,21,21,21,21,21,21,22,22,21,21,21,21,21,21,21,21,21,21,21,21,21,21,21,21,21
83,89,91,97,100,97,85,67,43,18,-2,-15,-23,-25,-22,-15,-6,4,14,24,35,45,55,61,61,59,56,51,45,39,34,31,30,29,29,28,27,26,25,24,23,22,21,20,20,20,19,20,20,20,21,22,22,23,23,23,23,22,22,22,22,22,22,22,22,22,22,21,21,21,21,21,21,22,22,22,22,22,22,21,21,21,21,20,20,20,20,20,21,21,21,21,21,21,21,21,21,21,21,21
82,89,88,84,82,80,75,68,61,54,49,45,41,39,36,34,32,30,27,24,22,20,19,18,19,19,20,20,21,21,21,21,20,20,21,21,21,21,21,21,20,21,21,20,20,21,21,21,21,21,21,21,21,21,21,21,21,21,21,21,21,21,21,21,21,22,21,21,22,22,22,22,22,22,21,21,21,21,21,21,21,21,21,21,21,21,21,21,21,21,21,21,21,21,21,21,21,21,21,21
-39,-62,-80,-93,-98,-98,-90,-78,-61,-44,-31,-24,-20,-15,-8,0,9,16,22,25,31,36,42,50,60,70,78,85,91,94,94,89,83,76,69,64,60,56,51,47,44,41,39,37,35,33,31,29,28,27,27,27,26,25,24,23,23,23,22,22,22,21,21,21,21,21,21,22,22,22,22,22,22,21,21,21,21,21,21,21,20,20,21,21,20,20,20,21,21,21,21,21,21,21,21,21,21,21,21,21
-9,-20,-30,-36,-40,-42,-45,-46,-45,-41,-36,-30,-25,-20,-15,-9,-2,3,11,18,26,35,42,49,55,60,63,65,65,67,67,67,67,66,64,61,55,50,45,41,38,37,34,32,30,28,27,26,26,26,26,25,25,24,24,24,23,23,23,23,23,23,23,23,23,23,23,22,22,22,22,22,22,22,22,22,22,22,22,22,22,22,22,22,22,22,22,21,21,21,21,21,21,21,21,21,21,21,21,21
71,82,91,95,93,86,75,63,53,45,39,35,33,32,32,32,31,30,28,27,25,23,23,22,22,22,22,22,23,23,24,24,24,24,23,23,22,21,21,21,21,21,21,22,22,22,21,21,21,21,21,21,22,22,22,22,21,21,22,22,22,22,22,22,22,22,22,22,22,22,22,22,22,22,22,22,22,22,22,22,22,22,22,22,22,22,22,22,22,22,22,22,22,22,22,22,22,21,21,22
88,109,121,126,118,93,73,61,55,51,47,43,38,32,29,27,27,27,27,27,27,26,26,26,26,26,26,27,27,27,28,28,28,28,28,28,27,27,27,26,26,25,25,25,24,24,24,24,23,23,23,22,22,22,22,22,22,22,22,22,22,22,22,22,22,22,22,21,21,21,21,21,21,21,21,21,21,21,21,21,21,21,21,21,21,21,21,21,21,21,21,21,21,21,21,21,21,21,21,21
-27,-35,-34,-26,-12,0,9,17,23,27,30,33,36,39,42,44,45,43,39,37,35,34,34,33,32,31,29,27,25,24,24,24,24,24,24,24,24,24,24,23,23,23,23,23,24,24,24,24,24,24,23,23,23,23,23,23,23,23,23,22,22,22,22,22,22,22,22,22,22,22,22,22,22,22,22,22,22,21,21,21,21,21,21,21,21,21,21,21,21,21,21,21,21,21,21,21,21,21,22,22
-81,-76,-59,-42,-28,-7,17,40,57,69,77,81,83,84,82,80,76,73,69,64,56,50,47,44,41,39,36,34,31,30,29,29,28,28,28,27,27,26,25,25,25,25,24,24,24,24,23,23,23,23,23,23,22,22,22,22,22,22,22,22,22,22,23,23,23,22,22,22,22,22,22,22,22,22,22,22,22,22,22,22,22,22,21,21,21,21,21,22,22,22,21,21,21,21,21,21,21,21,21,21
-86,-96,-91,-82,-68,-49,-24,1,17,36,62,83,95,101,103,101,95,82,67,57,52,48,46,43,42,40,38,37,35,33,32,31,29,28,27,26,25,25,25,25,24,24,24,24,23,23,23,23,23,23,23,23,23,22,22,22,22,22,22,22,22,22,22,22,22,22,21,21,21,21,21,21,21,21,21,21,22,22,22,22,22,22,22,22,22,22,22,22,22,22,22,22,22,22,22,22,22,21,21,21
-7,-19,-33,-43,-48,-53,-55,-55,-52,-45,-35,-23,-11,-3,1,7,16,26,36,46,54,61,67,70,72,73,73,69,62,56,52,49,46,43,40,37,35,34,33,32,31,30,28,26,25,25,25,25,25,25,25,25,24,24,24,23,23,22,22,22,22,22,22,22,22,22,22,22,22,22,22,22,22,22,22,22,22,22,22,22,22,22,21,21,21,21,21,21,21,21,21,21,21,21,21,21,21,21,21,21
54,55,50,45,37,29,23,19,18,17,19,21,23,24,23,19,14,9,5,1,-2,-6,-10,-13,-16,-16,-14,-13,-11,-8,-5,-3,0,1,4,6,9,10,12,14,16,18,21,24,26,26,27,27,27,27,27,27,26,26,26,25,25,24,24,23,23,22,22,21,21,22,22,22,22,22,22,22,22,22,22,22,22,22,22,21,21,21,21,21,21,21,21,21,21,21,21,22,22,22,22,22,22,22,22,22
54,64,60,54,49,44,39,35,34,34,33,30,28,26,25,23,21,17,14,11,8,6,5,4,4,5,6,6,7,9,9,7,6,5,5,5,5,6,6,8,10,12,13,15,16,17,18,20,21,23,23,24,24,24,24,24,24,24,24,23,23,23,23,23,22,22,23,23,23,23,23,22,22,22,22,22,22,22,22,22,22,22,22,22,22,21,22,22,22,22,21,21,21,21,22,21,21,21,21,21
45,54,54,49,49,49,48,46,43,40,35,30,26,22,18,14,11,8,5,1,-2,-3,-3,-2,-3,-3,-2,-2,-3,-4,-4,-3,-1,0,2,4,7,9,11,13,14,16,17,17,18,20,20,20,20,21,22,22,22,23,23,23,23,23,23,22,22,22,23,23,23,23,23,23,23,23,23,23,23,23,24,25,26,26,27,28,29,28,27,26,24,24,22,21,19,18,18,18,18,18,18,19,19,19,20,20
-9,-27,-48,-65,-81,-95,-105,-111,-114,-112,-108,-105,-101,-93,-78,-65,-53,-34,-13,0,-1,-15,-28,-40,-53,-66,-76,-80,-74,-56,-29,-3,19,37,49,63,71,74,72,65,62,54,40,21,1,-19,-35,-47,-57,-62,-64,-60,-46,-36,-29,-25,-21,-19,-15,-8,-4,4,17,23,33,44,55,67,75,80,82,90,95,98,105,112,111,109,107,101,93,82,66,53,52,53,50,45,40,36,29,20,14,10,7,3,0,0,0,1
-8,-18,-33,-51,-72,-92,-110,-125,-138,-147,-149,-147,-138,-124,-103,-82,-64,-45,-23,-4,7,3,-11,-26,-44,-64,-84,-99,-99,-86,-66,-43,-20,4,21,41,60,81,94,96,89,77,66,49,21,-8,-32,-51,-65,-73,-75,-65,-53,-42,-32,-21,-14,-7,0,12,27,37,46,60,71,83,95,101,106,113,117,118,119,118,109,103,99,94,81,58,50,51,49,46,47,44,40,33,26,22,18,14,10,7,3,1,1,1,2,2
-8,-18,-34,-51,-69,-87,-103,-117,-125,-131,-131,-128,-123,-112,-97,-81,-62,-43,-29,-15,-11,-21,-37,-51,-63,-74,-82,-85,-84,-76,-58,-33,-8,16,37,50,65,83,90,103,95,68,49,31,9,-15,-35,-51,-65,-76,-81,-75,-56,-39,-29,-15,-5,3,19,27,38,55,66,77,86,92,99,110,114,111,106,106,104,103,100,94,88,76,62,58,58,54,48,42,37,31,26,21,16,11,7,3,1,0,0,0,1,0,0,1
-4,-11,-27,-45,-63,-80,-94,-107,-117,-124,-127,-127,-125,-118,-103,-84,-66,-53,-36,-17,-3,-1,-16,-33,-49,-63,-79,-91,-96,-90,-71,-44,-17,12,34,51,66,77,80,76,58,43,26,9,-8,-26,-45,-61,-73,-80,-73,-54,-35,-22,-9,0,10,24,36,52,65,74,85,92,102,110,113,116,120,120,120,119,116,111,105,98,92,71,57,61,57,47,42,39,34,26,19,13,10,7,4,2,2,2,3,3,2,2,3,3
-8,-16,-25,-41,-61,-80,-97,-111,-123,-133,-141,-140,-130,-118,-102,-83,-64,-42,-16,1,14,10,-10,-29,-46,-64,-80,-90,-94,-92,-82,-56,-22,8,36,55,69,75,81,83,77,58,39,24,3,-19,-39,-54,-64,-72,-78,-79,-72,-58,-43,-27,-13,-1,9,23,39,47,58,70,75,82,92,96,101,106,108,111,115,118,118,115,109,87,62,56,58,56,48,42,38,34,27,21,19,14,10,6,3,3,3,2,2,1,1,1
-13,-19,-32,-48,-63,-80,-96,-110,-121,-131,-132,-128,-122,-111,-95,-74,-51,-22,0,6,3,-10,-28,-47,-66,-83,-96,-103,-102,-92,-72,-45,-18,6,29,52,67,77,83,78,61,45,24,3,-15,-33,-46,-54,-57,-58,-54,-49,-41,-30,-22,-16,-9,-3,0,4,9,14,23,34,40,49,62,66,71,81,82,86,95,98,101,106,111,112,106,94,81,69,62,58,55,52,47,42,35,27,20,13,8,4,2,1,0,0,0,1
-7,-20,-40,-62,-82,-100,-116,-129,-135,-137,-135,-128,-115,-95,-73,-51,-28,-9,0,-12,-33,-53,-68,-81,-92,-99,-100,-88,-59,-25,2,29,48,61,70,69,67,58,47,32,14,-8,-33,-52,-63,-68,-69,-68,-62,-53,-43,-33,-20,-10,-3,4,12,20,26,35,44,50,61,73,79,86,94,99,103,104,99,91,84,83,85,86,88,90,85,77,68,58,50,48,44,40,35,31,27,21,16,10,6,2,0,-1,-1,0,0,0
-13,-16,-29,-49,-69,-87,-100,-109,-114,-117,-116,-114,-107,-94,-77,-57,-40,-22,-7,-5,-11,-24,-44,-68,-87,-98,-102,-97,-86,-67,-38,-5,22,44,60,73,77,81,80,62,47,28,9,-8,-28,-44,-56,-65,-68,-66,-55,-38,-24,-17,-11,-1,9,18,27,33,43,55,61,65,69,71,74,81,86,87,86,84,81,79,77,74,72,71,68,63,58,52,45,39,33,27,21,14,9,4,2,0,-1,-1,0,0,0,1,4,5
-12,-24,-41,-57,-74,-89,-100,-108,-114,-118,-117,-113,-106,-96,-82,-67,-50,-29,-9,-2,-15,-40,-64,-81,-95,-105,-103,-87,-56,-22,8,41,69,87,103,99,83,61,32,6,-17,-40,-58,-70,-77,-77,-70,-60,-48,-36,-25,-20,-16,-8,1,14,32,46,56,65,70,72,79,87,91,97,103,104,99,96,97,96,92,86,63,47,43,40,35,31,27,24,20,15,12,9,6,3,0,-1,-2,-2,-3,-3,-2,-2,-1,0,0,1
5,-2,-24,-50,-72,-91,-104,-113,-115,-117,-118,-118,-115,-110,-99,-81,-53,-32,-15,-9,-24,-43,-61,-77,-88,-97,-101,-95,-78,-49,-13,24,48,67,80,89,90,86,74,58,34,11,-7,-28,-47,-62,-71,-76,-77,-74,-62,-47,-35,-25,-17,-11,-7,0,4,11,21,28,38,48,57,70,81,90,98,96,93,91,85,82,83,85,84,83,79,70,62,58,55,48,38,33,30,27,24,21,17,12,7,3,0,0,0,1,2,3
-7,-18,-36,-58,-77,-94,-105,-109,-105,-100,-95,-88,-83,-79,-80,-83,-81,-74,-64,-54,-39,-15,0,5,-8,-36,-61,-72,-81,-87,-83,-70,-46,-18,14,45,62,78,89,93,93,82,69,54,32,3,-22,-40,-54,-67,-77,-75,-65,-48,-35,-23,-13,-6,0,5,14,23,28,37,46,53,64,74,79,84,86,84,83,78,76,77,81,81,77,71,66,61,54,47,40,35,32,29,27,23,19,13,8,3,0,0,0,0,0,0
1,-13,-38,-61,-79,-95,-108,-117,-125,-129,-130,-128,-124,-116,-102,-82,-54,-21,3,12,-3,-36,-66,-86,-103,-116,-117,-103,-71,-33,6,40,64,90,101,112,115,100,71,40,12,-10,-31,-50,-68,-81,-85,-79,-68,-57,-48,-36,-26,-24,-23,-17,-8,4,21,39,54,72,86,92,97,101,99,99,101,103,102,100,96,94,89,83,75,68,59,48,41,36,33,29,24,17,10,4,-2,-7,-10,-11,-10,-8,-6,-5,-2,0,1,3
1,-8,-25,-42,-58,-75,-96,-115,-132,-143,-145,-140,-132,-120,-104,-84,-61,-30,0,8,7,-7,-32,-60,-81,-95,-104,-112,-114,-107,-87,-57,-25,8,33,52,67,80,81,85,87,80,69,53,36,19,-3,-28,-47,-58,-65,-67,-62,-48,-39,-31,-20,-4,12,28,40,52,63,72,77,82,85,82,80,80,79,80,81,80,78,75,72,67,64,62,54,47,43,44,45,42,36,30,24,18,10,4,-1,-5,-6,-5,-3,-1,0,1
-1,-7,-23,-42,-59,-77,-97,-116,-133,-144,-148,-145,-136,-122,-110,-99,-85,-69,-51,-28,7,42,61,69,62,42,15,-19,-51,-78,-100,-117,-127,-126,-109,-84,-54,-22,7,30,44,53,59,69,76,78,90,99,96,98,101,104,106,104,99,93,82,72,64,55,47,43,42,42,43,44,42,40,37,33,28,23,20,17,13,10,8,8,6,5,4,4,3,2,1,1,2,3,2,2,2,1,1,1,0,0,0,0,0,0
-23,-32,-44,-57,-68,-80,-90,-99,-106,-108,-111,-109,-106,-101,-93,-80,-63,-56,-46,-39,-44,-58,-73,-89,-102,-108,-107,-92,-61,-23,8,35,55,72,91,95,99,90,70,46,21,-2,-29,-52,-68,-77,-81,-79,-74,-62,-42,-22,-8,0,8,22,30,41,51,56,67,77,76,79,82,86,89,92,97,99,101,101,98,96,89,60,50,51,56,57,53,48,39,29,22,19,19,17,15,13,12,10,8,7,6,6,5,4,4,4
-20,-32,-43,-55,-67,-79,-91,-107,-120,-131,-140,-142,-135,-127,-116,-100,-79,-58,-36,-21,-13,-14,-23,-32,-47,-66,-84,-99,-103,-97,-78,-49,-15,10,31,53,74,80,79,71,56,42,24,3,-16,-34,-51,-62,-68,-67,-58,-43,-27,-14,-5,3,14,24,38,48,58,67,74,81,88,92,95,91,90,95,100,95,90,86,81,77,74,73,71,64,55,47,40,34,29,24,19,15,12,10,8,8,9,9,8,6,5,5,4,3
-9,-22,-39,-57,-73,-89,-106,-118,-127,-133,-134,-131,-121,-111,-96,-77,-67,-58,-40,-19,-9,-4,-16,-37,-54,-67,-78,-86,-82,-66,-42,-17,14,45,68,85,90,93,89,81,73,62,41,14,-10,-28,-44,-57,-65,-67,-64,-61,-56,-45,-32,-21,-14,-5,3,10,26,36,45,57,63,64,73,79,83,87,91,93,90,89,93,95,93,90,86,83,80,76,71,63,54,45,36,29,21,14,8,5,4,3,2,2,2,3,3,3
-6,-11,-24,-40,-57,-71,-86,-103,-115,-125,-127,-124,-118,-107,-88,-65,-48,-31,-27,-41,-52,-66,-82,-96,-104,-106,-97,-73,-40,-5,26,50,70,80,85,79,68,59,46,30,11,-9,-26,-40,-56,-65,-69,-68,-63,-56,-48,-37,-23,-12,-2,9,21,30,41,49,52,55,57,59,62,67,70,72,76,80,84,85,83,80,78,73,68,63,58,53,47,40,34,29,25,20,16,13,11,9,7,7,8,8,8,9,10,9,8,8
-20,-31,-41,-51,-62,-73,-82,-92,-102,-111,-112,-107,-99,-87,-75,-62,-45,-29,-15,-1,10,13,10,0,-15,-35,-55,-73,-90,-102,-108,-106,-95,-77,-55,-26,-2,20,45,64,79,90,91,77,76,68,52,33,13,-1,-7,-8,-8,-11,-11,-4,3,12,21,28,37,45,49,57,64,67,71,74,77,78,76,70,64,60,57,54,52,52,52,50,48,45,41,36,31,27,22,18,16,14,12,11,10,8,7,7,6,5,4,3
-12,-25,-41,-56,-70,-85,-97,-106,-112,-116,-118,-118,-117,-112,-103,-91,-79,-68,-57,-45,-36,-38,-44,-49,-50,-49,-45,-35,-19,0,19,37,55,69,78,78,76,75,69,54,34,12,-8,-26,-40,-50,-56,-61,-63,-59,-49,-42,-36,-27,-17,-10,-7,-2,4,7,17,27,32,40,48,51,58,66,68,71,72,70,72,78,83,83,82,81,78,74,72,71,68,63,56,51,47,42,36,31,25,20,14,11,8,6,6,6,6,6
-25,-37,-65,-92,-114,-133,-150,-164,-176,-186,-195,-203,-209,-215,-207,-145,-94,-50,-7,29,60,88,111,131,123,109,92,80,73,64,48,36,27,22,20,19,28,47,58,63,64,63,61,60,58,58,61,67,69,70,67,61,53,44,36,28,19,11,5,0,-2,-2,-3,-3,-3,-3,-3,-2,-1,0,2,4,5,5,6,5,5,5,4,4,3,3,2,1,1,0,0,0,0,0,0,0,0,0,0,0,0,0,0,0
13,-12,-46,-75,-100,-121,-139,-155,-168,-179,-189,-198,-205,-190,-127,-110,-66,-21,17,50,79,103,124,127,109,100,85,66,40,3,-25,-41,-45,-35,-12,16,42,61,70,80,88,95,84,75,73,75,76,74,72,65,56,47,39,34,30,24,18,12,5,0,-3,-5,-5,-5,-4,-2,-1,0,2,3,4,4,4,5,5,4,4,3,3,2,2,2,1,0,-1,-2,-3,-3,-3,-2,-1,0,0,0,0,1,1,2,2,2
-17,-50,-78,-102,-123,-141,-156,-170,-181,-190,-199,-206,-212,-179,-118,-65,-20,18,51,80,104,125,138,133,112,98,83,54,16,-21,-49,-70,-78,-71,-53,-26,6,34,46,56,66,67,69,72,73,74,77,77,69,59,60,64,61,58,54,49,42,36,30,25,21,16,13,10,8,6,5,4,3,2,2,1,1,2,2,3,3,3,2,2,1,1,0,0,0,-1,-1,-1,-1,0,0,0,0,0,0,0,0,0,0,0
-22,-54,-82,-106,-126,-143,-158,-171,-182,-192,-200,-207,-213,-203,-138,-98,-67,-21,17,50,78,103,124,142,116,68,56,35,9,-25,-57,-84,-100,-103,-90,-62,-27,10,44,73,88,94,107,122,112,101,96,94,94,97,94,86,74,63,53,45,38,31,24,17,11,6,2,1,0,0,0,0,0,0,1,2,3,4,4,4,4,4,4,4,4,3,3,2,1,0,0,0,-1,-2,-2,-2,-2,-1,-1,0,0,1,1,2
-8,-42,-71,-97,-118,-137,-153,-166,-178,-188,-197,-204,-204,-139,-84,-52,-14,23,56,83,107,128,145,159,127,93,77,62,41,13,-22,-55,-82,-102,-102,-85,-54,-15,19,45,64,80,93,93,97,100,97,93,91,93,95,93,86,75,65,54,44,36,27,17,9,4,3,3,4,4,5,5,5,6,6,7,7,8,9,9,10,10,9,8,7,6,4,2,0,-2,-3,-3,-3,-2,-2,-2,-2,-1,-1,-1,0,0,0,0
-21,-53,-81,-105,-125,-143,-158,-171,-182,-192,-200,-207,-213,-182,-120,-67,-22,16,50,78,103,124,142,157,156,133,108,85,57,23,-9,-34,-48,-51,-38,-5,30,62,84,91,92,85,79,83,92,100,104,101,93,83,71,60,50,42,35,29,25,22,19,15,11,8,5,4,3,3,3,4,4,5,6,7,7,7,6,6,6,5,5,4,3,2,2,2,1,1,0,0,-1,-2,-2,-1,-1,0,0,0,0,0,0,0
-1,-29,-60,-87,-110,-130,-147,-161,-174,-184,-194,-201,-208,-204,-139,-91,-49,-6,29,61,88,111,131,148,150,116,92,67,35,14,1,-6,-2,14,37,54,75,91,98,98,96,92,81,67,59,58,61,61,58,52,45,38,33,29,24,20,15,12,10,8,7,6,5,4,4,3,3,3,3,3,3,2,2,2,3,3,3,3,3,3,3,2,2,3,2,2,1,1,0,0,0,0,0,0,0,0,0,0,0,0
-27,-58,-85,-109,-129,-146,-160,-173,-184,-193,-201,-208,-212,-202,-165,-111,-59,-15,22,55,83,107,127,145,152,102,78,58,30,3,-20,-40,-47,-43,-30,-3,28,53,70,82,80,79,80,76,77,72,62,56,55,58,61,62,61,56,49,42,35,30,26,23,20,17,14,11,9,7,5,4,2,1,0,0,0,1,2,3,3,3,3,3,4,3,2,1,1,0,0,0,0,0,0,1,2,4,5,5,5,4,3,3
0,-27,-58,-85,-109,-129,-146,-160,-173,-184,-193,-201,-208,-210,-198,-153,-98,-48,-6,30,62,88,112,131,147,142,118,98,80,57,30,1,-19,-25,-18,3,26,42,57,68,75,78,73,68,69,75,82,85,83,78,63,51,43,35,31,29,27,25,22,19,14,10,6,3,1,0,0,0,0,0,1,1,1,1,1,1,1,0,0,0,0,0,0,0,0,0,0,0,0,0,0,0,0,0,0,0,0,0,0,0
9,-13,-47,-76,-100,-121,-140,-155,-168,-180,-190,-198,-205,-189,-128,-75,-28,11,45,74,99,121,139,155,149,130,111,89,63,32,4,-20,-34,-29,-14,7,31,51,58,62,66,68,62,51,40,33,30,32,36,37,37,35,33,31,30,29,28,27,26,25,24,22,19,17,16,14,13,13,12,12,11,11,10,10,9,8,7,6,5,4,4,3,2,2,2,1,1,1,1,1,0,0,0,0,0,0,0,0,0,0
-3,-36,-67,-93,-115,-134,-150,-164,-176,-187,-195,-203,-200,-167,-116,-63,-18,19,52,80,105,125,143,151,133,109,87,63,37,13,-11,-25,-24,-13,2,13,20,27,36,40,43,45,44,49,53,57,62,67,69,71,71,70,66,62,57,52,49,46,42,38,35,32,30,28,26,23,21,18,17,15,14,13,12,11,10,9,7,6,4,3,2,2,2,2,3,3,2,2,1,1,0,0,0,0,0,0,0,0,-1,-1
-18,-50,-79,-103,-124,-141,-157,-170,-181,-191,-199,-205,-174,-117,-69,-23,15,49,77,102,123,141,157,148,123,104,88,69,37,-1,-36,-66,-81,-83,-74,-60,-41,-19,2,23,39,48,57,67,73,81,91,92,93,96,95,93,92,92,88,83,77,71,63,55,47,40,34,30,27,24,23,22,21,19,17,15,13,12,10,8,7,5,4,3,3,2,2,2,1,1,1,2,2,3,3,4,4,3,3,3,2,2,2,1
-49,-77,-102,-123,-140,-156,-169,-180,-190,-198,-206,-212,-177,-116,-63,-18,19,52,80,105,125,143,152,148,140,117,95,74,47,16,-15,-41,-58,-61,-47,-20,2,20,38,56,67,77,82,87,92,93,93,91,84,75,66,59,55,51,46,41,35,30,26,22,19,15,12,10,8,7,6,5,4,4,4,4,4,4,4,4,4,4,4,3,3,3,3,3,3,2,2,2,1,1,0,0,0,0,0,0,0,0,0,0
-23,-55,-83,-107,-127,-144,-159,-172,-183,-192,-200,-207,-205,-175,-123,-73,-27,12,46,75,100,121,140,156,154,134,113,85,61,41,22,4,-11,-23,-31,-30,-25,-30,-31,-19,0,25,49,57,61,70,75,81,86,87,85,81,74,67,60,52,43,36,31,28,25,22,19,16,13,10,7,5,4,4,4,6,7,9,10,11,12,11,10,10,9,8,8,7,7,6,5,5,4,3,3,2,2,1,1,1,1,1,1,1
-17,-50,-78,-103,-123,-141,-157,-170,-181,-191,-199,-205,-201,-186,-149,-108,-60,-15,22,54,82,106,127,145,155,137,116,102,91,79,64,43,20,-2,-28,-49,-62,-59,-43,-26,-8,7,19,37,49,52,53,53,58,65,73,79,81,80,76,71,67,62,56,51,47,42,36,29,21,15,11,7,3,2,3,4,5,5,5,5,4,4,5,5,5,6,6,6,5,4,3,1,0,0,0,0,0,-1,-1,-1,-1,-1,0,0
-26,-58,-85,-108,-128,-145,-160,-173,-184,-193,-200,-182,-146,-113,-68,-23,15,49,78,102,123,142,157,150,126,111,94,70,42,10,-17,-37,-43,-37,-23,-2,19,35,45,55,65,72,78,78,63,48,46,52,58,62,65,65,64,61,56,50,43,35,28,22,18,14,11,8,6,4,3,2,2,2,2,3,4,6,7,7,7,7,7,7,6,5,4,4,3,2,2,1,0,0,0,0,0,0,0,0,0,1,1,1
-26,-58,-85,-108,-128,-146,-160,-173,-184,-193,-201,-206,-185,-144,-109,-66,-21,17,50,79,103,124,142,157,155,146,125,98,77,54,21,-12,-37,-51,-52,-37,-11,14,35,57,76,83,84,85,94,100,100,98,95,88,81,74,68,61,53,46,40,34,27,21,13,7,4,2,1,1,1,1,2,2,3,4,4,4,4,4,3,3,2,1,1,1,0,0,-1,-2,-3,-3,-3,-2,-1,-1,0,0,0,0,0,0,0,1
-15,-48,-77,-101,-122,-140,-156,-169,-180,-190,-198,-202,-183,-134,-80,-33,7,42,71,97,119,138,154,164,153,129,106,88,64,35,6,-16,-39,-52,-56,-51,-32,-8,21,47,71,94,100,101,104,103,99,95,91,87,84,78,69,60,51,45,40,37,34,32,31,30,27,24,21,19,17,15,14,13,11,10,9,8,7,6,6,6,6,5,5,4,4,3,2,2,1,0,0,0,0,0,0,0,0,0,0,0,0,0
-42,-72,-97,-118,-137,-153,-167,-178,-188,-197,-204,-207,-203,-162,-109,-57,-13,23,56,84,107,128,145,160,167,153,130,107,81,54,27,5,-8,-15,-15,-3,12,24,39,52,60,64,67,76,76,73,72,73,74,72,66,58,50,43,38,36,35,35,33,30,25,20,15,11,7,5,3,2,2,1,1,0,0,0,0,0,1,1,2,2,3,2,2,1,0,0,0,0,0,0,0,0,0,1,1,1,2,2,2,2
-30,-62,-88,-111,-131,-147,-162,-174,-185,-194,-202,-208,-203,-174,-131,-83,-35,5,40,70,95,118,137,146,120,100,84,67,46,22,-1,-18,-26,-23,-2,17,31,40,49,56,60,65,70,75,78,75,68,67,69,72,72,71,66,58,47,35,23,14,7,3,0,-3,-6,-8,-9,-9,-8,-6,-4,-3,-2,-1,-1,-1,-1,0,2,4,4,4,5,6,6,6,6,5,4,3,1,1,2,3,4,5,5,4,2,1,0,0
52,76,60,17,-20,-53,-81,-105,-126,-143,-159,-171,-183,-181,-151,-106,-56,-12,24,57,84,108,128,145,160,173,184,193,197,193,186,180,176,167,150,137,119,97,77,58,37,24,16,11,8,6,5,5,7,8,9,9,9,8,6,4,1,-1,-3,-5,-6,-7,-8,-8,-9,-8,-8,-7,-5,-4,-3,-2,-1,-1,0,0,0,0,0,0,0,0,-1,-1,-1,-1,-1,-1,0,0,0,0,0,0,0,0,0,0,0,0
13,47,76,100,99,59,15,-22,-55,-82,-106,-127,-144,-159,-172,-183,-180,-146,-101,-55,-11,25,57,84,108,128,145,160,173,184,192,190,183,187,188,186,192,192,187,179,164,144,118,89,66,50,39,31,24,20,19,19,17,14,11,8,5,4,1,0,-2,-3,-4,-4,-5,-5,-4,-4,-3,-3,-3,-2,-2,-1,-1,-1,0,0,0,0,0,0,0,0,0,0,0,0,0,0,0,0,0,0,0,0,0,0,0,0
82,96,66,21,-17,-50,-78,-103,-124,-142,-157,-170,-181,-191,-200,-191,-151,-99,-49,-6,29,61,88,111,131,148,159,169,174,172,175,180,190,199,196,190,182,173,162,149,133,115,95,76,59,46,36,30,27,23,20,16,12,8,5,3,1,0,-2,-2,-3,-3,-2,-2,-2,-2,-2,-2,-1,-1,0,0,0,0,0,0,0,0,0,0,0,0,0,0,0,0,0,-1,-1,-1,-1,0,0,0,0,0,0,-1,-1,-1
72,40,0,-36,-66,-92,-115,-134,-150,-165,-177,-187,-196,-203,-185,-147,-106,-60,-21,16,49,78,102,123,141,157,170,178,181,187,192,193,199,206,212,213,204,197,191,179,161,137,113,92,76,63,52,44,36,29,23,18,14,11,8,6,5,3,2,2,4,8,13,13,11,7,4,1,-1,-3,-4,-4,-3,-3,-4,-5,-7,-9,-10,-10,-10,-9,-8,-7,-6,-6,-6,-5,-4,-2,-1,0,0,1,1,1,1,1,0,0
83,77,41,0,-36,-66,-92,-115,-134,-150,-164,-177,-187,-196,-200,-178,-141,-105,-72,-47,-20,15,49,77,102,123,141,156,170,180,188,197,204,207,212,214,209,206,200,193,180,158,130,101,78,62,53,48,45,42,37,31,25,20,16,12,9,6,4,2,1,1,1,1,1,0,0,0,0,0,0,0,0,0,0,0,0,0,0,0,0,0,0,0,0,0,0,0,0,0,0,0,0,0,0,0,0,0,0,0
85,100,82,36,-4,-39,-69,-95,-117,-136,-152,-166,-178,-188,-197,-204,-209,-196,-169,-128,-86,-56,-28,8,42,72,97,119,138,154,167,179,189,198,205,211,216,218,220,220,216,204,180,148,114,85,63,49,40,32,24,17,12,8,6,4,3,2,0,0,0,0,1,2,1,1,1,2,2,3,3,3,3,3,2,2,1,1,1,1,1,2,2,1,0,0,0,-1,-1,-1,-2,-2,-2,-2,-1,-1,0,0,0,0
-11,-33,-47,-56,-76,-100,-121,-139,-155,-169,-180,-190,-199,-206,-206,-186,-156,-113,-70,-30,9,43,73,98,119,138,154,167,179,189,196,202,209,215,218,216,210,199,180,154,127,100,75,55,41,32,26,21,16,12,7,3,0,-2,-4,-5,-5,-3,-1,0,0,0,0,-1,-1,-1,-1,-1,-1,-1,-1,-1,-2,-3,-2,-1,0,0,0,1,0,0,0,0,-1,-2,-2,-1,-1,-1,0,0,0,0,0,0,0,0,0,0
38,27,-5,-38,-69,-94,-117,-135,-152,-166,-178,-188,-197,-204,-196,-171,-137,-103,-78,-56,-32,0,36,66,92,115,134,150,165,177,187,196,204,210,209,200,185,159,141,137,133,121,102,82,64,53,46,41,36,30,24,19,15,11,7,4,0,-1,-2,-3,-3,-4,-5,-7,-7,-6,-5,-4,-3,-2,-2,-2,-2,-2,-3,-3,-4,-3,-3,-3,-2,-2,-1,-1,-1,0,0,0,0,0,0,0,0,0,0,0,0,0,0,0
67,29,-10,-44,-74,-99,-120,-139,-154,-168,-180,-190,-198,-205,-209,-193,-163,-122,-82,-54,-34,-11,20,53,81,105,126,143,158,171,183,192,200,207,213,218,223,225,221,207,185,158,128,100,79,66,56,48,41,34,25,17,9,2,-2,-5,-6,-8,-9,-10,-9,-9,-8,-8,-6,-4,-2,-1,0,2,3,4,4,3,2,2,2,2,3,4,4,4,3,3,2,1,1,0,0,0,0,0,0,1,3,4,4,4,3,2
78,52,9,-27,-59,-86,-110,-130,-147,-161,-174,-185,-194,-198,-170,-127,-78,-31,8,42,72,97,119,138,154,167,179,189,197,203,209,211,206,200,190,178,165,146,126,104,84,66,50,38,30,25,21,18,15,11,9,7,5,3,1,0,0,0,0,0,2,1,0,0,0,0,0,0,0,1,2,2,1,0,0,0,0,0,0,0,0,0,0,0,1,1,1,1,1,0,-1,-1,-1,-1,-1,0,0,0,0,1
48,6,-29,-61,-88,-111,-131,-148,-162,-175,-185,-194,-202,-199,-182,-154,-115,-74,-28,11,45,74,99,120,139,155,158,161,172,178,155,139,155,169,180,190,191,183,166,145,122,99,79,62,49,40,32,24,18,13,8,1,-1,0,0,0,0,0,-1,-2,-4,-5,-6,-6,-5,-3,0,0,0,0,1,2,3,4,4,4,5,5,5,4,4,3,1,0,0,0,0,0,0,0,0,0,0,0,0,0,0,0,0,0
32,10,-24,-56,-84,-107,-128,-145,-160,-173,-184,-193,-201,-204,-183,-142,-101,-63,-28,-6,15,43,72,98,119,138,154,164,153,140,137,151,165,177,187,192,193,196,200,195,176,147,117,91,71,56,44,33,22,13,7,3,1,0,-1,-2,-3,-6,-9,-11,-12,-15,-16,-17,-16,-13,-9,-4,0,4,7,8,10,10,10,9,7,6,5,5,4,3,2,1,0,0,0,0,0,0,0,0,0,0,0,0,0,0,-1,-2
57,17,-20,-53,-81,-105,-125,-143,-158,-171,-182,-192,-200,-186,-153,-120,-89,-63,-42,-20,7,41,70,96,118,137,153,166,177,187,196,201,208,206,196,186,175,162,148,134,117,97,77,60,48,39,33,27,22,17,12,9,6,2,0,-2,-1,0,1,2,1,0,0,0,0,0,0,1,1,1,1,1,0,0,0,0,-1,-1,-1,-1,-2,-2,-2,-1,-1,-1,-1,-1,0,0,0,0,-1,-1,-2,-2,-2,-3,-3,-3
82,81,53,15,-21,-54,-82,-106,-126,-144,-159,-172,-183,-192,-201,-207,-200,-181,-148,-110,-71,-43,-9,27,57,84,108,128,145,160,173,184,193,201,208,214,211,201,188,176,164,150,131,109,85,62,47,39,34,30,24,19,14,9,5,2,-1,-4,-7,-8,-8,-6,-4,-1,0,1,0,0,0,0,0,1,2,2,2,2,2,2,2,2,2,2,1,1,1,1,1,1,1,0,0,0,0,0,0,0,0,0,0,0
16,47,76,96,71,25,-13,-47,-76,-101,-122,-140,-156,-169,-181,-190,-199,-195,-182,-142,-92,-46,-17,13,41,69,95,117,136,152,166,178,188,197,204,211,205,196,188,179,167,157,152,147,137,122,102,82,68,57,49,40,32,24,17,11,6,3,0,-1,-3,-4,-2,0,0,-1,-3,-4,-4,-4,-3,-2,-1,-1,0,0,-1,-2,-3,-3,-4,-4,-3,-3,-2,-2,-3,-3,-4,-4,-3,-3,-2,-2,-1,-1,-1,-2,-3,-2
11,42,72,92,79,40,0,-36,-66,-93,-115,-134,-151,-165,-177,-187,-196,-197,-182,-151,-113,-79,-44,-17,15,48,77,101,123,141,156,169,181,191,199,206,212,218,222,215,193,164,133,103,75,56,42,31,22,16,11,6,1,-2,-6,-10,-11,-11,-10,-8,-7,-5,-4,-4,-3,-2,-2,-1,0,0,0,0,0,0,0,0,0,0,0,0,0,0,0,0,0,0,0,0,0,-1,-1,-1,-1,-1,-1,-1,-1,0,0,0
9,40,70,93,83,41,0,-35,-66,-92,-115,-134,-150,-164,-177,-187,-196,-183,-150,-115,-76,-52,-30,-5,22,52,80,105,125,143,158,171,182,192,200,207,213,199,176,158,146,135,122,108,93,80,69,59,52,47,43,40,36,30,23,18,13,9,6,3,0,0,-1,-1,-2,-2,-2,-2,-2,-1,-1,0,0,0,0,0,-1,-1,-2,-2,-2,-2,-2,-1,-1,-2,-2,-2,-2,-2,-2,-2,-2,-2,-1,-1,-1,0,0,0
81,50,7,-29,-60,-87,-110,-130,-147,-162,-174,-185,-194,-183,-161,-131,-94,-70,-51,-32,-5,26,58,85,109,129,146,161,173,184,194,202,208,214,211,200,193,184,172,154,129,101,75,55,41,31,22,14,9,5,2,0,-3,-7,-10,-13,-14,-15,-15,-11,-6,-3,0,0,1,4,5,5,5,5,5,5,4,3,3,2,2,1,1,1,1,0,0,0,0,-1,-2,-3,-3,-2,-2,-1,-1,-1,-1,0,0,0,0,0
61,40,1,-10,-44,-73,-98,-120,-138,-154,-168,-179,-189,-183,-159,-123,-82,-49,-19,5,32,62,89,111,131,148,163,174,181,190,199,206,212,212,207,207,202,194,186,173,152,128,106,87,72,58,46,38,33,29,25,22,17,12,7,3,0,-3,-6,-7,-6,-5,-4,-4,-3,-3,-3,-2,-2,-1,0,0,0,0,0,0,0,0,0,0,0,0,0,-1,-4,-5,-5,-4,-4,-3,-3,-2,-2,-1,0,0,0,0,0,0
35,34,3,-32,-63,-90,-112,-132,-149,-163,-175,-186,-195,-196,-180,-158,-131,-98,-68,-33,3,38,68,94,116,135,152,165,177,188,193,191,199,206,204,198,187,168,144,117,92,71,54,42,33,28,23,19,15,10,6,4,2,0,-1,-3,-5,-6,-6,-5,-4,-2,-1,0,0,0,0,0,1,1,0,0,-1,-1,-1,-2,-2,-3,-3,-3,-3,-3,-3,-3,-3,-3,-3,-3,-2,-2,-2,-1,-1,-1,-1,-1,-1,0,0,0
-30,-33,-34,-36,-48,-71,-75,-58,-33,-7,13,24,38,32,39,34,26,13,2,3,13,30,59,86,108,113,109,92,76,69,69,71,72,72,71,67,62,56,53,54,55,53,47,39,32,27,23,20,17,16,15,14,12,11,9,8,6,4,3,1,0,0,0,-1,-1,-2,-2,-2,-1,-1,-1,-1,0,0,0,0,0,0,0,0,0,0,0,0,0,-1,-1,-1,-1,-1,0,0,0,0,0,0,0,0,0,0
-2,-35,-65,-63,-45,-34,-25,-21,2,0,0,-2,-5,-8,-7,1,15,32,59,86,108,121,126,125,119,115,111,106,101,96,89,81,72,64,58,53,50,45,37,29,21,15,11,8,7,6,5,5,5,5,5,5,5,6,6,5,5,4,3,2,2,2,1,1,1,1,0,0,0,0,0,0,0,0,0,0,0,0,0,0,0,0,0,0,0,1,4,6,4,1,0,-1,-2,-3,-2,-1,-1,0,0,0
-24,-57,-84,-67,-42,-27,-16,-5,-23,-24,-14,-19,-16,-15,-7,9,30,61,88,111,129,139,147,146,136,124,111,97,83,70,60,52,46,44,44,44,42,39,33,24,15,9,6,4,2,0,0,0,0,0,1,1,1,0,0,0,0,0,0,-1,-1,-1,-2,-2,-2,-2,-2,-2,-2,-1,-1,-1,-1,0,0,0,0,0,0,0,0,0,0,-1,-1,-2,-2,-2,-1,-1,-1,0,0,0,0,0,0,0,0,0
10,-15,-49,-77,-80,-58,-47,-34,-11,-21,0,-2,-2,0,4,19,41,71,96,118,131,130,130,131,128,122,114,104,94,82,71,64,60,60,63,63,60,54,45,35,24,16,11,8,7,6,5,4,3,2,1,1,0,0,0,0,0,0,0,0,-1,-1,-2,-3,-3,-3,-3,-3,-2,-2,-2,-1,-1,-1,-1,-1,-1,-1,-1,-1,-1,0,0,0,0,-1,-1,-1,-1,-1,-1,-2,-1,-1,-1,-1,-1,-1,-1,-1
-13,-44,-73,-79,-64,-53,-46,-37,-26,-23,-2,3,3,0,-3,2,18,41,69,95,113,120,124,126,128,125,120,113,104,93,83,75,68,60,55,50,47,44,39,32,24,18,14,10,8,6,5,4,4,4,5,6,6,6,6,5,5,5,4,4,3,2,2,1,1,1,1,1,1,0,0,0,0,0,0,0,0,1,0,0,0,0,0,0,0,0,0,0,0,0,0,0,0,0,0,0,0,0,0,0
-37,-68,-94,-88,-61,-31,-5,15,3,14,22,14,7,7,12,27,53,81,105,124,132,135,132,127,120,110,98,85,74,65,60,56,54,54,55,54,52,47,39,30,22,16,13,11,9,8,8,7,7,7,7,7,6,5,5,4,2,1,0,-1,-3,-4,-5,-5,-6,-5,-3,-2,-1,-1,0,0,0,0,0,1,1,1,1,0,1,0,0,0,-1,-1,-1,-1,-1,-1,-1,-1,-1,0,0,0,0,0,0,0
-11,-43,-73,-81,-61,-41,-28,-7,-9,2,12,12,7,8,11,23,41,66,90,110,118,120,123,124,121,119,112,101,88,76,65,56,49,47,47,48,46,43,36,27,17,11,3,-3,-8,-10,-9,-9,-9,-8,-8,-8,-7,-6,-5,-4,-3,-2,-2,-2,-1,-1,-1,-1,0,0,0,0,0,0,1,1,1,0,0,0,0,0,0,0,1,0,0,0,0,0,0,0,0,0,0,0,0,0,0,0,0,0,0,0
16,1,-32,-63,-88,-84,-69,-54,-50,-61,-37,-28,-34,-36,-28,-9,14,36,61,84,97,104,109,109,107,107,105,98,88,79,73,70,70,72,74,75,72,63,50,37,26,18,12,8,5,1,0,-1,-2,-4,-5,-7,-8,-9,-11,-11,-10,-8,-7,-6,-5,-4,-3,-2,-1,-1,-1,-1,0,0,0,0,-1,-1,-1,-1,-1,-1,-1,-1,-1,-1,-1,-2,-1,-1,0,0,0,1,0,0,0,-1,-2,-2,-2,-2,-2,-2
-8,-39,-69,-80,-59,-40,-28,-20,-21,-28,-18,-22,-30,-36,-29,-12,2,22,41,61,75,82,89,95,100,104,104,100,94,85,75,66,59,55,52,48,43,38,31,22,14,7,2,-1,-4,-6,-8,-8,-7,-6,-5,-5,-4,-2,-1,0,0,0,0,0,0,0,0,0,-1,-1,-1,-1,-1,-1,-1,-1,-1,-1,-1,0,0,0,0,0,0,0,0,0,0,0,0,0,0,0,0,-1,-1,-1,-1,-1,-1,-1,-1,-1
6,-18,-51,-65,-45,-26,-12,4,23,10,30,43,30,11,8,16,21,29,44,63,85,93,98,104,104,102,97,91,84,77,70,62,54,48,42,39,36,34,31,26,22,17,12,7,3,1,0,-1,-1,-2,-3,-4,-4,-4,-3,-2,-1,-1,-1,-1,-1,0,0,-1,-1,-2,-2,-2,-2,-2,-2,-2,-2,-3,-3,-2,-2,-2,-1,-1,-1,-1,0,0,0,0,0,0,0,0,0,0,-1,-1,-1,0,-1,-1,-1,-1
-21,-51,-76,-63,-43,-23,-4,23,4,-4,18,15,0,-3,0,18,38,56,70,83,91,94,94,94,94,91,87,84,81,77,72,68,61,54,47,39,29,20,13,10,9,8,8,9,9,7,5,2,0,0,-1,-1,0,0,1,1,1,1,1,0,0,0,-1,0,0,0,0,0,0,0,0,0,0,0,0,0,0,0,0,1,1,1,0,0,0,0,-1,-1,-1,-2,-2,-2,-2,-2,-2,-1,-1,-1,-1,-1
-14,-47,-76,-80,-57,-35,-10,17,-1,-1,24,22,12,-3,-3,9,29,50,69,86,100,112,114,109,103,101,104,110,113,109,101,91,81,72,63,52,41,31,22,14,7,1,-1,-3,-3,-3,-2,-2,-2,-1,-1,0,0,0,0,0,0,0,0,0,0,0,0,0,-1,-2,-2,-2,-2,-2,-2,-2,-2,-2,-2,-1,-1,0,0,0,0,0,0,0,0,0,0,0,0,0,0,0,0,0,0,0,0,0,0,0
-23,-56,-82,-64,-37,-14,5,22,0,1,7,2,-9,-15,-11,3,23,48,69,86,94,99,104,109,113,115,112,105,95,84,75,70,69,70,71,69,66,60,53,44,37,31,26,22,19,16,14,12,9,7,5,5,4,4,4,3,2,1,0,0,-1,-1,-1,0,0,0,0,0,0,0,0,0,0,0,-1,-2,-2,-3,-3,-2,-2,-1,0,0,0,0,1,1,1,1,1,1,1,0,0,0,0,0,0,0
-28,-58,-85,-107,-92,-68,-49,-25,-39,-47,-25,-20,-25,-27,-22,-7,21,48,69,90,105,111,117,124,126,125,119,108,95,79,63,50,42,38,36,35,34,32,30,26,22,18,16,13,12,11,11,11,9,8,8,8,8,7,6,4,2,0,0,0,0,0,0,0,0,-1,-1,-1,-1,-1,-1,-1,-1,-2,-2,-2,-2,-2,-1,-1,0,0,0,0,0,0,0,0,0,0,0,0,0,0,0,0,0,0,0,0
-14,-48,-76,-65,-40,-18,8,-15,0,13,8,-1,-8,-10,0,19,46,62,70,80,86,89,92,94,96,96,94,90,86,81,77,76,77,78,76,72,68,63,56,48,41,31,21,13,6,3,1,0,-1,-4,-5,-6,-7,-8,-8,-9,-10,-11,-11,-11,-10,-10,-12,-12,-10,-8,-6,-5,-5,-6,-6,-6,-5,-4,-4,-3,-3,-2,-2,-2,-2,-2,-2,-2,-2,-2,-2,-2,-2,-2,-1,-1,-1,-1,-1,0,0,0,0,0
2,-16,-49,-65,-50,-31,-17,0,17,-20,-5,0,-6,-19,-28,-25,-3,32,60,74,82,87,91,96,98,98,96,93,86,75,63,52,46,43,41,38,34,31,27,24,20,17,13,10,8,7,7,8,8,8,8,7,5,4,3,2,2,2,1,1,1,0,0,0,0,-1,-1,-1,-1,-1,0,0,0,0,0,0,0,0,0,0,0,-1,-1,0,-1,-1,-1,-1,-1,-2,-2,-2,-2,-2,-1,-1,0,0,0,0
-30,-61,-85,-80,-69,-54,-35,-15,8,3,-6,-4,-11,-11,0,19,47,76,101,122,138,146,151,155,154,148,140,129,116,102,89,77,69,64,58,50,40,31,22,16,10,5,2,0,0,0,0,0,1,1,1,1,1,1,2,1,1,1,1,0,0,0,0,0,0,0,0,-1,-1,-2,-2,-2,-2,-2,-1,0,0,0,1,1,1,0,0,0,0,0,0,0,-1,-1,-1,-1,-2,-2,-3,-3,-2,-2,-2,-2
-15,-49,-77,-76,-56,-33,-7,24,-2,7,4,-7,-10,-2,14,39,68,94,115,131,134,131,128,121,114,106,97,88,79,72,66,63,63,61,57,50,42,34,27,20,15,11,7,4,3,2,2,2,1,1,1,0,-1,-2,-3,-3,-3,-4,-4,-5,-5,-4,-4,-3,-1,0,0,0,0,0,-1,-1,0,2,2,1,1,0,-1,-2,-3,-2,-1,-1,-1,-1,-2,-2,-3,-3,-3,-3,-3,-3,-3,-3,-2,-2,-2,-1
-9,-41,-70,-71,-47,-30,-16,9,-10,4,3,-2,-10,-5,9,37,68,93,112,122,125,127,127,123,117,110,101,89,77,66,58,53,52,52,49,42,33,24,16,10,6,4,3,2,2,2,2,2,1,1,1,1,0,0,0,0,0,0,0,0,0,0,-1,-2,-2,-3,-3,-4,-3,-3,-2,-2,-1,-1,-1,-1,-1,-1,0,0,-1,-1,-1,-1,0,0,0,0,0,0,0,0,0,0,0,0,1,0,0,0
-12,-44,-73,-79,-66,-54,-37,-9,-19,-14,-5,-11,-13,-8,0,22,54,82,106,126,141,150,153,150,141,129,115,100,84,69,56,45,38,31,29,23,15,6,-1,-6,-7,-6,-4,-2,0,0,-1,-1,-1,-2,-2,-3,-3,-4,-5,-5,-5,-5,-5,-4,-3,-3,-3,-3,-3,-2,-2,-2,-2,-1,-1,-1,-1,-1,-1,-1,0,0,0,0,0,0,0,0,0,0,0,0,0,-1,-1,-1,-1,-1,-1,-1,-1,0,0,0
192,199,206,212,217,221,209,190,163,129,100,63,19,-18,-39,-53,-70,-81,-85,-83,-72,-62,-53,-43,-36,-27,-15,1,21,42,70,93,106,116,122,117,108,94,83,75,68,60,52,48,46,45,43,42,39,37,33,30,27,23,20,17,14,11,9,6,3,1,0,0,0,0,0,0,0,0,0,0,0,0,0,0,0,0,0,0,0,0,0,0,0,0,0,-1,-1,-1,0,0,0,0,0,0,0,0,0,0
11,9,-21,-53,-81,-105,-126,-139,-139,-134,-130,-121,-104,-83,-53,-25,0,25,52,80,104,125,141,149,154,150,138,117,93,61,20,-15,-40,-56,-68,-76,-80,-73,-61,-52,-35,-17,3,24,50,73,93,113,130,131,133,129,119,110,98,82,66,58,54,53,51,46,41,36,31,28,23,19,15,11,7,4,1,0,-2,-2,-3,-3,-3,-3,-2,-3,-3,-2,-1,0,0,1,2,3,2,2,2,2,3,3,3,3,2,2
-9,-19,-49,-77,-101,-122,-141,-155,-162,-162,-150,-141,-126,-110,-96,-76,-52,-29,-5,21,52,80,104,123,134,135,129,112,91,68,43,16,-11,-41,-68,-87,-100,-105,-104,-96,-78,-57,-40,-22,-3,15,32,52,68,80,85,93,101,106,115,123,128,124,120,115,108,105,102,98,92,84,74,64,55,48,40,34,27,22,17,13,9,6,4,2,1,1,1,1,1,2,2,3,3,3,2,2,2,1,1,1,0,0,-1,-1
2,-7,-40,-70,-95,-117,-136,-152,-164,-166,-157,-142,-125,-113,-99,-80,-65,-51,-31,0,36,66,92,114,124,125,120,108,92,72,47,17,-15,-48,-75,-94,-103,-107,-105,-98,-81,-61,-44,-30,-18,-6,3,12,23,36,53,71,87,106,120,132,142,147,141,133,126,123,119,112,103,92,82,72,64,57,50,45,41,37,32,27,22,18,18,18,16,12,6,0,-1,-1,0,3,5,6,6,5,4,2,2,2,2,2,1,1
12,-1,-34,-64,-91,-113,-133,-150,-163,-163,-148,-128,-105,-89,-73,-50,-29,-4,25,57,85,108,127,138,138,129,111,88,62,34,2,-30,-60,-83,-94,-98,-100,-99,-94,-83,-65,-48,-32,-20,-7,6,18,33,48,64,78,89,99,100,103,111,111,106,114,120,120,117,112,104,94,86,78,68,58,50,43,37,32,27,22,17,13,11,10,10,10,9,9,9,8,6,6,5,5,4,4,3,3,2,2,1,0,0,0,-1
-34,-44,-71,-96,-118,-137,-153,-166,-168,-160,-143,-128,-114,-104,-89,-67,-43,-21,4,39,69,95,117,135,141,134,119,99,75,48,19,-13,-45,-74,-97,-110,-118,-124,-120,-110,-90,-61,-34,-8,17,36,55,70,84,92,99,108,112,113,117,117,110,104,99,86,70,58,53,53,59,59,58,54,48,41,35,30,25,22,18,14,9,4,0,0,0,2,3,3,3,3,3,2,1,1,2,4,7,9,11,11,11,10,9,9
-1,-14,-31,-58,-85,-109,-129,-146,-155,-147,-132,-112,-95,-83,-61,-33,0,34,65,91,114,131,144,148,146,136,120,95,67,38,4,-29,-57,-79,-93,-104,-109,-108,-96,-76,-53,-31,-11,5,22,37,55,67,73,84,85,89,94,97,101,106,110,113,117,119,118,114,107,98,86,74,64,56,50,44,38,33,27,21,16,10,6,2,0,-2,-3,-3,-3,-3,-3,-2,-3,-4,-5,-5,-5,-4,-4,-3,-2,-2,-1,0,0,0
-14,-28,-46,-70,-96,-118,-137,-152,-156,-151,-140,-131,-121,-107,-92,-68,-36,1,37,67,93,110,121,122,116,104,86,59,27,-9,-42,-70,-96,-114,-117,-110,-102,-86,-66,-47,-30,-12,1,14,32,47,60,72,82,92,103,113,125,129,128,121,110,97,83,71,63,59,51,43,38,35,32,29,26,22,19,15,13,12,10,10,9,9,9,8,7,6,5,5,5,4,4,4,2,1,1,0,0,0,0,0,0,1,1,2
20,15,-12,-46,-75,-100,-121,-140,-155,-151,-128,-105,-92,-85,-79,-69,-53,-33,-9,18,51,79,103,124,140,147,148,136,117,93,60,18,-19,-52,-78,-93,-96,-86,-69,-54,-35,-15,1,14,27,40,57,73,85,94,103,113,118,118,120,121,116,103,88,75,67,58,45,36,30,28,28,26,22,18,12,6,3,1,1,4,7,10,13,14,14,14,13,11,10,9,8,7,7,6,5,5,4,3,3,2,2,1,1,0
2,-22,-55,-82,-106,-127,-144,-158,-158,-139,-112,-91,-75,-56,-41,-30,-20,-7,15,41,64,87,106,120,134,142,139,126,106,72,32,-5,-40,-69,-90,-100,-101,-93,-74,-52,-31,-13,0,12,22,33,46,56,69,80,90,100,104,112,120,119,111,101,88,77,68,60,51,44,38,34,31,29,26,21,17,13,10,9,7,6,4,3,2,2,3,3,3,3,3,3,2,1,0,0,0,0,0,0,0,0,0,0,0,-1
8,0,-18,-42,-68,-94,-116,-134,-142,-142,-137,-138,-131,-116,-97,-70,-39,-9,20,50,78,98,120,133,134,130,121,105,83,57,30,1,-22,-42,-62,-74,-74,-64,-55,-46,-31,-16,-4,4,8,22,47,65,78,83,89,95,92,98,101,94,85,75,66,59,53,49,47,42,37,32,29,26,24,23,21,19,17,15,13,11,9,8,8,8,8,8,8,8,8,8,8,7,6,5,4,4,3,2,1,1,0,0,0,0
-1,-9,-30,-57,-83,-100,-116,-129,-136,-136,-124,-115,-110,-106,-97,-75,-48,-19,10,42,72,97,119,137,143,134,113,85,51,14,-17,-45,-68,-84,-93,-88,-77,-68,-58,-45,-29,-14,-2,9,20,33,47,57,67,78,85,91,97,103,98,95,91,82,75,70,64,57,49,41,36,34,32,32,31,32,33,34,35,34,31,27,24,21,19,17,15,13,10,7,5,3,2,1,0,-1,-2,-3,-3,-2,-1,0,0,0,0,0
1,-12,-32,-53,-73,-93,-113,-130,-134,-127,-118,-108,-98,-85,-66,-42,-15,11,38,66,92,112,125,126,123,114,100,82,58,31,-1,-37,-67,-89,-103,-107,-102,-88,-70,-48,-30,-15,-5,0,4,5,6,14,27,40,61,76,88,100,107,108,105,100,98,90,81,73,68,64,61,57,51,43,36,31,26,22,18,15,12,10,9,9,9,8,8,7,7,8,8,8,7,6,5,3,1,0,0,0,-1,-1,-1,-1,0,0
-4,-11,-28,-51,-77,-101,-122,-141,-151,-149,-145,-141,-130,-116,-99,-75,-51,-26,2,37,67,93,115,134,143,139,126,107,85,59,30,0,-27,-54,-79,-98,-110,-114,-112,-103,-90,-72,-58,-44,-30,-14,1,15,30,44,59,70,83,92,102,111,120,123,118,110,103,93,81,67,54,42,33,25,18,12,8,5,4,4,6,7,9,11,13,15,15,13,11,10,8,6,4,1,0,-1,-2,-2,-2,-2,-1,-1,0,0,0,0
19,20,1,-33,-64,-91,-113,-133,-145,-145,-137,-130,-120,-109,-91,-69,-45,-18,6,32,60,87,110,130,147,161,167,160,144,121,91,57,18,-18,-51,-79,-98,-107,-108,-101,-89,-72,-52,-35,-19,-6,3,19,35,53,75,89,103,112,114,123,125,121,116,107,96,85,77,73,69,66,63,56,47,39,32,27,24,22,20,17,15,14,13,11,9,6,5,4,4,5,6,10,13,14,14,12,10,9,8,8,8,8,8,10
-5,-13,-25,-40,-61,-88,-111,-130,-145,-143,-127,-117,-106,-95,-79,-61,-45,-32,-13,14,47,76,100,122,137,142,135,120,103,84,67,53,31,-3,-38,-65,-81,-86,-82,-74,-67,-56,-37,-16,0,15,26,31,39,41,44,55,62,70,83,90,92,92,88,82,79,77,72,65,56,43,31,21,13,9,6,5,4,3,3,2,1,1,1,1,2,3,4,5,8,10,11,11,10,10,10,9,7,6,5,4,4,3,2,2
1,-2,-11,-25,-48,-76,-101,-122,-137,-140,-127,-112,-100,-93,-85,-72,-57,-44,-33,-20,1,30,61,88,111,129,138,139,129,112,89,62,32,-2,-37,-67,-93,-110,-116,-114,-105,-92,-78,-59,-40,-23,-7,4,16,29,42,51,61,69,77,89,95,99,106,108,104,96,90,83,79,77,74,67,57,48,40,36,32,29,26,22,19,17,16,12,6,1,0,0,0,0,0,1,2,1,1,1,1,1,1,2,2,3,4,5
-7,-16,-35,-57,-79,-101,-122,-140,-150,-152,-145,-133,-120,-108,-99,-87,-71,-54,-34,-11,17,46,73,94,111,121,128,126,122,109,90,68,40,8,-23,-52,-77,-92,-100,-101,-95,-85,-70,-51,-31,-14,0,7,11,17,25,38,52,61,71,76,80,88,92,93,92,87,81,77,75,72,68,63,58,53,49,45,41,37,33,30,27,24,22,21,20,19,18,18,17,17,16,14,12,10,8,7,6,5,4,4,3,3,2,2
-16,-35,-57,-83,-107,-127,-144,-149,-144,-137,-128,-119,-115,-109,-95,-82,-70,-57,-41,-14,18,51,79,103,123,130,125,112,93,80,64,37,7,-23,-54,-78,-93,-96,-90,-78,-65,-52,-37,-18,0,16,29,40,53,65,77,83,83,88,88,85,80,73,62,53,50,48,51,58,58,55,49,41,34,27,21,15,10,6,3,1,0,0,0,0,0,0,0,0,1,1,1,1,1,2,2,1,1,0,0,0,0,0,0,0
12,9,-12,-42,-72,-97,-119,-137,-143,-133,-121,-115,-112,-107,-99,-90,-78,-60,-35,0,34,65,91,107,115,117,108,91,71,52,30,0,-34,-63,-86,-98,-101,-97,-92,-84,-74,-59,-43,-26,-7,9,24,40,59,77,89,99,104,104,105,109,113,114,110,101,91,85,80,74,69,64,59,53,46,40,37,35,35,35,33,31,28,24,20,18,16,15,14,12,10,9,7,6,6,5,5,5,4,4,3,2,2,1,0,0
-62,-89,-112,-131,-148,-162,-175,-185,-194,-202,-209,-214,-219,-223,-219,-189,-166,-145,-122,-96,-55,-11,25,58,85,109,129,133,103,77,66,48,21,-4,-23,-37,-41,-38,-37,-33,-22,-7,8,29,52,72,88,99,111,116,120,125,124,117,108,100,89,78,66,55,45,37,32,30,28,27,25,23,21,19,17,15,13,11,9,8,6,5,4,4,3,3,2,2,2,1,1,1,0,0,0,0,0,0,0,0,0,0,0,0
-42,-72,-97,-119,-137,-153,-167,-178,-188,-197,-204,-211,-216,-205,-169,-149,-126,-94,-61,-22,16,50,78,103,124,142,154,125,86,67,51,29,7,-9,-19,-23,-19,-12,-4,2,10,19,32,49,65,82,100,113,122,129,131,127,117,103,91,79,67,54,42,31,22,15,10,7,4,3,2,1,1,1,1,1,1,1,2,2,2,2,1,1,1,0,0,0,-1,-1,-1,-1,-1,-1,-1,-1,0,0,0,0,0,0,0,0
-70,-95,-117,-136,-152,-166,-178,-188,-196,-204,-210,-200,-171,-139,-100,-50,-7,29,61,88,111,131,148,145,112,79,58,48,37,27,24,25,27,32,39,47,59,70,80,92,103,111,117,121,121,118,112,103,89,75,64,54,43,32,22,13,6,1,0,0,0,-1,-1,0,1,3,5,7,8,7,7,5,4,3,2,2,1,1,0,0,0,0,0,0,0,0,0,0,0,0,0,0,0,0,0,0,0,0,0,0
-75,-100,-121,-139,-155,-168,-180,-189,-198,-205,-211,-217,-214,-190,-161,-129,-86,-41,0,36,66,93,115,134,151,164,160,135,107,89,66,44,23,8,5,13,26,39,50,63,79,94,105,111,117,120,120,119,116,110,104,98,92,84,76,68,59,50,41,33,25,18,13,9,6,5,5,4,4,4,5,5,6,6,6,6,6,5,5,4,4,3,2,1,1,0,0,0,0,0,0,0,0,0,0,0,0,0,0,0
-42,-71,-97,-118,-137,-153,-166,-178,-188,-197,-204,-210,-214,-193,-167,-135,-93,-44,-2,33,64,91,113,133,150,164,176,167,133,100,79,58,35,12,-8,-22,-29,-29,-20,-5,12,37,62,82,100,111,122,131,134,136,134,130,123,115,106,97,89,82,71,59,48,39,31,24,19,14,10,8,7,6,5,4,4,5,5,6,5,5,4,4,3,3,2,2,1,1,0,0,0,0,0,0,0,0,0,0,0,0,0,0
-37,-67,-93,-115,-134,-150,-164,-176,-187,-196,-203,-210,-215,-213,-194,-164,-122,-72,-26,13,47,76,101,122,140,156,169,165,145,120,95,72,49,29,15,8,9,20,33,44,56,67,76,87,100,112,121,131,139,142,142,136,129,120,109,97,84,68,53,40,28,19,12,7,4,1,0,0,0,0,0,0,1,1,2,2,3,2,2,2,1,1,0,0,0,-1,-2,-3,-4,-4,-4,-4,-3,-3,-2,-1,0,0,0,0
-74,-99,-120,-139,-154,-168,-179,-189,-198,-205,-211,-216,-220,-209,-184,-146,-97,-47,-5,31,62,89,112,132,149,150,118,88,77,68,53,36,22,13,13,20,33,49,65,76,84,94,101,106,108,107,102,94,83,65,42,26,19,19,20,21,22,21,18,15,12,10,8,6,5,4,4,5,5,5,4,5,5,5,4,3,2,1,1,1,0,0,0,0,0,-1,-1,-1,0,0,0,0,0,0,0,0,0,0,0,-1
-44,-74,-98,-120,-138,-154,-167,-179,-189,-197,-205,-211,-216,-220,-210,-187,-149,-94,-45,-2,33,64,90,113,133,148,132,105,87,79,71,62,54,50,47,42,33,22,13,9,8,11,18,24,32,39,45,51,57,65,74,81,84,84,83,80,77,71,58,45,35,29,24,19,13,8,3,1,0,-1,-2,-3,-3,-3,-3,-2,-2,-3,-3,-4,-5,-5,-6,-7,-7,-8,-8,-8,-8,-7,-7,-6,-5,-4,-4,-3,-2,-2,-1,-1
-25,-56,-83,-107,-127,-144,-159,-172,-183,-192,-200,-207,-213,-218,-222,-218,-196,-170,-134,-91,-42,0,34,65,92,114,134,150,165,171,161,134,105,84,67,52,39,27,17,10,6,8,16,25,37,52,69,85,104,118,125,132,135,136,136,131,121,109,96,84,72,60,49,40,31,23,16,10,6,2,0,-1,-1,0,0,1,2,1,0,0,0,-1,-1,-1,-1,0,0,0,0,0,0,0,0,0,0,0,0,0,0,0
-63,-90,-112,-132,-148,-163,-175,-185,-194,-202,-209,-214,-219,-214,-190,-167,-140,-100,-54,-10,26,58,86,109,129,147,161,174,174,153,125,107,90,72,56,43,30,20,17,22,37,55,68,84,102,114,124,132,134,129,120,106,81,61,47,41,38,35,32,30,28,26,24,22,20,18,14,10,7,6,6,6,7,7,7,7,7,6,5,4,4,3,2,2,2,1,1,1,1,0,0,0,0,0,0,0,0,0,0,0
-51,-74,-98,-120,-138,-154,-167,-179,-189,-197,-205,-211,-216,-221,-225,-228,-231,-234,-236,-238,-205,-157,-123,-89,-49,-13,22,55,83,107,127,145,160,173,172,142,109,83,62,48,40,39,46,49,51,61,74,84,95,105,112,118,119,116,114,113,114,116,118,113,101,86,72,60,49,41,34,28,24,20,17,15,13,11,8,7,6,5,4,3,3,2,2,2,2,2,1,1,0,0,0,0,0,0,0,0,0,0,0,0
-71,-91,-109,-128,-145,-160,-173,-183,-193,-201,-207,-213,-218,-223,-226,-229,-232,-235,-237,-238,-239,-229,-199,-155,-124,-105,-87,-67,-45,-21,6,36,64,87,108,128,144,157,169,181,191,197,188,165,135,108,90,78,66,55,45,36,26,16,15,18,26,41,57,71,80,88,94,98,98,95,88,79,72,68,62,55,52,50,48,46,41,34,26,19,15,12,10,8,7,5,4,4,3,3,2,1,1,1,0,0,0,0,0,0
-83,-105,-126,-143,-158,-171,-182,-192,-200,-207,-213,-218,-222,-226,-229,-232,-233,-229,-227,-223,-220,-223,-226,-229,-200,-136,-93,-78,-59,-36,-14,9,32,53,80,100,117,135,151,165,176,174,168,153,129,108,90,73,58,49,43,38,32,29,28,18,6,-1,-11,-21,-27,-33,-35,-28,-15,0,18,40,61,76,87,102,111,115,118,116,116,117,113,107,104,101,96,90,85,80,73,66,57,46,37,31,26,23,21,18,15,13,11,9
-88,-111,-130,-147,-162,-174,-180,-181,-185,-191,-196,-203,-210,-215,-220,-224,-227,-230,-231,-226,-218,-209,-206,-209,-215,-207,-156,-116,-100,-87,-66,-41,-14,14,44,72,98,120,134,146,157,162,164,162,149,129,110,91,74,60,49,42,37,28,13,1,-6,-22,-39,-50,-56,-56,-57,-54,-47,-37,-22,-1,18,35,53,73,90,110,123,130,137,142,142,134,120,104,86,67,53,42,34,28,23,20,17,15,14,12,11,9,8,7,5,4
-39,-66,-92,-114,-133,-150,-164,-176,-186,-195,-203,-209,-215,-220,-224,-227,-230,-233,-235,-237,-208,-164,-134,-109,-73,-31,8,42,72,97,113,125,140,154,160,166,162,143,117,94,72,50,30,14,2,0,2,8,18,31,45,64,88,111,129,144,154,152,147,142,137,124,109,94,78,66,55,44,36,29,24,19,16,13,11,9,8,7,6,5,4,3,3,2,2,2,2,1,1,1,1,0,0,0,0,0,0,0,0,0
-56,-82,-106,-126,-144,-159,-172,-182,-191,-199,-206,-212,-218,-222,-226,-229,-232,-234,-236,-238,-210,-159,-132,-116,-97,-68,-26,13,43,70,95,118,136,153,167,179,178,153,121,91,64,46,35,21,1,-13,-18,-20,-14,0,21,52,80,101,117,136,149,146,143,142,142,139,133,120,101,80,61,48,38,32,28,25,22,19,16,14,12,10,8,7,6,5,4,3,3,2,1,1,0,0,0,0,0,0,0,0,0,0,0,0
-66,-89,-107,-128,-145,-160,-172,-183,-192,-200,-207,-213,-218,-223,-226,-229,-232,-234,-236,-238,-212,-149,-106,-68,-24,14,47,74,94,112,131,148,163,175,185,183,155,118,91,76,67,52,38,18,-6,-24,-38,-50,-52,-44,-30,-11,7,24,48,71,97,119,134,137,141,146,148,143,134,126,118,110,100,90,77,60,44,34,28,24,22,19,16,12,8,6,4,2,1,1,1,2,3,3,3,2,2,2,1,1,0,0,0,0
-59,-86,-109,-129,-146,-160,-173,-184,-193,-201,-208,-214,-219,-223,-226,-230,-232,-235,-237,-228,-178,-141,-123,-110,-87,-55,-19,18,51,80,104,125,143,158,171,179,177,165,140,114,94,76,57,42,29,10,-8,-19,-18,-8,9,33,58,79,101,121,135,142,153,162,165,155,137,117,93,71,55,44,38,36,33,31,27,24,20,15,11,8,7,6,5,5,5,5,4,3,2,1,1,1,1,0,0,0,0,0,0,0,0,-1
-64,-85,-109,-129,-146,-160,-173,-184,-193,-201,-208,-213,-218,-223,-225,-226,-229,-231,-230,-233,-201,-148,-107,-81,-51,-20,9,35,63,86,104,124,142,157,169,177,171,150,127,106,88,71,56,44,33,18,2,-19,-42,-56,-63,-63,-56,-41,-19,7,36,66,92,115,134,150,163,172,174,175,173,163,148,129,104,81,64,52,45,39,34,29,24,20,16,13,11,9,8,7,6,5,3,2,1,1,1,0,0,1,1,0,0,0
-41,-70,-96,-118,-136,-152,-166,-178,-188,-196,-204,-210,-213,-218,-222,-226,-229,-232,-234,-236,-223,-157,-114,-97,-74,-43,-11,23,55,83,107,128,145,160,173,183,190,178,151,122,97,79,66,56,42,18,-9,-26,-25,-13,3,24,47,62,74,88,107,124,140,151,153,145,128,102,78,61,48,39,32,29,26,24,21,18,15,13,11,9,8,6,5,4,3,1,0,0,0,0,0,0,0,0,0,0,0,0,0,0,0,-2
-51,-79,-103,-124,-142,-157,-170,-181,-191,-199,-206,-212,-217,-222,-226,-229,-232,-234,-236,-238,-189,-134,-116,-108,-88,-52,-9,27,59,86,110,129,147,161,174,185,191,185,167,134,105,84,61,38,17,-5,-28,-47,-59,-60,-51,-35,-20,-2,16,30,40,59,86,101,103,106,114,115,109,101,96,91,86,75,59,42,26,15,10,9,9,9,8,7,6,4,3,1,1,0,0,-2,-2,-2,-2,-2,-2,-2,-2,-2,-2,-2,-2,-2
-75,-98,-120,-138,-154,-167,-179,-189,-197,-205,-211,-216,-221,-225,-228,-231,-234,-236,-232,-188,-143,-109,-68,-24,11,42,71,93,111,129,146,161,174,185,165,129,103,80,55,34,22,15,6,-3,-10,-9,2,21,42,62,80,98,113,123,125,125,123,118,108,95,83,70,55,43,34,28,25,22,20,17,15,13,9,6,4,3,1,0,0,-1,-2,-2,-2,-2,-3,-3,-4,-4,-3,-3,-2,-2,-2,-1,-1,-1,-1,-1,-1,0
-63,-83,-105,-126,-143,-158,-171,-182,-192,-200,-207,-213,-218,-222,-226,-229,-232,-234,-217,-163,-114,-81,-53,-24,4,32,53,67,82,105,125,143,158,172,172,150,120,94,72,52,34,22,14,10,9,11,21,37,55,73,92,110,122,125,124,121,115,108,100,89,74,58,44,34,27,20,14,10,7,6,5,4,4,3,3,2,1,1,1,0,0,0,0,0,0,0,0,0,0,0,0,0,0,0,0,0,0,0,0,0
-56,-83,-106,-127,-144,-159,-172,-183,-192,-200,-207,-213,-218,-222,-226,-229,-232,-234,-220,-161,-110,-74,-34,5,40,70,95,114,133,149,161,164,175,185,159,113,88,70,63,61,57,55,53,50,55,72,96,115,126,129,123,115,105,93,78,58,41,31,29,31,30,28,26,23,18,12,6,5,6,4,3,3,3,3,2,1,0,0,0,0,0,0,0,0,0,0,0,0,0,0,0,0,0,0,0,0,0,0,0,0
-32,-61,-88,-110,-130,-147,-162,-174,-185,-194,-202,-208,-214,-219,-223,-227,-230,-231,-213,-172,-128,-87,-48,-10,26,53,69,94,116,135,152,166,178,188,184,143,105,83,66,49,32,16,2,-7,-14,-16,-12,-3,10,27,46,64,78,90,96,95,93,93,92,90,89,88,82,72,60,50,40,31,25,21,17,14,11,9,8,7,6,5,5,4,3,3,2,1,1,0,0,0,-1,-1,-1,-1,-1,-1,0,0,0,0,0,0
-67,-92,-114,-133,-150,-164,-176,-186,-195,-203,-209,-215,-217,-213,-214,-219,-223,-227,-230,-232,-230,-184,-122,-71,-29,6,40,67,85,100,116,135,151,165,176,169,145,117,96,79,61,45,36,28,18,11,9,10,19,35,49,63,79,87,93,97,99,100,101,99,96,93,92,89,84,78,72,66,57,47,37,27,19,15,13,11,10,9,8,6,5,4,3,3,2,2,1,1,1,1,0,0,0,0,0,0,0,0,0,0
-56,-83,-106,-127,-144,-159,-172,-183,-192,-200,-207,-213,-218,-222,-226,-229,-232,-234,-236,-235,-235,-222,-179,-128,-86,-53,-24,1,24,48,76,101,117,130,145,160,173,171,142,108,81,65,54,45,38,33,29,27,29,33,36,41,46,49,53,57,61,65,69,71,72,74,77,80,82,83,83,80,74,67,60,47,35,28,24,22,19,16,13,10,7,4,2,1,0,0,0,0,0,0,0,0,0,0,0,1,1,1,1,1
-31,-60,-87,-110,-130,-147,-161,-174,-184,-194,-201,-208,-214,-219,-223,-227,-230,-232,-235,-237,-201,-145,-105,-74,-40,-5,23,53,81,105,124,129,136,151,165,177,186,180,160,131,104,84,67,50,37,30,27,31,44,56,65,79,97,108,111,110,108,104,97,87,76,66,60,58,57,53,46,38,29,21,15,10,8,7,5,3,2,1,0,-2,-3,-3,-2,-1,-1,-1,0,0,0,0,0,0,0,0,0,0,0,0,0,0
-66,-86,-102,-122,-140,-155,-169,-180,-190,-198,-205,-212,-217,-221,-225,-228,-231,-234,-236,-238,-239,-233,-184,-126,-93,-70,-43,-18,6,31,57,78,94,110,127,144,159,172,183,181,140,105,84,73,68,62,60,62,62,63,65,69,73,80,90,103,110,115,116,113,108,102,95,87,78,69,59,51,44,40,36,29,20,14,11,10,10,10,8,7,5,3,1,0,2,3,4,4,3,2,2,2,2,1,1,1,1,0,0,0
-67,-93,-115,-134,-151,-165,-177,-187,-196,-203,-210,-215,-220,-224,-227,-230,-233,-231,-184,-132,-104,-83,-54,-25,2,32,60,84,108,128,146,161,172,172,159,133,109,92,77,61,46,35,30,31,28,17,8,3,7,18,27,38,49,57,65,70,74,77,81,83,85,87,87,86,85,85,86,86,86,86,85,80,71,59,47,37,30,26,23,20,18,15,13,11,10,8,7,6,5,4,4,3,2,1,1,1,0,0,0,0
-18,-40,-66,-92,-114,-134,-150,-164,-176,-186,-191,-196,-203,-209,-207,-194,-186,-173,-147,-123,-103,-81,-66,-56,-39,-11,22,55,83,107,127,145,160,173,184,193,201,204,206,203,190,170,151,127,103,86,73,61,50,40,34,29,24,21,17,14,12,10,8,7,6,4,2,2,1,1,0,0,0,0,1,1,2,1,2,4,4,5,5,5,4,4,3,2,1,1,1,0,0,0,0,-1,-1,-1,-1,-1,-1,-1,-1,-1
6,-5,-23,-49,-77,-102,-123,-141,-156,-169,-181,-190,-195,-197,-198,-193,-179,-160,-140,-115,-96,-88,-80,-69,-64,-62,-51,-28,-2,29,58,85,109,129,146,161,174,185,194,200,206,211,210,203,193,180,162,142,121,101,83,68,56,47,40,35,32,29,25,22,19,16,12,10,7,5,3,2,0,0,0,-1,-1,-1,-1,-1,-1,-1,0,0,0,-1,0,-1,-1,-1,-1,-1,-1,-1,-1,-1,-1,-1,-1,-1,-1,-1,-1,-1
-35,-63,-89,-112,-131,-148,-162,-175,-185,-193,-195,-196,-198,-194,-185,-173,-156,-131,-106,-89,-77,-66,-58,-51,-43,-35,-19,12,46,74,99,121,139,155,169,180,190,199,206,206,202,192,173,152,132,117,102,89,77,65,53,40,28,20,17,15,11,7,5,2,0,0,0,0,-1,-1,0,0,0,0,0,0,0,0,-1,-1,-1,-1,-2,-2,-1,-1,-1,0,0,0,0,0,0,0,0,0,0,0,0,0,0,0,0,0
-16,-27,-49,-78,-102,-123,-141,-156,-169,-181,-188,-187,-175,-162,-144,-125,-107,-91,-76,-63,-53,-44,-37,-33,-29,-24,-18,-5,19,50,79,103,124,142,158,171,182,192,193,187,184,186,184,175,163,151,137,120,101,80,58,40,28,23,21,19,16,12,9,7,6,6,5,4,4,2,0,-4,-6,-6,-6,-6,-4,-2,0,0,0,0,-1,-2,-3,-4,-4,-3,-3,-2,-2,-1,-1,0,0,0,0,0,0,0,0,0,0,0
5,-10,-31,-55,-82,-105,-126,-143,-158,-171,-182,-188,-188,-185,-178,-168,-155,-141,-130,-116,-99,-83,-71,-61,-51,-43,-35,-23,-6,15,40,63,79,94,114,133,143,156,170,179,186,194,200,204,205,201,193,182,170,157,140,123,105,87,70,55,44,35,28,22,18,15,12,9,6,4,2,1,0,0,0,0,0,1,1,2,2,2,1,1,0,0,0,0,0,0,0,0,0,0,0,0,0,0,0,0,0,0,0,0
-14,-41,-71,-96,-118,-137,-153,-166,-178,-185,-183,-174,-167,-163,-161,-156,-145,-125,-107,-92,-77,-63,-50,-34,-11,13,42,65,86,99,113,130,147,162,173,184,190,192,198,198,197,197,194,189,184,176,162,143,123,100,78,59,44,34,28,23,19,15,12,7,3,0,-3,-4,-3,-1,-1,-1,-1,-1,-1,-1,0,1,4,5,6,5,4,2,2,2,2,1,1,0,0,1,0,1,1,1,0,0,0,0,0,0,0,0
46,54,28,-11,-44,-74,-99,-120,-138,-154,-167,-179,-189,-197,-203,-199,-185,-159,-122,-96,-82,-75,-71,-63,-44,-14,13,39,66,92,115,134,151,165,176,182,192,201,208,214,219,220,216,202,177,150,123,105,93,82,68,52,36,23,16,12,9,7,6,5,3,2,2,1,0,1,1,2,3,3,2,2,1,0,0,0,0,-1,-1,-1,-1,-2,-2,-2,-2,-2,-2,-2,-2,-2,-1,-1,-1,-1,0,0,0,0,0,0
-35,-47,-65,-84,-108,-128,-145,-160,-172,-183,-192,-190,-180,-168,-161,-151,-135,-117,-101,-85,-68,-54,-42,-26,-8,8,29,56,77,87,105,126,144,159,172,183,193,198,202,204,204,207,211,211,201,185,162,135,110,88,69,54,46,39,34,27,22,19,14,11,9,8,6,5,4,3,3,2,2,1,1,0,0,0,0,0,0,0,0,0,0,0,0,0,0,0,0,-1,-1,-1,-1,-1,-1,-1,-1,-1,-1,-1,0,0
7,-13,-45,-74,-99,-120,-139,-154,-168,-179,-189,-198,-205,-211,-216,-218,-208,-186,-159,-132,-112,-93,-74,-56,-34,-7,21,54,82,105,126,143,158,171,182,192,200,208,213,213,208,196,179,163,148,133,120,104,85,69,55,43,35,29,25,22,19,18,16,14,12,10,8,7,6,5,4,3,3,2,1,1,1,0,0,0,0,0,0,0,0,0,0,0,0,0,0,0,0,0,0,0,0,0,0,0,0,0,0,0
-45,-74,-99,-120,-139,-154,-168,-179,-188,-190,-186,-180,-170,-159,-142,-121,-102,-87,-73,-60,-45,-21,2,24,51,80,103,119,131,146,160,171,182,191,194,187,181,180,180,178,176,171,159,140,117,94,73,57,46,39,33,29,23,17,14,13,12,10,8,6,4,2,1,1,0,0,0,0,0,0,0,0,0,0,0,0,-1,-1,-1,-1,-1,0,0,0,0,0,0,0,0,0,0,0,0,0,0,0,0,0,0,0
37,20,-14,-48,-76,-101,-122,-140,-155,-169,-180,-188,-192,-193,-185,-169,-149,-131,-115,-102,-91,-75,-53,-25,9,42,72,97,119,138,154,168,179,189,196,202,202,198,195,189,177,167,156,140,123,106,92,82,74,67,58,45,34,27,22,16,11,8,6,4,3,2,1,1,0,0,0,0,0,0,0,0,0,0,0,0,0,0,0,0,0,0,0,0,0,0,0,0,0,0,0,0,0,0,0,0,0,0,0,0
-27,-58,-86,-109,-129,-146,-160,-173,-184,-189,-187,-178,-170,-157,-135,-116,-103,-95,-86,-75,-63,-52,-41,-27,-7,27,59,86,109,130,147,162,174,185,194,201,206,211,207,193,174,146,110,82,66,58,53,46,39,33,29,27,25,21,18,16,13,10,8,6,4,2,1,0,0,0,0,1,1,1,1,1,2,2,1,1,1,1,0,0,0,0,0,0,0,0,0,0,0,0,0,0,0,0,0,0,0,0,0,0
12,1,-25,-55,-82,-106,-126,-144,-159,-172,-183,-192,-196,-189,-184,-168,-145,-124,-106,-96,-85,-66,-42,-11,23,56,83,107,128,145,160,173,184,194,202,205,203,198,187,173,156,139,121,101,81,61,46,34,26,20,16,12,10,9,8,7,7,6,3,2,0,0,0,-1,-1,-1,-1,0,0,0,0,0,0,0,0,0,0,0,0,0,0,0,0,0,0,0,0,0,0,0,0,0,0,0,0,0,0,0,0,0
0,-17,-47,-76,-101,-122,-140,-155,-169,-176,-175,-172,-165,-157,-150,-140,-129,-116,-102,-86,-71,-61,-49,-32,-9,14,35,60,78,96,118,135,145,160,173,177,185,189,194,194,191,180,161,136,113,94,78,63,51,42,35,30,25,21,17,14,11,9,8,7,6,5,4,3,2,1,1,1,1,1,1,1,1,1,1,0,0,0,0,0,0,0,0,0,0,0,0,0,0,0,0,0,0,0,0,0,0,0,0,0
4,-12,-39,-67,-93,-115,-134,-150,-164,-176,-187,-195,-200,-204,-198,-185,-170,-152,-133,-120,-108,-92,-72,-53,-32,-8,14,35,60,87,104,114,133,146,156,170,177,178,183,190,194,196,192,180,162,142,125,111,97,81,66,54,45,39,32,25,20,17,14,11,9,8,7,7,6,5,4,4,3,2,2,1,1,1,1,0,0,0,0,0,0,0,0,0,0,0,0,0,0,0,0,0,0,0,0,0,0,0,0,0
-12,-34,-63,-90,-112,-132,-148,-163,-175,-185,-192,-191,-187,-181,-173,-160,-141,-125,-110,-95,-80,-65,-50,-31,-7,19,44,66,89,109,123,136,151,162,170,175,185,194,196,195,188,179,168,154,138,118,98,80,66,55,46,39,33,27,23,19,16,14,11,10,8,7,5,4,2,1,0,0,0,0,0,0,0,0,1,1,1,1,0,0,0,0,0,0,0,0,0,0,0,0,0,0,0,0,0,0,0,0,0,0
32,4,-31,-62,-88,-111,-131,-148,-162,-174,-184,-185,-183,-188,-190,-192,-187,-173,-158,-140,-121,-101,-84,-70,-57,-44,-32,-12,16,48,77,101,122,140,151,163,176,186,195,203,209,213,215,213,202,180,152,126,106,90,76,63,53,45,39,33,29,27,25,22,19,16,14,12,10,8,6,4,3,3,2,2,1,1,1,0,0,0,0,0,0,0,0,0,0,0,0,0,0,0,0,0,0,0,0,0,0,0,0,0
-24,-51,-79,-103,-124,-142,-157,-170,-177,-175,-167,-158,-151,-147,-137,-125,-111,-97,-86,-76,-67,-54,-37,-18,4,32,63,88,103,120,132,140,151,154,152,156,163,169,171,172,170,165,156,145,130,112,94,78,63,51,42,35,30,26,22,19,16,14,13,11,10,9,7,6,4,3,2,1,1,0,0,0,0,0,0,0,0,0,0,0,0,-1,-1,-1,0,0,0,0,0,0,0,0,0,0,0,0,0,0,0,0
2,-15,-44,-73,-98,-119,-138,-154,-167,-179,-188,-190,-186,-179,-167,-152,-138,-123,-109,-98,-87,-74,-62,-47,-29,-4,24,50,77,101,123,141,157,170,181,191,200,207,212,215,218,215,200,169,133,104,83,66,53,44,37,32,27,23,20,17,15,13,11,9,7,6,4,3,2,1,0,0,0,0,0,0,0,0,0,0,0,0,0,0,0,0,0,0,0,0,0,0,0,0,0,0,0,0,0,0,0,0,0,0
4,-12,-43,-72,-97,-119,-137,-153,-167,-178,-188,-192,-188,-184,-179,-171,-164,-155,-140,-122,-104,-85,-62,-36,-10,16,47,76,101,122,141,156,170,181,191,200,206,207,207,202,189,166,134,108,87,69,56,46,40,35,29,24,20,16,13,9,5,3,0,-1,-2,-3,-4,-4,-4,-3,-2,-2,-2,-1,-1,-1,0,0,0,0,0,0,0,0,0,0,0,0,0,0,0,0,0,0,0,0,0,0,0,0,0,0,0,0
-19,-49,-77,-102,-120,-126,-118,-100,-79,-51,-10,0,27,32,30,24,16,8,0,-4,-6,-3,4,18,32,48,69,89,109,126,141,157,168,173,169,154,129,97,69,52,41,35,31,27,23,20,16,13,11,9,7,6,5,4,3,2,1,1,0,0,0,0,0,0,0,0,0,0,0,0,0,-1,-1,-1,0,0,0,0,0,0,0,0,0,0,0,0,0,0,0,0,0,0,0,0,0,0,0,0,0,0
-27,-52,-73,-93,-109,-112,-106,-92,-73,-51,-34,-11,-43,-20,-17,-12,-7,-6,-5,-4,-4,-3,-2,-4,-6,-11,-13,-13,-8,-1,8,28,55,82,102,117,127,134,141,149,154,150,131,103,75,54,42,36,30,24,20,16,12,11,9,7,6,6,5,5,5,4,3,3,2,1,1,1,1,0,0,0,0,0,0,-1,-1,-1,-1,-1,-1,-1,-1,-1,-1,0,0,0,0,0,0,0,0,0,-1,0,0,-1,-1,0
-60,-87,-110,-130,-145,-148,-136,-118,-109,-82,-36,-27,-27,-25,-19,-12,-13,-13,-12,-11,-8,-6,-5,-2,0,0,3,13,28,51,79,103,124,142,154,152,143,132,117,99,81,64,47,34,25,20,16,12,9,8,6,6,6,5,4,2,2,1,0,-1,-1,-1,-1,-1,0,0,0,0,0,0,0,0,0,0,0,0,-1,-1,0,0,0,0,0,0,0,0,0,0,0,0,0,0,0,0,0,0,0,0,0,-1
-79,-90,-99,-105,-102,-88,-67,-44,-24,-20,-8,14,-1,8,15,11,5,0,-4,-5,-5,-4,-3,-2,1,6,12,12,13,20,30,43,60,76,95,113,124,136,152,163,162,154,140,121,101,81,64,50,40,31,24,20,17,14,11,9,6,4,3,2,1,1,1,1,1,1,1,1,1,2,2,1,0,0,0,0,0,0,0,0,-1,-1,-1,-1,-1,0,0,0,0,0,0,0,0,0,0,0,0,0,0,0
-19,-51,-80,-104,-124,-135,-134,-116,-83,-44,-49,-14,-6,0,-4,-11,-17,-21,-22,-21,-21,-24,-28,-24,-20,-19,-17,-11,-3,9,25,36,52,68,79,92,104,113,116,116,112,103,90,78,65,53,42,31,22,17,13,12,10,9,7,4,3,3,2,2,1,0,-1,-1,-1,-1,-1,-1,-2,-2,-2,-2,-4,-4,-2,-2,-1,-2,-1,-1,0,0,0,0,0,0,0,0,0,0,1,1,1,1,0,1,0,0,0,1
-85,-103,-115,-117,-102,-76,-44,-13,16,45,42,47,49,44,38,27,18,11,5,0,-1,-1,0,1,4,9,11,11,14,21,25,31,40,49,61,75,88,96,101,103,103,104,108,116,120,119,113,100,80,57,35,15,-1,-14,-21,-22,-21,-18,-15,-13,-11,-9,-6,-3,-1,0,2,4,6,7,7,6,5,3,2,2,1,1,0,0,0,0,0,0,0,0,0,0,-1,-2,-1,0,0,1,1,1,1,1,3,4
-30,-62,-88,-111,-106,-90,-68,-40,-6,29,59,42,66,64,53,42,27,16,8,4,3,2,1,0,-1,-3,-3,0,2,4,8,16,24,29,40,48,59,72,83,95,106,110,108,102,97,92,85,74,60,46,34,25,20,17,14,13,13,11,10,9,8,6,4,2,1,0,0,0,0,0,0,-1,-1,-1,-1,0,-1,0,0,0,0,0,0,0,0,0,0,0,0,0,0,0,0,0,0,0,0,0,0,0
-37,-59,-81,-103,-124,-138,-129,-106,-76,-40,-9,-28,7,7,4,-3,-9,-10,-10,-9,-8,-7,-6,-5,-4,-2,0,2,6,10,16,25,39,59,77,97,116,132,138,137,133,122,112,110,112,114,107,90,69,51,38,26,18,14,11,9,8,6,4,2,0,-2,-2,-1,-1,0,0,0,0,0,0,0,0,0,0,0,0,0,0,0,0,0,1,2,2,2,1,1,0,0,0,0,0,0,0,0,0,0,0,0
-73,-98,-118,-134,-141,-139,-136,-113,-78,-79,-45,-42,-35,-28,-27,-26,-25,-26,-30,-31,-29,-25,-23,-16,-10,-3,4,15,30,49,66,75,84,93,97,98,99,100,104,110,116,119,116,107,93,76,58,40,24,11,3,-1,-4,-5,-4,-4,-3,-1,-1,-2,-2,-2,-1,-1,0,0,0,0,1,0,0,0,0,0,0,0,0,0,0,0,0,0,0,0,0,0,0,0,0,0,0,0,0,0,0,0,0,0,0,0
8,-20,-50,-76,-95,-105,-102,-82,-60,-33,0,-12,12,20,8,0,-4,-8,-8,-8,-6,-5,-6,-8,-9,-7,-2,4,16,26,36,47,63,81,102,122,134,141,146,147,142,131,115,97,79,62,47,34,25,19,16,13,11,9,7,5,5,4,3,2,0,0,0,0,0,0,-1,-1,-2,-3,-2,-2,-2,-2,-2,-2,-2,-2,-2,-2,-1,-1,-1,-1,-1,-1,-1,-1,0,0,0,0,0,0,0,0,0,0,0,0
-17,-50,-78,-101,-112,-108,-87,-58,-22,14,-17,15,33,24,16,10,-3,-15,-17,-15,-15,-13,-11,-14,-10,2,18,36,46,62,83,99,111,120,127,131,125,111,92,71,51,37,27,17,11,8,6,5,4,2,1,2,3,3,2,2,1,1,0,0,0,0,0,0,0,0,0,0,0,0,0,0,0,0,0,0,0,0,0,0,0,0,0,0,0,0,0,0,0,0,0,0,0,0,0,0,0,0,0,0
8,-18,-51,-79,-103,-121,-119,-102,-71,-37,-12,-27,-1,-1,-9,-14,-17,-16,-11,-9,-8,-7,-3,0,5,19,42,65,87,105,115,122,127,130,130,124,115,101,84,67,51,36,23,14,8,5,4,4,4,3,2,1,1,1,0,0,0,0,0,0,0,0,0,0,0,0,0,0,0,0,0,0,0,0,0,0,0,0,0,0,0,0,-1,0,0,0,0,0,0,0,0,0,0,0,0,0,0,0,0,0
-13,-45,-73,-90,-107,-116,-103,-75,-42,-7,3,-7,28,26,11,5,4,1,0,-1,-3,-3,5,14,17,23,28,39,54,80,104,125,142,147,128,105,81,63,51,41,34,28,24,19,14,11,9,7,5,2,1,0,0,0,0,0,0,0,0,0,0,0,0,0,0,-1,-1,-1,-1,-1,-1,0,0,0,0,0,0,0,0,0,0,0,0,0,0,0,0,0,0,0,0,0,0,0,0,0,0,0,0,0
18,-10,-42,-52,-57,-59,-50,-29,1,28,11,24,41,33,27,22,14,6,3,7,11,15,25,44,68,94,116,135,150,154,151,144,133,119,103,83,65,48,34,25,19,14,10,7,5,5,6,6,5,4,3,2,1,0,0,0,0,0,0,0,0,0,0,0,0,0,0,0,-1,-1,-1,-1,-1,-1,-1,0,0,0,0,0,-1,-1,-1,-1,-1,0,0,0,0,0,0,-1,-1,0,0,0,0,0,0,0
-75,-96,-106,-104,-96,-83,-70,-48,-11,9,-1,24,22,11,9,6,4,4,5,2,2,9,13,18,27,44,63,80,94,106,118,125,128,124,112,98,85,73,61,48,35,25,19,18,18,17,15,13,11,9,8,6,5,3,2,0,0,-1,-2,-3,-3,-3,-3,-3,-3,-2,-2,-2,-2,-2,-2,-1,-1,-1,-1,-1,-1,-1,-1,-1,-1,-1,-1,-1,-1,-1,-1,-1,-1,0,0,0,0,0,0,0,0,0,0,0
-15,-46,-68,-84,-85,-65,-34,-10,12,31,1,28,36,27,20,13,5,0,0,0,-2,-4,0,20,53,81,105,123,141,153,155,131,90,69,64,61,56,49,41,34,29,25,22,20,17,13,10,8,9,8,7,5,3,2,1,0,-1,-2,-3,-3,-3,-2,-2,-2,-1,-1,-1,-1,-1,-1,-1,-1,-1,-1,0,0,0,0,0,0,0,0,0,0,0,0,0,0,0,0,0,0,0,0,0,0,0,0,0,0
8,-15,-49,-77,-100,-110,-116,-116,-103,-73,-92,-78,-39,-31,-37,-39,-38,-37,-36,-31,-31,-31,-22,-8,1,17,36,58,80,104,123,131,135,134,125,107,82,58,39,26,20,17,15,12,10,9,8,7,6,6,5,5,4,3,3,2,2,1,0,0,0,0,0,0,0,0,0,0,0,0,0,0,0,0,0,0,0,0,0,0,0,0,0,0,0,0,0,0,0,0,0,0,0,0,0,0,0,0,0,0
-14,-38,-67,-90,-108,-112,-93,-68,-35,5,12,-3,28,24,10,9,7,3,3,2,2,3,8,21,38,67,93,116,132,141,153,160,157,147,133,115,95,75,57,44,34,28,23,20,17,16,14,13,11,10,8,6,5,3,3,2,2,1,1,1,1,0,0,0,0,0,0,0,0,0,0,0,0,0,0,0,0,0,0,0,0,0,0,0,0,0,0,0,0,0,0,0,0,0,-1,-1,-1,-1,-1,0
-29,-60,-81,-92,-77,-46,-18,6,24,8,37,48,37,30,28,22,15,12,6,4,13,28,43,60,83,100,111,126,138,141,136,131,123,111,94,76,59,43,29,19,14,12,10,9,7,5,2,1,1,0,-1,-1,-2,-2,-2,-3,-4,-5,-5,-5,-5,-4,-3,-3,-2,-2,-1,-1,-1,-1,-1,-1,-1,-1,-1,-1,-1,0,0,0,0,0,0,0,0,0,0,0,0,0,0,0,0,0,0,0,0,0,0,0
-45,-58,-62,-64,-55,-29,3,34,57,82,81,75,92,76,61,50,39,30,22,10,1,-4,-5,9,31,41,50,61,70,78,87,96,101,103,103,98,86,71,55,41,32,26,20,14,10,7,5,3,1,1,1,1,1,1,1,0,0,0,0,0,0,0,-1,-2,-3,-3,-4,-4,-4,-3,-3,-3,-2,-2,-2,-2,-2,-1,-1,-1,0,0,0,0,0,0,0,0,0,0,0,0,0,0,0,0,0,0,0,0
-10,-9,-15,-31,-50,-70,-90,-109,-124,-136,-146,-151,-148,-140,-130,-113,-91,-68,-43,-16,14,48,77,100,117,129,141,150,157,166,162,144,119,85,52,33,26,30,33,33,34,35,36,37,37,37,36,38,38,37,34,31,29,26,23,19,17,14,12,11,10,8,7,6,5,3,1,0,-1,-2,-3,-4,-5,-7,-7,-6,-5,-5,-4,-4,-3,-4,-4,-6,-6,-5,-4,-3,-2,-2,-2,-2,-1,0,0,0,0,0,0,0
-44,-73,-82,-69,-61,-60,-46,-24,2,23,10,-18,-42,-55,-63,-73,-84,-92,-85,-59,-26,1,24,53,81,104,118,127,138,149,158,166,161,145,122,96,65,39,20,12,11,14,19,22,24,24,25,28,31,34,35,35,37,40,41,41,36,29,20,12,6,3,3,4,5,6,5,4,4,3,1,0,0,-1,-1,-1,-1,-2,-3,-4,-4,-4,-3,-3,-3,-3,-3,-2,-2,-1,-1,0,0,0,0,0,-1,-1,-1,0
-26,-41,-55,-62,-56,-53,-57,-67,-86,-105,-115,-115,-112,-105,-90,-73,-56,-32,-6,16,39,60,77,93,104,107,117,129,138,149,159,166,168,163,147,118,88,76,79,86,84,76,66,57,49,44,40,35,29,24,19,15,12,10,9,9,10,12,12,12,11,9,7,6,5,4,2,1,0,0,0,0,0,1,1,1,0,0,0,0,0,0,1,1,0,0,-1,-1,-1,0,0,0,0,0,0,0,0,0,1,1
-6,-13,-25,-36,-43,-48,-52,-55,-58,-64,-74,-89,-105,-117,-123,-118,-99,-73,-44,-17,7,33,60,83,106,126,139,146,144,127,104,74,35,0,-21,-32,-36,-34,-32,-31,-24,-12,0,8,17,25,31,35,39,43,43,42,40,38,34,31,28,25,23,20,16,13,10,8,6,3,1,0,-1,-2,-2,-3,-4,-4,-3,-3,-2,-2,-2,-1,0,0,1,2,2,2,1,0,0,0,0,0,0,0,1,2,2,3,3,3
16,6,-11,-29,-46,-63,-74,-84,-92,-98,-103,-106,-104,-98,-86,-68,-48,-20,11,38,67,93,115,135,151,161,165,162,153,133,108,77,46,11,-26,-55,-72,-82,-81,-68,-53,-40,-25,-12,-2,8,16,22,26,29,35,40,45,51,55,54,50,45,39,34,28,22,17,13,9,7,6,4,2,0,-4,-8,-11,-12,-13,-12,-11,-10,-9,-7,-5,-3,-1,0,0,0,0,0,0,0,-1,-2,-3,-3,-3,-3,-2,-1,-1,-1
59,61,45,18,-13,-43,-72,-97,-115,-125,-134,-134,-126,-114,-99,-82,-62,-39,-17,6,33,64,90,113,133,150,164,176,177,167,149,125,96,65,31,10,4,6,13,18,21,25,29,34,37,40,43,44,44,43,41,38,35,32,30,30,29,28,26,22,17,12,6,1,-3,-5,-6,-6,-7,-7,-7,-6,-4,-2,0,1,3,4,5,5,5,3,2,0,0,0,-1,-2,-3,-3,-3,-3,-2,-2,-1,-1,-1,-1,-1,-1
10,-1,-12,-23,-32,-36,-43,-52,-58,-64,-69,-70,-69,-69,-64,-56,-50,-43,-34,-21,-3,17,42,71,96,118,137,153,167,179,189,196,184,155,119,81,40,4,-19,-38,-45,-37,-21,-7,5,20,32,39,45,49,52,51,47,42,37,34,30,26,24,23,22,18,13,7,3,1,0,0,-1,-2,-2,-2,-1,-1,0,0,-1,-2,-4,-4,-4,-4,-3,-2,-1,-1,0,0,0,0,0,0,0,0,0,0,0,0,0,-1
4,2,-7,-25,-42,-57,-72,-86,-95,-97,-98,-99,-98,-93,-82,-54,-16,21,54,82,106,127,144,152,138,112,77,42,7,-19,-30,-31,-24,-14,-3,7,17,26,32,35,39,45,50,53,53,51,47,43,39,36,32,29,25,20,16,12,8,6,4,3,2,2,1,1,1,1,1,1,1,1,1,1,1,0,0,0,-1,-1,-1,-1,0,0,0,1,1,1,1,1,1,1,0,0,0,0,0,1,1,1,1,1
2,-14,-36,-57,-71,-80,-83,-83,-85,-88,-89,-88,-85,-80,-73,-62,-43,-17,13,45,74,99,121,132,134,131,126,123,113,92,52,14,-18,-38,-40,-35,-29,-21,-11,0,9,17,23,28,32,34,35,36,35,34,33,30,28,25,24,22,20,17,14,11,9,8,7,6,4,2,1,0,0,-1,-2,-2,-3,-3,-2,-2,-1,0,0,1,1,1,0,0,0,0,0,0,0,0,0,0,0,0,0,0,0,0,0,0
13,6,-9,-16,-19,-30,-49,-66,-77,-86,-92,-97,-98,-93,-86,-75,-55,-29,1,34,65,92,114,134,150,165,172,163,135,97,57,16,-20,-36,-39,-40,-40,-34,-25,-16,-10,-5,2,9,14,18,22,26,29,32,33,34,33,31,29,27,25,22,17,12,7,3,0,-2,-3,-3,-3,-2,-1,0,1,2,2,2,1,1,0,0,0,0,0,-1,-1,-1,-1,0,0,0,0,0,1,1,0,0,0,-1,-1,-1,-1,0
-12,-24,-37,-50,-62,-67,-67,-70,-74,-75,-73,-71,-68,-64,-58,-48,-23,9,42,71,97,119,137,153,166,172,171,165,149,128,99,60,17,-20,-49,-58,-58,-50,-36,-22,-9,1,10,16,21,27,31,29,25,23,23,25,27,28,30,31,30,29,28,26,23,18,13,8,5,3,3,3,3,2,1,0,1,1,1,1,0,0,0,0,0,1,2,2,1,0,0,0,0,0,-1,0,0,-1,-3,-2,-1,0,0,0
3,4,0,-12,-28,-44,-60,-78,-92,-102,-106,-111,-117,-121,-120,-110,-77,-31,8,43,72,98,120,138,154,152,138,103,54,11,-25,-54,-70,-69,-59,-47,-37,-27,-15,-6,1,8,15,20,24,28,28,26,23,21,19,18,19,17,13,8,3,1,1,2,3,4,3,3,2,2,2,4,6,8,10,11,10,11,12,13,12,10,8,6,4,3,3,3,2,2,1,1,1,1,1,3,7,11,11,10,9,7,4,1
28,12,-18,-49,-73,-90,-101,-106,-106,-105,-103,-95,-79,-62,-33,1,33,60,88,111,131,148,162,170,158,136,113,77,34,-6,-40,-62,-67,-56,-40,-20,0,14,27,39,49,53,53,50,43,34,26,19,12,7,3,1,0,-1,-2,-3,-4,-4,-3,-3,-2,-2,-3,-3,-3,-2,-1,-1,-1,-1,0,0,0,0,0,-1,-1,-1,-1,-1,-1,0,0,0,-1,-1,-1,0,0,0,0,0,0,0,0,-1,-1,0,0,0
-50,-62,-73,-78,-78,-74,-65,-61,-59,-61,-68,-75,-81,-90,-101,-104,-95,-84,-71,-54,-29,0,35,66,92,115,134,151,149,131,99,64,35,12,-3,-11,-10,-4,3,12,21,33,46,57,66,73,83,94,100,99,93,81,68,52,38,30,25,20,17,15,14,15,15,14,13,11,8,6,4,3,3,2,2,1,0,0,0,-1,-1,-1,-1,-1,-1,0,0,0,0,0,0,0,0,0,-1,-1,-1,0,0,0,0,0
-50,-44,-48,-54,-56,-55,-61,-73,-89,-107,-119,-125,-129,-126,-114,-97,-72,-33,7,41,71,97,119,138,152,152,134,102,63,24,-14,-47,-71,-77,-75,-75,-73,-61,-43,-27,-12,2,13,21,29,35,38,40,41,40,39,38,38,38,37,35,32,27,22,17,13,10,7,4,3,2,2,1,1,0,0,1,1,1,0,0,-1,-2,-4,-4,-4,-3,-3,-2,-2,-1,-1,-1,-1,-1,-1,-1,-1,-1,0,0,0,0,0,0
-28,-54,-80,-100,-109,-103,-84,-78,-80,-87,-96,-103,-114,-124,-130,-132,-132,-125,-108,-80,-44,-6,29,60,88,111,131,148,155,147,133,111,80,40,0,-36,-65,-79,-81,-78,-69,-53,-32,-12,8,26,37,45,50,53,53,52,49,47,46,46,44,40,35,29,22,16,12,8,6,4,3,1,1,0,0,0,0,0,0,0,0,-1,-1,-2,-2,-2,-2,-2,-2,-1,-1,0,0,0,0,0,0,0,0,0,0,-1,-1,-2
-81,-94,-94,-83,-67,-49,-43,-51,-67,-76,-84,-98,-109,-116,-119,-117,-112,-98,-74,-44,-7,29,60,87,111,131,148,162,165,154,133,103,65,23,-15,-48,-77,-89,-88,-79,-66,-50,-33,-17,-3,9,20,30,39,45,49,49,47,46,46,46,45,44,41,37,30,23,16,11,9,8,8,7,6,4,3,0,-1,-3,-5,-6,-6,-4,-2,-1,0,0,0,0,0,0,0,0,0,0,0,0,0,0,0,0,0,-1,-1,-1
-19,-41,-67,-88,-102,-106,-96,-84,-90,-92,-94,-101,-107,-109,-108,-102,-93,-84,-74,-59,-33,0,35,65,92,114,134,151,165,167,151,130,104,69,27,-11,-45,-74,-93,-91,-76,-59,-43,-28,-12,3,17,29,38,44,49,53,56,56,56,55,52,47,41,36,31,26,22,18,14,10,8,6,4,1,0,0,0,-1,-3,-5,-6,-7,-7,-6,-5,-5,-4,-4,-3,-3,-2,-1,0,0,0,0,0,0,0,0,0,0,-1,-2
-45,-50,-58,-68,-76,-78,-83,-92,-98,-107,-119,-127,-127,-120,-102,-72,-36,0,35,65,92,114,134,151,165,176,175,162,138,107,68,24,-14,-47,-76,-99,-104,-101,-93,-81,-64,-42,-18,2,23,39,51,58,64,67,66,61,56,52,48,44,41,39,36,34,31,27,22,16,13,10,7,3,0,0,-1,-1,-1,-2,-3,-4,-4,-4,-4,-5,-5,-5,-5,-4,-4,-4,-4,-4,-3,-3,-2,-2,-2,-2,-1,-1,-1,-1,-1,-1
-25,-34,-43,-48,-44,-26,-10,-15,-27,-46,-71,-96,-117,-132,-139,-141,-135,-126,-113,-97,-81,-61,-35,-6,23,55,83,107,128,145,160,173,177,162,137,108,73,35,-2,-37,-67,-92,-107,-107,-96,-78,-59,-37,-13,12,34,54,71,84,91,92,89,84,78,71,63,53,43,34,26,18,11,2,-4,-8,-8,-9,-8,-8,-7,-7,-8,-8,-8,-7,-5,-4,-3,-3,-3,-2,-2,-2,-1,-1,-1,-1,0,0,0,0,0,0,0,0
-82,-91,-93,-89,-83,-73,-57,-38,-18,0,19,37,50,53,51,46,42,38,33,27,22,18,15,11,8,5,0,-5,-11,-14,-14,-10,-5,0,4,9,15,19,18,10,-2,-12,-14,-11,-6,0,8,14,17,14,11,10,9,7,6,7,7,5,2,0,-2,-4,-9,-14,-18,-22,-24,-26,-27,-25,-22,-20,-17,-13,-8,-4,-2,-2,-2,-2,-3,-4,-6,-6,-6,-5,-2,0,2,4,5,5,5,4,3,2,3,3,3,3
-81,-89,-93,-92,-89,-82,-72,-59,-45,-29,-14,0,12,23,30,34,37,39,41,42,41,40,38,37,37,36,34,31,28,24,19,11,3,-5,-14,-23,-28,-31,-32,-32,-32,-32,-32,-32,-31,-28,-24,-18,-11,-3,4,11,16,18,18,18,18,22,26,28,29,27,23,17,11,6,4,5,7,6,1,-6,-15,-24,-30,-34,-37,-40,-41,-41,-40,-36,-29,-22,-17,-14,-10,-5,0,5,12,18,25,31,37,42,45,45,41,37
-83,-88,-89,-87,-82,-74,-63,-50,-35,-19,-2,14,27,37,46,56,70,79,81,77,70,61,54,51,49,46,41,33,21,8,0,-5,-9,-13,-19,-25,-32,-38,-44,-48,-51,-52,-52,-49,-43,-37,-30,-23,-15,-7,0,6,11,16,20,25,29,31,30,29,27,27,25,21,17,12,5,1,-2,-4,-7,-10,-15,-21,-27,-32,-35,-38,-40,-41,-40,-37,-32,-23,-14,-6,1,8,16,22,26,28,30,31,31,30,28,26,22,17
-84,-98,-107,-111,-110,-104,-93,-75,-51,-25,0,24,42,57,70,77,72,67,65,67,72,79,86,89,88,82,70,54,35,17,2,-9,-19,-30,-43,-55,-66,-75,-80,-82,-79,-73,-63,-51,-36,-21,-6,9,22,31,39,36,30,32,38,44,48,50,51,49,44,31,16,3,-4,-9,-12,-14,-15,-17,-18,-20,-22,-22,-22,-22,-21,-19,-17,-16,-14,-12,-7,-8,-12,-16,-16,-12,-4,4,14,25,36,45,50,49,44,34,20,6
-83,-92,-97,-99,-96,-90,-84,-78,-70,-58,-41,-18,3,20,35,48,59,67,72,74,72,71,69,64,58,50,42,31,20,9,0,-6,-10,-14,-17,-18,-18,-17,-14,-10,-7,-5,-3,-2,-1,0,2,3,5,7,7,7,6,5,4,3,2,1,0,0,0,-1,-1,-1,0,0,0,0,0,0,0,0,0,0,0,0,0,0,0,0,0,0,0,0,0,0,0,0,-1,-1,-1,-2,-3,-3,-3,-3,-3,-3,-2,-1
-65,-91,-114,-119,-114,-108,-97,-79,-55,-35,-18,1,22,35,48,65,88,102,107,105,101,95,87,77,64,51,38,26,18,17,23,30,36,38,35,28,19,11,6,3,2,1,0,0,-1,-3,-4,-5,-5,-5,-5,-4,-3,-2,-1,0,0,0,0,0,0,0,0,0,0,0,0,-1,-1,-1,0,0,0,0,0,0,0,0,0,0,0,0,0,0,0,0,0,0,0,0,0,0,0,0,0,0,0,0,-1,-1
-84,-101,-112,-117,-117,-113,-105,-93,-76,-58,-38,-18,2,21,38,52,58,56,53,52,54,57,62,65,66,64,60,52,42,30,17,7,-2,-10,-17,-23,-28,-32,-35,-36,-34,-31,-26,-19,-12,-4,1,6,11,16,20,23,23,23,21,18,14,10,7,5,2,1,0,-1,-1,-2,-3,-3,-4,-4,-4,-2,0,2,5,7,7,7,6,4,2,0,0,0,1,1,2,2,2,1,1,0,0,0,0,0,0,0,0,0
-83,-97,-107,-110,-108,-103,-96,-86,-71,-53,-35,-16,3,20,33,44,53,61,68,74,73,68,56,42,31,26,25,26,27,28,27,25,22,16,7,-3,-14,-23,-27,-26,-21,-15,-9,-6,-6,-8,-7,-5,-3,-2,-1,-1,0,2,4,5,5,4,3,1,0,0,0,0,0,0,0,0,0,1,1,2,2,2,2,1,1,2,2,3,3,3,4,4,3,2,2,2,1,1,0,0,0,0,0,0,0,0,-1,-1
-82,-87,-91,-91,-89,-85,-79,-69,-57,-43,-27,-10,6,22,38,50,59,64,66,67,67,68,70,71,69,65,57,49,41,33,27,22,19,16,14,12,9,8,6,6,7,7,7,6,5,3,2,1,1,1,1,0,0,-2,-2,-2,-2,-2,-1,-1,-1,-1,-1,0,0,0,0,0,0,0,0,0,0,0,0,0,0,0,0,0,0,0,0,0,0,0,0,0,0,0,0,0,0,0,0,0,0,0,0,0
-81,-80,-73,-63,-47,-20,12,36,51,57,57,55,50,44,37,31,26,22,19,19,20,19,17,17,14,10,9,7,5,3,3,4,6,7,7,7,6,5,5,5,5,5,3,2,1,1,1,2,3,3,3,3,2,0,0,0,0,0,0,0,-1,-1,0,0,0,0,0,0,0,-1,-1,0,1,1,1,0,0,-1,-1,-1,-1,-1,0,0,0,0,0,-1,-1,-1,0,0,-1,-1,-1,-1,-1,-1,0,0
-81,-94,-103,-109,-113,-113,-108,-100,-86,-69,-48,-28,-9,3,11,13,10,7,5,4,4,6,8,9,15,25,33,40,47,56,66,67,63,59,56,49,39,34,30,28,27,25,25,28,28,25,21,19,20,24,28,28,22,16,12,8,6,4,-1,-6,-8,-10,-13,-14,-13,-11,-9,-7,-4,-1,0,1,1,0,0,0,0,0,0,0,0,0,0,0,-1,-1,-2,-2,-2,-2,-1,0,0,1,1,1,0,-1,-1,-1
-81,-82,-81,-78,-73,-66,-55,-40,-22,-1,20,40,57,71,78,80,83,84,80,71,59,46,36,29,24,20,16,12,7,-6,-21,-35,-46,-55,-62,-66,-65,-60,-54,-46,-38,-28,-17,-5,7,22,36,46,52,54,53,50,44,36,28,18,8,-1,-10,-18,-23,-24,-23,-20,-20,-20,-21,-20,-17,-14,-10,-6,-1,2,6,8,9,9,9,9,8,6,5,4,4,3,3,2,0,-2,-4,-5,-5,-3,-1,1,2,3,3,3
-81,-82,-80,-76,-70,-61,-53,-44,-35,-22,-6,9,22,32,39,46,53,58,62,62,57,51,45,37,27,17,6,-6,-22,-41,-58,-70,-73,-71,-66,-59,-50,-41,-33,-26,-16,-5,5,12,19,24,29,31,31,31,28,25,24,24,24,25,27,28,26,24,20,14,6,-1,-9,-17,-24,-30,-34,-35,-33,-32,-31,-29,-27,-24,-19,-11,0,16,32,43,47,47,42,34,23,13,6,4,6,9,12,13,14,12,8,4,-2,-8
-81,-83,-81,-76,-68,-56,-44,-32,-21,-7,6,19,30,39,47,51,53,52,49,46,44,41,38,37,38,41,45,48,49,45,38,28,18,8,-2,-10,-21,-36,-51,-63,-72,-77,-79,-78,-74,-64,-48,-33,-19,-8,0,4,9,14,21,30,39,51,61,71,78,81,80,74,64,52,38,24,10,-3,-16,-29,-39,-43,-49,-59,-71,-77,-77,-72,-64,-55,-46,-37,-27,-16,-3,7,18,30,39,46,53,60,65,65,57,45,32,20
-81,-83,-83,-81,-76,-69,-61,-51,-40,-29,-16,-4,10,26,43,55,65,72,76,72,63,52,42,36,31,27,23,17,8,-3,-16,-29,-40,-52,-62,-70,-75,-76,-74,-69,-64,-56,-47,-37,-26,-14,-1,12,24,36,45,52,57,59,57,54,49,42,34,25,16,9,2,-2,-8,-15,-23,-29,-33,-35,-34,-32,-28,-23,-16,-9,-2,3,9,13,16,17,17,17,18,19,20,19,16,11,5,0,-2,-3,-3,-3,-2,-2,-2,-1
81,87,89,87,83,75,65,55,44,31,17,1,-15,-32,-48,-62,-75,-84,-88,-88,-83,-74,-64,-53,-40,-26,-11,2,15,27,36,43,46,47,47,47,44,39,32,24,16,9,1,-6,-13,-18,-23,-25,-26,-26,-25,-23,-21,-18,-14,-10,-5,0,4,9,13,16,18,19,20,19,17,14,11,8,5,3,1,0,-2,-4,-6,-7,-9,-11,-12,-12,-12,-11,-10,-8,-6,-4,-2,0,2,4,5,6,7,7,6,5,4,3
-84,-93,-99,-103,-104,-100,-93,-85,-75,-64,-50,-36,-22,-9,2,14,25,34,40,47,54,60,65,67,68,70,72,72,70,64,55,43,28,12,-2,-16,-29,-42,-52,-62,-71,-75,-74,-74,-72,-67,-58,-48,-37,-27,-16,-4,7,16,21,25,32,38,41,41,38,33,29,24,19,15,12,10,9,9,7,4,2,0,0,0,0,1,3,3,2,1,0,0,0,0,0,0,0,0,0,0,0,0,0,2,3,5,5,4
81,93,98,94,81,62,37,11,-12,-36,-55,-70,-80,-87,-90,-90,-87,-80,-72,-62,-47,-29,-9,9,27,44,56,61,61,59,57,55,53,51,46,39,30,21,12,2,-9,-14,-2,-2,-10,-19,-21,-19,-16,-13,-8,-7,-13,-23,-35,-45,-50,-50,-46,-38,-26,-13,0,11,20,27,33,38,42,43,42,37,30,22,14,7,-1,-11,-20,-27,-33,-39,-42,-40,-34,-25,-17,-10,-4,0,5,12,19,20,14,5,-1,-4,-5,-4
-82,-90,-91,-84,-73,-58,-42,-27,-12,4,22,37,49,58,65,68,68,67,66,61,53,43,33,23,12,3,-3,-8,-13,-18,-23,-30,-40,-50,-58,-64,-68,-68,-64,-57,-49,-40,-30,-18,-5,5,15,24,31,37,42,40,34,30,34,39,41,41,39,35,30,23,13,3,-6,-18,-29,-38,-45,-50,-52,-52,-49,-43,-36,-29,-22,-17,-11,-5,0,3,6,9,12,15,18,21,23,24,26,28,29,28,26,24,22,20,18,15
3,-2,-9,-10,-6,-1,3,6,7,5,1,-4,-10,-16,-21,-21,-16,-9,-1,6,13,19,23,26,26,26,24,21,15,9,3,-2,-5,-6,-6,-6,-7,-8,-10,-14,-11,-6,-3,0,1,3,4,4,7,10,8,2,-4,-10,-12,-11,-9,-4,-8,-16,-16,-8,-3,0,2,-1,-10,-18,-17,-9,-1,3,6,10,12,12,11,9,4,0,-2,-1,0,0,1,1,1,1,1,0,0,0,0,-1,-1,-2,-1,-1,0,0
