-80,-104,-125,-124,-101,-70,-42,-16,6,27,45,36,65,143,159,157,151,143,128,63,-28,-93,-126,-113,-31,-33,-57,-27,-42,-44,-16,24,52,58,63,72,74,74,73,68,57,30,2,-16,-24,-46,-67,-63,-76,-93,-80,-69,-68,-66,-59,-49,-37,-30,-30,-28,-23,-24,-25,-24,-24,-24,-24,-23,-23,-25,-24,-24,-23,-24,-23,-23,-24,-25,-25,-24,-24,-24,-24,-24,-25,-25,-25,-25,-25,-25,-24,-24,-24,-25,-25,-25,-24,-25,-25,-24
-80,-95,-84,-77,-49,-18,2,34,37,43,42,30,78,129,150,169,174,116,37,-51,-104,-132,-146,-92,-49,-26,-6,5,-4,-5,5,14,11,11,16,26,35,40,61,82,97,99,94,73,29,-6,-30,-39,-39,-35,-48,-62,-68,-77,-74,-63,-63,-61,-64,-58,-40,-32,-29,-29,-24,-22,-27,-30,-27,-25,-25,-25,-24,-26,-28,-28,-26,-26,-26,-26,-27,-27,-27,-27,-27,-27,-26,-27,-27,-27,-26,-26,-27,-27,-26,-26,-27,-27,-27,-26
-77,-95,-105,-87,-66,-26,5,38,56,58,56,44,28,76,148,184,189,174,138,86,38,6,-43,-93,-108,-77,-64,-52,-28,-12,-6,0,18,35,49,51,40,21,11,8,5,-5,-22,-35,-51,-68,-73,-69,-69,-74,-66,-55,-56,-58,-49,-44,-48,-43,-32,-25,-24,-26,-25,-25,-26,-26,-26,-26,-25,-24,-25,-26,-26,-26,-25,-24,-24,-24,-24,-25,-25,-24,-24,-25,-25,-24,-25,-25,-25,-25,-24,-25,-25,-25,-25,-25,-25,-25,-25,-24
-76,-112,-128,-127,-94,-49,-12,9,17,8,-1,23,117,166,172,176,166,112,35,-32,-71,-114,-133,-93,-74,-62,-35,-10,-2,6,8,18,23,34,33,32,32,29,40,35,25,18,-15,-40,-46,-64,-65,-52,-61,-66,-52,-41,-44,-49,-52,-53,-48,-40,-35,-32,-27,-23,-23,-25,-28,-27,-25,-26,-25,-25,-25,-25,-24,-25,-26,-26,-26,-26,-26,-25,-25,-26,-26,-26,-26,-26,-25,-26,-26,-26,-25,-25,-26,-26,-26,-26,-26,-25,-25,-26
-78,-100,-120,-105,-75,-36,-4,23,34,31,24,14,35,105,152,164,181,188,167,131,76,30,-16,-76,-114,-100,-80,-67,-58,-35,-16,-11,-9,9,31,41,65,88,85,85,85,80,67,43,15,-12,-19,-27,-39,-45,-57,-63,-55,-49,-59,-54,-46,-44,-49,-47,-37,-33,-34,-31,-25,-25,-28,-29,-27,-27,-30,-29,-26,-27,-26,-24,-25,-26,-26,-26,-27,-26,-26,-26,-25,-26,-27,-26,-26,-27,-26,-26,-26,-26,-26,-27,-26,-26,-26,-26
-83,-111,-125,-124,-101,-63,-29,-1,12,24,43,57,93,146,178,202,216,216,189,142,69,11,-65,-111,-113,-67,-32,-5,15,26,24,21,20,24,34,50,60,69,63,56,59,58,42,20,2,-9,-39,-51,-38,-51,-79,-71,-64,-64,-63,-58,-52,-48,-44,-34,-28,-25,-24,-24,-27,-29,-28,-26,-25,-25,-25,-25,-25,-26,-26,-25,-25,-25,-25,-25,-25,-25,-25,-25,-25,-25,-25,-26,-25,-25,-25,-25,-26,-26,-25,-25,-25,-25,-25,-25
-80,-101,-102,-95,-78,-42,-17,10,27,36,47,55,64,90,137,163,163,163,169,153,112,57,-37,-97,-128,-108,-47,-26,-2,11,22,25,15,4,14,26,33,54,73,81,96,108,97,70,37,4,-21,-44,-47,-48,-75,-80,-67,-62,-71,-71,-66,-65,-61,-49,-38,-29,-23,-21,-23,-27,-30,-27,-26,-28,-28,-25,-24,-25,-26,-27,-26,-26,-26,-25,-25,-26,-26,-25,-26,-26,-25,-25,-25,-26,-26,-26,-26,-25,-26,-26,-25,-26,-26,-25
-81,-119,-139,-142,-105,-59,-24,1,11,15,21,19,86,149,167,180,191,184,157,95,-15,-86,-122,-141,-97,-63,-40,-13,3,1,-11,-27,-15,22,51,56,69,90,90,76,71,61,40,14,-7,-18,-28,-48,-64,-61,-59,-70,-74,-70,-63,-60,-59,-54,-44,-35,-29,-25,-25,-25,-26,-27,-30,-29,-25,-27,-28,-26,-24,-24,-25,-26,-26,-26,-25,-26,-26,-26,-26,-26,-26,-26,-25,-25,-26,-26,-26,-26,-26,-26,-26,-26,-26,-26,-26,-26
-89,-124,-141,-118,-68,-19,13,52,69,70,63,63,68,103,133,139,144,148,132,100,54,-44,-101,-120,-67,-38,-15,9,22,24,29,35,42,47,47,47,55,49,49,52,35,4,-20,-41,-56,-63,-68,-75,-76,-66,-57,-60,-62,-55,-50,-52,-56,-42,-34,-30,-24,-23,-25,-25,-24,-25,-25,-25,-25,-25,-25,-25,-25,-25,-24,-25,-25,-25,-24,-24,-24,-25,-25,-25,-25,-25,-25,-26,-25,-25,-25,-25,-26,-25,-25,-25,-25,-26,-25,-25
-76,-117,-138,-133,-96,-45,-9,7,18,21,36,56,72,102,155,179,193,217,225,205,158,80,0,-77,-118,-124,-44,-21,-5,18,14,0,-2,0,15,26,45,66,63,55,54,44,18,3,0,-12,-43,-60,-57,-58,-73,-80,-78,-72,-68,-65,-58,-46,-33,-28,-28,-25,-26,-24,-22,-20,-21,-22,-21,-21,-22,-22,-22,-22,-21,-22,-22,-22,-22,-22,-21,-21,-22,-22,-22,-22,-21,-21,-23,-23,-22,-22,-22,-22,-22,-22,-22,-22,-22,-22
-81,-118,-132,-127,-101,-48,-17,8,28,28,25,0,50,143,175,193,172,138,60,-39,-97,-128,-144,-110,-84,-72,-54,-34,-35,-23,-17,-11,1,17,39,62,77,96,116,113,85,43,2,-18,-23,-38,-62,-60,-61,-64,-62,-57,-57,-60,-60,-50,-38,-30,-24,-23,-25,-25,-26,-26,-25,-24,-24,-23,-24,-25,-25,-25,-25,-24,-24,-24,-25,-24,-24,-25,-24,-24,-24,-24,-25,-25,-25,-25,-24,-24,-25,-25,-25,-25,-25,-24,-24,-25,-24,-24
-83,-101,-102,-85,-64,-24,8,39,65,78,92,106,109,107,121,147,167,191,186,153,100,29,-58,-108,-134,-121,-95,-75,-45,-25,-20,-17,-16,-12,-6,7,30,47,63,74,81,75,70,68,54,35,15,-4,-17,-27,-37,-48,-53,-52,-54,-62,-54,-51,-56,-52,-44,-40,-38,-36,-35,-40,-37,-30,-28,-26,-24,-24,-24,-24,-25,-24,-24,-24,-24,-24,-24,-24,-25,-25,-24,-24,-25,-24,-24,-24,-24,-25,-24,-24,-24,-25,-25,-25,-25,-24
-78,-86,-87,-68,-35,-6,29,52,71,71,63,73,96,127,166,179,189,185,178,166,163,120,69,-6,-69,-72,-47,-22,4,20,22,15,8,3,14,43,54,50,51,41,23,17,7,-9,-16,-18,-20,-24,-29,-33,-36,-37,-34,-29,-27,-28,-31,-33,-34,-40,-50,-66,-46,-31,-32,-28,-23,-23,-24,-23,-23,-23,-28,-26,-25,-25,-25,-24,-24,-25,-25,-25,-25,-25,-24,-24,-24,-25,-24,-24,-24,-24,-24,-25,-24,-24,-24,-25,-25,-24
-81,-100,-105,-90,-54,-17,14,43,60,63,71,86,113,151,178,209,216,211,195,168,134,94,38,-15,-47,-37,8,29,44,57,58,45,38,28,25,33,47,64,73,77,75,68,61,37,13,-3,-23,-34,-39,-45,-46,-46,-47,-51,-52,-43,-44,-50,-48,-43,-38,-40,-41,-41,-41,-37,-32,-29,-28,-24,-25,-27,-28,-28,-27,-27,-26,-26,-26,-26,-26,-26,-26,-26,-26,-26,-26,-26,-26,-27,-26,-26,-26,-26,-26,-26,-26,-26,-26,-26
-80,-103,-109,-110,-93,-61,-18,18,38,46,50,51,54,114,167,188,208,223,214,181,150,107,70,-4,-66,-71,-63,-35,-10,5,18,28,33,28,21,25,28,30,36,45,38,33,32,14,0,-15,-31,-46,-62,-69,-67,-66,-63,-54,-45,-42,-45,-44,-41,-38,-39,-39,-32,-27,-26,-25,-24,-25,-24,-24,-24,-23,-23,-22,-23,-23,-24,-24,-24,-24,-24,-24,-24,-23,-23,-24,-24,-23,-23,-24,-24,-23,-24,-24,-24,-23,-24,-24,-24,-24
-77,-85,-83,-77,-59,-26,0,28,51,41,40,58,75,103,155,184,203,211,208,187,163,120,78,39,-8,-43,-55,-31,-13,-3,7,16,11,14,25,42,57,63,63,59,54,37,25,19,3,-4,-4,-9,-15,-22,-24,-25,-30,-31,-37,-45,-47,-48,-48,-47,-44,-42,-44,-46,-54,-50,-37,-31,-28,-25,-25,-27,-26,-25,-24,-25,-24,-24,-25,-25,-25,-25,-25,-25,-25,-25,-24,-25,-25,-24,-24,-25,-25,-25,-25,-25,-24,-24,-25,-25
-84,-122,-123,-100,-63,-11,24,52,60,48,44,56,98,147,186,201,184,150,95,53,-12,-79,-115,-80,-50,-36,-21,-2,2,14,33,32,35,35,24,11,16,21,10,4,-4,-22,-35,-41,-49,-58,-54,-50,-55,-54,-44,-44,-48,-50,-52,-48,-43,-38,-29,-22,-21,-24,-27,-27,-26,-25,-23,-22,-23,-24,-24,-24,-24,-24,-24,-24,-24,-24,-24,-24,-24,-24,-24,-24,-24,-23,-23,-24,-24,-24,-24,-24,-24,-24,-23,-24,-24,-24,-24,-24
-84,-121,-125,-119,-84,-42,-5,26,43,39,44,57,86,129,165,186,190,184,172,148,110,53,10,-61,-102,-82,-45,-20,1,15,15,24,25,21,35,46,39,34,38,33,27,32,25,7,-9,-18,-28,-43,-50,-59,-65,-68,-66,-64,-58,-50,-50,-48,-40,-35,-34,-28,-25,-31,-33,-31,-29,-29,-27,-25,-25,-25,-26,-25,-25,-25,-26,-27,-25,-24,-24,-26,-25,-25,-26,-25,-25,-26,-26,-26,-26,-26,-25,-25,-25,-26,-26,-25,-26,-26
-85,-96,-85,-70,-38,-15,15,38,50,54,64,73,87,119,154,180,205,219,219,202,177,146,93,56,4,-50,-73,-60,-33,-19,-15,-2,3,4,0,0,1,7,18,23,26,30,25,4,-13,-23,-35,-40,-33,-39,-46,-41,-40,-43,-34,-32,-36,-43,-38,-35,-35,-35,-38,-35,-33,-40,-34,-30,-29,-26,-25,-25,-26,-27,-30,-29,-26,-24,-25,-26,-25,-25,-27,-26,-25,-26,-27,-27,-25,-25,-26,-26,-26,-27,-26,-26,-26,-26,-26,-26
-81,-103,-97,-83,-57,-30,0,13,31,43,57,71,96,122,156,196,213,223,224,208,187,157,132,103,74,38,4,-25,-41,-34,-18,-6,3,11,21,20,24,31,27,21,16,27,33,26,29,25,11,-3,-23,-32,-38,-48,-52,-52,-55,-55,-52,-49,-47,-44,-43,-39,-35,-33,-32,-32,-33,-41,-32,-28,-29,-25,-23,-26,-26,-26,-25,-24,-24,-25,-25,-26,-26,-25,-25,-25,-25,-26,-26,-26,-25,-25,-25,-25,-26,-25,-25,-24,-25,-25
3,5,3,-3,-4,-11,-26,-27,-33,-30,-21,-12,13,40,69,105,133,153,169,179,200,220,241,251,253,259,262,264,263,250,245,237,216,185,152,121,104,86,64,67,61,50,48,42,29,29,28,20,24,22,17,19,24,18,19,21,19,16,15,12,9,8,10,7,4,5,7,5,4,6,5,4,5,5,5,4,6,5,5,6,5,4,4,4,4,3,4,4,3,3,4,4,3,4,4,4,3,3,2,2
3,-6,-15,-26,-28,-26,-20,-14,-5,6,20,37,60,84,107,131,151,170,183,193,202,209,217,226,239,247,251,253,255,253,249,249,246,238,231,215,194,173,151,128,115,100,89,88,70,62,59,42,39,43,38,38,38,32,33,32,31,27,25,20,18,13,12,13,10,7,8,7,5,5,5,6,5,4,4,5,4,3,4,3,3,4,3,2,3,4,3,2,4,3,3,3,3,2,3,4,2,2,4,3
8,2,-6,-19,-23,-21,-13,0,12,24,36,51,67,90,116,135,156,174,185,194,204,212,226,240,250,259,257,250,240,223,208,203,198,175,149,127,98,79,73,68,53,55,44,36,41,36,35,38,36,34,35,33,28,26,29,23,20,23,20,14,14,11,6,5,5,2,4,6,6,6,7,6,6,6,6,4,6,5,5,4,5,4,5,5,5,5,5,5,5,6,5,4,4,5,4,5,5,4,5,6
5,-2,-6,-10,-16,-15,-9,-7,0,7,20,33,46,70,94,118,142,162,177,187,193,201,216,231,242,248,246,243,239,230,231,237,234,220,201,179,143,121,109,87,84,82,66,58,53,38,33,27,23,25,27,25,22,19,19,18,18,21,16,11,13,13,9,8,8,7,5,5,5,4,4,4,5,4,5,6,5,4,6,5,3,4,6,5,4,6,5,4,5,5,5,4,5,5,4,4,4,4,4,4
4,0,-7,-13,-15,-10,-3,4,15,23,32,42,53,68,83,100,120,146,172,197,210,213,213,217,219,224,231,232,232,231,228,220,216,215,219,223,206,188,166,143,126,117,108,94,95,74,64,61,39,32,28,20,23,24,26,27,31,22,19,20,14,11,14,10,6,9,11,6,4,7,5,2,5,5,3,3,5,3,1,3,4,2,2,4,3,1,3,4,2,3,4,3,2,4,4,2,2,5,3,2
10,8,5,5,0,-2,-1,1,7,18,30,43,58,76,94,117,141,162,177,188,194,198,205,214,227,235,236,239,241,237,234,232,229,229,224,214,199,183,170,158,150,142,138,129,117,111,97,79,73,60,53,54,52,53,53,48,43,39,32,28,27,26,23,22,23,20,17,18,14,13,14,11,8,8,9,8,8,8,8,8,8,7,8,8,7,6,6,5,6,5,4,5,5,4,5,6,5,4,5,5
7,2,-7,-4,-6,-8,1,13,23,36,43,47,57,67,83,100,118,139,162,179,192,200,206,217,227,231,235,239,240,235,233,235,227,222,224,213,196,180,162,158,143,125,119,92,85,73,54,43,37,29,29,27,25,27,28,24,22,20,16,8,9,15,7,0,6,3,-1,-1,0,0,-2,-1,0,0,0,0,0,0,0,0,0,0,1,0,0,0,0,-1,0,1,0,0,0,1,0,0,0,0,0,0
-10,-13,-13,-13,-14,-9,-2,6,13,24,35,51,70,92,116,141,163,181,195,204,209,214,221,227,231,234,234,232,233,233,225,219,219,219,214,198,172,159,133,113,107,84,75,62,48,36,28,21,21,21,17,13,13,15,20,13,20,19,13,11,15,11,6,6,8,4,3,5,3,2,4,3,1,1,4,2,1,3,3,2,1,3,3,2,2,3,2,1,3,2,1,1,3,1,1,2,2,1,1,3
3,0,-7,-8,-10,-12,-7,-1,7,21,34,49,67,83,100,116,135,150,168,184,195,206,216,223,229,232,234,232,235,239,238,236,230,224,218,209,196,181,165,147,135,120,99,95,85,70,62,50,41,40,36,35,34,31,24,24,20,17,18,22,17,15,17,14,10,8,6,3,3,5,3,2,4,3,2,3,4,2,1,3,3,2,3,3,2,3,4,2,3,4,3,2,2,3,2,1,3,2,1,2
9,2,2,-3,-10,-7,-3,2,9,18,29,42,54,71,89,108,130,146,165,184,196,203,205,206,212,220,225,234,240,239,238,240,233,221,212,209,209,199,181,164,147,124,110,100,86,74,64,52,46,39,33,32,30,26,21,21,21,17,18,14,11,9,5,4,4,3,2,2,1,0,0,0,0,0,1,0,0,0,0,0,0,0,0,0,0,0,0,0,0,0,0,0,0,0,0,1,0,0,0,1
-6,-8,-4,0,5,12,18,23,32,39,42,50,59,70,86,106,121,138,156,175,190,199,203,208,214,222,230,236,244,248,244,241,236,230,226,217,201,186,166,149,141,130,121,116,102,95,88,69,60,50,37,37,36,33,32,27,21,22,19,15,11,12,12,7,7,9,6,2,3,2,1,0,1,0,0,0,0,0,0,0,0,0,1,1,0,0,1,1,0,0,1,0,0,1,1,0,0,0,0,-1
-4,-1,-4,0,0,-2,4,12,17,28,41,56,74,94,112,130,150,170,185,199,209,215,227,237,241,243,242,238,235,226,222,215,205,192,177,153,139,126,108,108,98,93,88,73,65,53,47,40,36,33,31,27,26,26,20,19,18,19,17,13,14,18,12,9,13,10,3,4,7,1,0,4,1,0,1,3,1,1,4,3,3,4,4,2,2,3,1,1,1,2,1,2,3,2,2,3,4,2,1,3
0,-2,2,11,17,25,31,39,50,62,76,89,102,115,127,140,150,162,174,178,181,183,184,192,201,212,223,230,238,243,243,240,239,238,230,224,214,197,196,183,165,162,151,142,136,129,124,113,110,97,84,79,66,58,52,44,36,28,20,12,10,10,5,1,6,3,0,1,0,-1,1,0,0,0,0,0,-1,0,0,0,-1,0,0,0,-1,0,0,0,0,0,0,0,0,0,0,0,0,0,0,0
-2,-7,-14,-19,-24,-23,-18,-10,-2,11,26,40,59,80,103,128,153,172,187,199,210,222,229,233,241,235,225,221,216,212,194,164,140,122,102,81,69,66,49,38,36,23,21,22,16,15,18,18,11,21,15,11,15,14,12,8,7,5,3,3,2,0,-1,0,0,0,2,3,2,1,2,2,1,2,1,0,1,1,1,0,1,2,1,1,2,1,1,1,1,1,0,1,1,0,1,1,1,0,1,0
5,2,-3,-5,-5,-2,-1,4,9,12,16,23,33,46,67,86,112,137,157,176,185,189,202,226,238,243,248,248,239,229,226,221,220,226,212,189,162,140,117,96,85,75,53,51,40,33,31,29,26,27,23,18,20,18,24,23,25,17,11,14,12,7,8,10,3,1,5,3,-1,0,3,2,1,4,3,1,0,2,1,0,2,1,0,2,2,1,1,3,2,1,2,3,1,1,3,2,1,3,2,1
4,1,-5,-8,-10,-15,-13,-8,0,11,27,46,65,82,101,122,143,160,176,189,200,212,226,237,247,254,259,255,247,239,233,222,212,208,201,182,171,154,130,117,103,87,75,64,50,42,34,32,27,23,23,19,19,14,6,9,10,11,7,8,13,7,4,9,7,2,3,4,2,0,2,3,1,1,2,1,0,1,1,1,1,1,2,3,3,2,2,3,2,1,1,2,0,0,2,1,1,2,2,1
2,0,0,2,1,0,0,0,4,11,22,36,51,71,95,119,142,159,169,181,197,211,227,241,245,247,247,248,245,237,238,242,237,227,218,198,175,160,134,112,108,104,95,99,89,78,69,57,50,39,34,30,26,26,25,21,17,17,14,9,10,11,7,5,9,7,5,4,4,2,2,2,1,0,1,2,2,2,3,2,1,1,2,0,0,1,1,0,1,1,0,0,1,1,0,1,1,0,1,1
7,2,0,-3,-13,-14,-14,-11,-3,6,16,31,48,61,78,98,114,133,154,170,181,195,214,230,246,261,270,274,268,255,240,227,213,197,183,171,150,126,122,108,93,89,82,80,76,70,58,51,42,34,31,27,22,21,19,22,20,17,16,20,16,13,13,13,9,8,8,6,3,6,5,4,6,6,4,4,5,3,3,4,5,4,3,5,5,4,5,5,3,4,5,3,3,5,4,3,4,4,3,4
14,9,4,-1,-8,-11,-8,-1,8,21,36,52,70,91,114,137,156,169,181,192,205,214,220,221,222,224,226,227,236,245,242,232,222,216,210,199,189,173,148,136,123,111,102,94,82,66,53,42,34,28,21,18,15,13,14,12,12,13,20,19,14,13,14,8,6,7,5,2,3,5,4,4,4,4,3,2,2,2,2,2,3,1,1,3,3,2,2,3,1,1,2,2,1,2,4,2,1,3,3,1
8,4,2,-2,-5,-6,-8,-2,6,17,28,41,56,70,89,108,125,144,165,183,195,205,214,222,233,240,244,250,257,259,253,246,241,229,221,218,209,202,189,172,164,158,151,152,146,135,127,117,102,91,78,64,54,41,34,29,25,23,19,17,22,20,17,15,17,14,14,20,16,12,10,8,6,5,5,2,2,3,3,1,2,4,3,1,3,3,1,1,3,2,0,2,2,1,1,2,2,1,3,2
35,50,62,33,110,87,126,139,140,142,149,151,151,150,154,155,156,160,160,160,156,150,136,120,103,92,82,69,61,53,39,21,6,-12,-31,-40,-34,-22,-15,-10,-6,-5,-4,-3,-3,-3,-3,-2,-2,-3,-3,-2,-1,-1,-1,-1,-2,-2,-1,-1,-2,-3,-3,-3,-3,-3,-3,-3,-3,-2,-1,-2,-2,-1,-2,-2,-2,-1,-2,-3,-2,-2,-2,-3,-3,-2,-1,-2,-3,-2,-2,-2,-2,-2,-2,-2,-2,-2,-3,-2
-15,-8,-5,2,15,30,49,75,31,105,98,133,138,144,154,160,160,162,163,162,164,167,167,166,164,164,161,158,153,147,136,120,108,100,89,80,62,46,36,19,5,-5,-8,-5,-8,-13,-15,-15,-17,-16,-14,-14,-10,-5,-2,-3,-7,-6,-3,-3,-4,-3,-3,-3,-3,-3,-4,-4,-3,-3,-3,-4,-3,-4,-4,-3,-3,-4,-4,-3,-3,-3,-3,-3,-3,-3,-3,-3,-4,-3,-3,-4,-4,-3,-3,-3,-3,-3,-3,-3
-20,-21,-15,-1,11,24,42,61,79,46,95,90,133,135,145,159,167,169,170,169,171,171,170,170,167,164,159,153,144,127,106,93,84,77,64,47,38,27,11,8,5,2,0,0,-4,-13,-16,-14,-12,-9,-7,-4,-2,-1,-2,-3,-3,-2,-2,-2,-2,-2,-3,-3,-2,-2,-2,-2,-2,-2,-3,-2,-2,-2,-2,-2,-2,-2,-2,-2,-2,-2,-2,-3,-3,-2,-2,-2,-2,-2,-2,-2,-2,-2,-2,-2,-3,-2,-2,-3
-23,-17,-10,6,15,25,40,60,77,70,96,103,128,132,142,145,141,130,112,102,101,91,86,72,57,43,32,23,19,11,0,-4,-12,-16,-12,-7,-5,-4,-4,-3,-2,-3,-4,-3,-2,-3,-3,-2,-2,-2,-1,-1,-1,-2,-1,0,0,-2,-2,-2,-1,-2,-3,-2,-2,-3,-3,-2,-2,-2,-1,-1,-1,-1,-1,-2,-2,-1,-1,-2,-2,-1,-2,-2,-1,-1,-1,-2,-1,-2,-2,-2,-1,-2,-3,-2,-2,-2,-2,-1
-20,-17,-10,2,17,28,45,61,73,43,86,95,126,144,153,164,170,173,172,165,152,137,121,99,82,74,58,36,15,2,-4,-16,-32,-42,-38,-29,-21,-15,-11,-9,-6,-4,-4,-4,-3,-2,-3,-3,-2,-2,-2,-2,-2,-2,-2,-2,-3,-3,-3,-3,-3,-3,-4,-3,-3,-4,-4,-3,-3,-3,-3,-3,-2,-2,-3,-3,-2,-3,-3,-3,-3,-3,-2,-3,-3,-3,-3,-3,-3,-3,-3,-3,-3,-3,-3,-3,-3,-3,-3,-3
-14,-13,0,17,35,48,59,70,37,88,63,106,124,138,150,161,168,169,162,155,143,125,103,89,82,67,54,44,26,3,-11,-23,-29,-31,-25,-17,-10,-5,-4,-3,-2,-3,-5,-5,-4,-3,-3,-4,-3,-3,-3,-4,-2,-2,-1,-2,-2,-2,-3,-3,-2,-2,-4,-3,-3,-4,-4,-4,-3,-4,-4,-4,-3,-4,-3,-3,-2,-3,-3,-3,-3,-3,-3,-3,-3,-4,-3,-3,-3,-3,-3,-3,-4,-3,-3,-3,-3,-4,-4,-3
-13,-17,-9,11,25,30,38,47,63,41,65,88,122,138,145,159,166,172,174,173,173,169,163,150,133,118,102,91,79,62,49,31,20,2,-13,-16,-19,-21,-21,-17,-15,-15,-13,-9,-7,-6,-6,-5,-3,-3,-4,-3,-2,-2,-3,-3,-3,-2,-2,-2,-2,-2,-2,-2,-2,-2,-3,-3,-2,-3,-3,-3,-3,-3,-3,-3,-3,-3,-3,-3,-3,-2,-2,-2,-3,-2,-2,-2,-3,-3,-3,-3,-3,-3,-3,-3,-3,-2,-2,-2
-10,-6,1,13,26,35,45,53,63,77,83,65,103,122,142,153,160,167,173,174,171,163,150,133,120,100,87,77,66,46,29,10,-1,-13,-17,-15,-16,-17,-16,-14,-11,-9,-9,-7,-6,-4,-4,-4,-4,-4,-3,-4,-5,-3,-2,-3,-3,-2,-2,-2,-2,-2,-2,-2,-3,-3,-3,-3,-3,-3,-3,-3,-3,-3,-3,-3,-3,-3,-3,-3,-3,-3,-3,-3,-3,-3,-2,-3,-2,-3,-3,-3,-3,-3,-3,-3,-3,-3,-3,-3
-12,-7,2,12,27,43,60,81,93,81,95,103,131,142,148,154,162,166,168,167,165,159,149,132,114,100,85,76,74,50,38,22,1,0,1,-2,-9,-11,-10,-12,-12,-9,-4,-3,-2,0,1,0,-1,0,0,-1,-1,0,0,-1,-1,-1,-1,0,-2,-2,-1,0,-1,-1,-1,-1,-1,-1,-1,-1,-1,-1,-1,-1,-2,-2,-1,-1,-2,-1,-2,-1,-2,-1,-1,-2,-1,-1,-1,-1,-2,-1,-1,-2,-1,-1,-1,-1
0,1,6,13,22,30,39,46,57,73,89,30,80,100,126,140,148,155,164,170,170,170,168,162,156,147,134,120,108,101,91,78,64,47,32,18,9,0,-5,-6,-11,-14,-13,-11,-9,-10,-9,-8,-6,-5,-5,-4,-4,-4,-3,-2,-2,-2,-2,-2,-2,-3,-3,-3,-3,-3,-3,-3,-4,-4,-4,-3,-3,-3,-3,-2,-3,-3,-3,-3,-3,-3,-3,-3,-2,-3,-2,-2,-3,-3,-3,-3,-3,-3,-3,-3,-4,-3,-3,-3
-1,-2,5,15,24,36,49,59,71,84,47,100,99,125,139,148,156,163,167,168,169,169,166,161,153,144,135,124,121,117,99,84,80,73,58,48,35,22,14,7,0,-6,-15,-22,-22,-18,-18,-15,-8,-4,-4,-5,-5,-4,-3,-3,-3,-3,-3,-4,-4,-4,-4,-4,-3,-3,-3,-3,-4,-3,-3,-3,-3,-4,-3,-3,-3,-3,-3,-3,-3,-3,-3,-3,-3,-3,-3,-3,-3,-3,-3,-3,-3,-3,-3,-3,-3,-3,-3,-3
-4,-12,-6,8,15,18,37,51,64,69,84,93,115,135,145,152,162,167,168,167,165,162,158,151,141,128,116,106,96,84,75,62,48,36,25,21,18,9,-1,-7,-9,-9,-9,-9,-10,-11,-13,-13,-12,-10,-9,-8,-6,-5,-4,-5,-4,-4,-4,-4,-4,-3,-4,-4,-4,-4,-5,-5,-6,-5,-5,-6,-6,-5,-4,-4,-3,-2,-2,-3,-3,-3,-3,-4,-4,-4,-4,-4,-5,-5,-5,-5,-5,-5,-4,-4,-4,-4,-3,-4
-30,-22,-3,17,34,50,63,76,91,105,30,100,86,116,132,137,140,148,153,155,158,159,159,157,152,146,140,132,122,110,99,91,84,76,61,49,37,21,11,8,4,-2,-8,-10,-10,-12,-13,-11,-9,-8,-6,-5,-3,-2,-1,-1,-1,-1,-1,-2,-2,-1,-1,-2,-2,-3,-3,-3,-3,-3,-2,-2,-2,-2,-1,-2,-2,-2,-1,-2,-1,-1,-2,-2,-2,-1,-1,-2,-2,-2,-2,-2,-2,-2,-2,-2,-1,-1,-1,-1
-1,4,7,12,22,31,39,52,69,88,51,84,115,131,146,156,161,168,174,173,173,171,168,163,153,142,130,116,105,96,84,74,68,50,28,13,4,-1,-7,-12,-12,-12,-12,-13,-15,-15,-13,-11,-9,-8,-7,-5,-4,-4,-3,-2,-3,-3,-3,-3,-3,-4,-3,-3,-3,-3,-3,-3,-3,-3,-3,-3,-3,-3,-3,-3,-3,-3,-3,-3,-3,-4,-3,-3,-4,-3,-3,-3,-3,-3,-2,-3,-3,-3,-3,-3,-3,-3,-3,-3
-8,-3,0,8,17,34,48,61,83,44,66,107,118,136,147,152,157,164,169,169,164,157,145,133,122,110,98,85,75,63,46,34,22,11,7,0,-15,-18,-16,-15,-16,-15,-13,-10,-9,-9,-7,-6,-4,-3,-2,-3,-3,-4,-4,-3,-3,-3,-4,-4,-4,-4,-4,-4,-3,-4,-3,-3,-3,-3,-3,-3,-3,-4,-3,-3,-4,-3,-3,-4,-4,-3,-3,-4,-4,-3,-3,-4,-3,-3,-3,-3,-3,-4,-4,-3,-4,-4,-3,-3
-3,-2,3,11,22,31,43,55,64,76,92,71,80,119,138,143,152,159,163,167,171,172,169,157,139,123,111,98,87,73,62,54,38,21,19,14,-1,-8,-9,-11,-15,-15,-11,-9,-8,-7,-6,-5,-5,-4,-3,-3,-3,-3,-2,-3,-3,-4,-4,-3,-4,-4,-4,-5,-5,-6,-6,-5,-4,-4,-3,-3,-3,-2,-3,-3,-3,-4,-4,-4,-3,-3,-4,-3,-3,-3,-4,-4,-5,-4,-3,-4,-4,-4,-4,-4,-4,-4,-3,-4
-7,-1,-3,3,15,25,42,56,68,83,31,110,94,122,135,142,145,151,155,158,157,153,143,130,116,101,87,80,68,55,44,28,7,-4,-7,-6,-9,-13,-15,-15,-16,-16,-14,-12,-9,-8,-7,-6,-5,-4,-4,-4,-4,-4,-5,-6,-5,-4,-4,-4,-4,-4,-4,-4,-4,-3,-3,-4,-4,-3,-4,-4,-4,-4,-4,-4,-4,-5,-5,-4,-4,-5,-5,-4,-4,-5,-5,-5,-4,-4,-4,-4,-4,-4,-4,-3,-4,-4,-4,-4
-13,-14,-9,1,9,21,35,49,64,74,67,99,119,135,140,145,147,153,160,161,156,142,131,122,106,93,79,59,42,32,16,4,-7,-12,-14,-19,-21,-17,-13,-12,-11,-9,-8,-7,-6,-4,-4,-5,-5,-4,-3,-4,-3,-3,-3,-3,-3,-3,-4,-4,-4,-5,-4,-4,-4,-5,-4,-4,-5,-5,-4,-4,-4,-4,-3,-3,-4,-4,-4,-4,-4,-4,-4,-4,-4,-4,-3,-4,-4,-4,-4,-4,-4,-4,-4,-4,-4,-4,-4,-4
-13,-12,-17,-8,1,15,34,54,27,61,98,119,136,146,156,163,168,167,161,151,139,128,118,101,88,85,76,52,43,24,7,4,-7,-17,-12,-8,-10,-13,-12,-10,-8,-7,-7,-8,-8,-6,-5,-4,-5,-4,-3,-3,-5,-5,-4,-4,-4,-4,-4,-3,-4,-4,-3,-2,-3,-3,-3,-3,-4,-4,-4,-4,-4,-4,-4,-3,-3,-4,-3,-3,-3,-3,-3,-3,-4,-3,-3,-3,-4,-4,-3,-3,-3,-3,-3,-3,-3,-3,-3,-3
-8,-11,-8,0,11,25,41,58,34,57,106,121,137,150,160,163,163,158,148,135,121,113,103,94,81,64,59,47,33,22,11,1,-5,-5,-3,-5,-10,-12,-10,-9,-9,-8,-6,-4,-2,-2,-3,-4,-4,-4,-3,-3,-4,-4,-4,-4,-4,-4,-3,-2,-2,-2,-3,-2,-2,-3,-3,-3,-4,-4,-4,-3,-3,-3,-4,-4,-3,-3,-3,-3,-2,-2,-3,-3,-3,-3,-3,-3,-3,-4,-3,-3,-4,-3,-3,-4,-4,-4,-3,-3
-9,-19,-39,-63,-83,-80,-58,-27,3,30,52,70,79,78,71,61,43,27,10,-9,-29,-46,-55,-57,-35,-13,5,5,3,2,5,6,3,0,0,0,0,0,0,0,2,4,7,8,9,9,9,8,7,5,4,2,0,-1,0,2,3,2,2,4,4,3,3,4,4,3,3,3,3,4,4,4,4,4,4,4,4,4,4,4,4,3,4,4,3,4,3,3,4,4,4,4,4,3,3,4,4,4,4,3
-29,-24,-14,1,18,31,40,50,60,64,65,70,73,76,77,78,77,74,68,63,61,55,50,46,44,40,35,29,21,13,6,0,-7,-13,-15,-34,-24,-16,-5,1,5,6,6,5,4,5,5,5,4,2,1,2,2,1,0,1,1,1,0,2,3,2,2,2,3,3,4,4,4,3,2,1,1,1,2,1,2,2,2,3,3,3,3,3,2,2,1,2,2,2,2,2,2,2,2,3,2,2,3,3
-6,1,10,21,31,33,34,33,33,38,43,43,43,42,41,40,40,38,35,34,32,28,24,18,14,13,11,9,7,6,6,4,4,5,5,4,3,1,0,1,2,2,2,3,3,3,2,3,2,2,3,3,3,2,2,2,2,2,2,2,3,3,3,3,3,2,3,3,3,2,2,2,2,2,2,2,2,3,2,2,3,3,2,2,2,2,2,2,3,3,3,3,3,3,3,2,2,2,2,2
-5,-4,-8,-7,-4,-3,-19,-44,-42,-22,8,32,43,46,43,35,25,18,14,13,11,11,11,11,10,10,8,6,5,5,5,3,2,3,3,3,4,5,5,5,4,4,4,4,4,4,5,5,4,4,4,5,5,5,5,5,5,5,5,5,4,4,4,4,4,4,4,4,4,4,5,5,5,5,4,4,5,4,4,4,5,5,4,5,5,4,4,4,4,4,4,4,4,4,4,4,4,4,4,4
-17,-22,-17,-13,0,23,40,45,42,34,27,20,18,16,15,15,16,17,15,11,9,7,4,0,-1,0,1,2,2,3,5,5,5,4,4,3,3,3,3,3,3,3,3,3,3,3,3,3,3,3,3,3,3,3,3,3,4,3,3,3,3,3,4,3,3,3,4,4,4,4,3,3,3,3,3,3,3,3,3,3,4,4,4,3,3,3,3,3,3,3,3,3,3,3,3,3,3,3,3,3
-9,8,37,36,16,9,10,16,18,22,22,20,17,15,12,11,10,11,9,7,6,3,0,1,4,4,4,4,4,4,6,6,6,6,6,6,5,4,3,4,4,3,4,4,4,4,4,5,5,4,4,4,4,4,4,4,4,4,4,4,4,4,4,4,4,4,4,5,4,5,4,4,4,4,5,5,4,4,4,5,5,5,4,4,4,4,4,4,4,4,4,4,4,4,4,4,4,4,4,4
-17,-37,-16,13,28,33,25,13,8,10,13,13,14,14,12,7,2,0,0,0,0,2,5,6,6,7,7,5,3,4,3,4,3,3,3,3,3,3,3,4,4,4,4,4,4,3,3,3,4,4,3,3,4,4,4,4,4,3,3,3,4,4,4,3,3,4,3,3,3,3,4,4,3,3,3,3,3,4,4,4,4,4,4,4,4,3,4,3,3,3,4,4,4,4,4,4,4,4,4,4
-5,-14,-18,-15,-11,-7,-8,-11,-14,-18,-13,-6,4,14,20,23,23,19,15,11,6,0,-5,-10,-11,-6,-1,0,0,0,2,3,2,2,2,2,1,1,2,2,2,2,2,2,2,2,2,2,2,2,2,1,1,2,2,2,2,1,2,2,2,2,2,2,2,2,2,2,2,2,2,2,2,2,2,2,2,2,2,1,2,2,2,2,2,2,2,2,1,1,1,2,2,2,2,2,2,2,2,2
0,-8,-15,-15,-8,-3,0,0,0,2,3,3,3,2,1,0,0,1,1,1,1,2,3,3,3,3,3,2,2,1,1,1,2,2,2,2,3,2,2,2,2,2,1,2,2,2,2,2,2,2,2,1,1,1,2,2,2,1,1,1,2,1,1,1,1,1,2,2,2,1,1,2,2,1,1,2,2,1,1,1,2,2,2,2,2,1,1,1,1,1,1,1,1,1,1,1,1,1,2,1
-10,-5,1,10,20,28,30,28,26,22,18,18,22,26,25,23,23,24,21,17,20,19,15,16,18,17,13,10,8,7,5,0,0,3,2,1,2,2,3,3,3,4,4,4,3,3,2,2,2,2,2,2,2,2,2,3,3,3,3,2,3,3,2,2,3,3,3,3,3,2,3,3,3,3,3,3,2,2,3,3,3,3,3,3,2,2,3,3,3,2,3,3,3,3,3,3,3,3,3,2
-1,2,4,5,8,9,9,9,12,13,10,8,10,17,18,16,13,12,12,10,7,6,6,6,5,4,5,5,6,3,3,3,0,-1,-1,1,1,2,4,6,6,3,1,1,2,1,0,1,1,1,2,2,1,1,1,1,1,1,1,1,2,2,2,2,2,1,1,1,1,2,2,2,2,2,2,2,2,2,1,1,2,2,1,1,1,2,2,2,2,2,2,2,1,1,1,2,2,2,2,2
-1,-18,-35,-40,-25,-6,0,0,0,2,4,4,2,2,3,3,3,3,2,2,2,3,3,3,3,2,2,2,2,2,2,2,2,2,2,2,2,3,2,2,2,2,2,2,2,2,2,3,3,2,2,2,2,2,2,3,3,3,3,2,2,2,2,2,2,2,2,2,2,2,2,2,2,2,3,3,3,2,2,2,2,2,2,2,2,2,3,3,2,2,2,2,2,2,2,2,2,2,3,3
1,-15,-23,-24,-25,-22,-13,-4,1,2,2,3,5,7,7,7,7,6,6,5,4,4,4,4,4,4,4,4,4,4,4,4,3,3,3,3,3,3,3,3,3,3,4,4,4,3,3,3,3,3,3,3,3,4,4,4,4,4,3,3,3,3,2,3,3,4,4,4,4,4,4,4,3,3,3,3,3,3,3,3,3,3,4,4,4,4,4,3,4,3,3,3,3,3,3,3,3,3,3,3
0,-1,9,16,15,9,3,2,4,4,4,4,4,3,2,1,-1,-1,0,1,2,2,2,4,4,5,4,4,4,5,4,3,2,1,1,1,2,2,3,3,3,4,4,3,3,3,2,2,2,3,3,3,3,3,3,3,2,3,3,2,2,2,2,3,3,3,3,3,3,3,2,3,3,2,2,2,3,3,3,2,2,2,3,3,3,3,3,3,3,3,3,3,3,3,3,2,3,2,2,3
-5,31,40,33,26,22,17,12,7,4,3,4,4,3,2,1,1,0,0,-3,-1,0,1,1,1,1,2,3,4,4,4,3,3,4,3,2,2,2,2,2,2,2,2,3,3,3,3,3,3,3,2,3,2,2,3,3,3,3,3,3,3,3,3,3,2,3,3,3,3,2,2,2,2,3,3,3,3,2,2,3,3,3,3,3,3,3,3,3,3,3,3,3,3,2,3,3,3,3,3,3
-8,5,22,28,31,33,33,23,16,13,7,0,-4,-7,-8,-6,-4,-9,-6,-1,0,0,0,1,1,2,3,3,4,4,4,3,3,3,2,2,2,2,2,2,2,3,2,2,2,2,2,2,2,2,2,2,2,2,2,2,2,2,2,2,2,2,2,2,2,2,2,2,2,2,2,2,2,2,2,2,2,2,2,2,2,2,2,2,2,2,2,2,2,2,2,2,2,2,2,2,2,2,2,3
-1,0,5,7,7,8,9,10,10,11,14,14,14,13,11,12,13,12,9,7,6,7,7,5,5,5,3,-4,-2,0,0,0,0,0,1,1,2,2,3,4,4,2,1,1,1,0,1,1,2,2,2,2,1,2,2,2,1,1,2,2,2,2,2,2,2,2,2,1,1,2,1,1,1,1,1,1,1,2,2,2,1,1,2,2,1,1,1,1,1,2,2,2,1,1,2,2,1,1,1,1
-2,-6,-5,1,4,4,6,7,10,10,8,4,1,0,0,0,2,2,1,-2,-2,1,5,6,4,6,7,5,4,4,6,6,7,6,5,5,6,5,4,4,5,5,5,6,5,3,4,4,3,2,3,3,3,3,3,3,3,3,3,3,2,3,3,3,3,3,3,3,3,3,3,3,3,3,3,3,3,3,3,3,3,2,2,3,2,2,3,3,2,2,2,3,3,3,2,2,2,3,3,3
4,1,-6,-6,2,8,7,5,4,3,3,3,1,0,0,0,0,0,2,3,2,0,1,1,0,0,0,0,1,2,1,2,3,3,3,3,4,4,3,3,3,3,3,3,4,4,4,4,4,4,3,3,2,3,2,2,2,2,2,3,3,3,3,3,2,2,3,3,2,2,3,3,3,3,3,3,3,3,3,2,2,2,2,2,2,2,3,3,3,3,3,3,2,3,3,2,2,2,3,3
2,6,0,-5,0,3,3,2,3,5,5,4,4,3,2,1,0,0,0,-1,0,2,2,1,1,2,1,1,1,1,3,4,4,3,3,3,3,4,4,3,3,4,4,3,4,4,3,3,4,4,4,4,4,3,3,4,4,3,2,3,3,4,3,3,3,3,3,3,2,2,3,3,3,3,3,3,3,3,3,3,2,2,1,1,0,2,3,2,2,2,3,3,2,2,3,2,1,1,3,4
-10,-24,-32,-38,-47,-49,-42,-33,-21,-9,0,16,39,62,70,71,87,105,99,71,36,10,-2,-2,7,22,37,52,66,80,81,74,89,86,77,72,56,50,31,14,4,-14,-36,-45,-43,-27,-12,1,18,35,60,99,127,147,154,146,137,126,123,119,120,119,108,102,90,78,73,54,39,28,15,7,-4,-10,-13,-17,-17,-14,-11,-9,-5,-5,-1,0,4,8,5,3,5,5,2,2,4,4,3,2,1,2,2,2
-3,-13,-23,-41,-60,-74,-81,-81,-70,-45,-16,18,53,79,92,97,104,118,112,101,81,45,6,-15,-25,-20,-4,23,43,65,84,93,102,114,120,108,105,84,48,38,11,-10,-24,-44,-51,-38,-21,-5,14,36,65,89,110,137,146,145,133,120,113,118,107,91,84,76,56,35,26,8,-8,-7,-15,-23,-23,-22,-20,-17,-11,-4,-9,0,6,8,9,5,9,8,5,3,2,4,4,3,4,4,2,3,2,1,0,1
0,-10,-26,-39,-52,-65,-66,-62,-52,-33,-10,14,38,58,76,86,96,106,101,84,65,37,25,23,24,31,43,55,70,88,98,102,110,116,112,96,96,77,47,32,-8,-30,-41,-51,-51,-38,-21,-4,16,37,58,85,109,124,137,141,129,122,107,101,95,72,64,47,22,15,3,-16,-21,-28,-32,-29,-25,-18,-10,-7,-4,-7,0,3,0,2,2,1,3,5,2,1,2,2,2,1,1,1,1,0,0,2,3,3
-4,-14,-27,-40,-50,-59,-64,-65,-54,-35,-12,9,31,57,75,89,95,95,106,105,82,54,28,7,0,1,17,34,53,74,92,102,106,113,105,88,75,51,41,16,-19,-34,-47,-53,-44,-27,-7,14,40,71,102,127,147,154,145,134,116,102,98,79,58,48,33,20,6,-5,-15,-24,-28,-34,-31,-28,-25,-23,-20,-14,-14,-16,-8,0,3,4,0,1,0,-1,0,0,0,0,1,1,2,3,2,1,1,1,0,0
-5,-15,-24,-39,-55,-68,-77,-75,-64,-50,-26,6,34,61,78,81,90,102,101,81,63,36,13,5,-2,-3,7,23,35,46,63,80,85,86,90,79,71,54,41,15,2,-18,-29,-33,-36,-31,-11,8,23,40,61,79,99,122,143,151,143,129,119,106,83,66,62,43,34,30,12,-2,-3,-17,-28,-24,-24,-24,-19,-14,-15,-19,-9,-3,6,12,9,9,8,3,1,2,2,2,2,2,3,1,3,6,5,2,2,3
-2,-9,-20,-34,-51,-64,-70,-70,-62,-40,-14,14,45,65,79,90,96,96,80,63,44,17,-9,-22,-17,-4,15,32,51,75,90,93,100,111,108,103,91,72,43,22,6,-8,-21,-22,-11,4,22,39,62,82,92,104,124,140,145,146,138,130,117,109,105,107,100,88,84,73,49,39,34,16,8,3,0,-11,-20,-26,-29,-24,-16,-12,-5,2,7,4,1,1,3,2,1,0,2,3,2,1,1,1,2,2,1,1
4,-11,-32,-48,-67,-81,-80,-72,-54,-30,-1,31,57,71,85,92,96,83,56,21,-6,-15,-10,-3,10,25,46,74,94,99,105,109,89,81,62,45,22,0,-9,-13,-19,-21,-9,8,24,44,55,72,91,105,117,129,135,140,134,126,120,109,107,102,89,85,74,58,49,33,17,11,0,-10,-13,-11,-8,-9,-8,0,2,-2,-9,-9,-8,-10,0,6,2,2,4,3,4,6,5,5,4,4,4,4,3,2,3,2
3,-4,-22,-37,-50,-61,-63,-59,-48,-28,-5,18,44,63,76,82,79,87,79,60,33,5,-20,-26,-6,16,32,45,64,85,98,103,109,100,85,66,34,18,-4,-28,-43,-49,-47,-37,-20,0,18,42,65,86,101,119,137,139,138,129,120,106,91,88,84,67,59,52,39,32,22,11,10,1,0,1,-2,-5,-5,-6,-6,-2,0,-1,0,0,0,3,3,3,3,4,5,7,6,6,6,5,4,5,5,4,3,5
-1,-12,-23,-34,-46,-57,-60,-52,-35,-15,6,30,51,63,72,80,97,96,82,60,27,-3,-13,-8,6,27,52,81,99,111,118,108,78,47,13,-20,-46,-61,-89,-85,-70,-51,-25,0,25,54,76,94,115,139,147,135,123,119,113,105,93,83,66,48,41,31,8,2,-4,-6,-15,-22,-28,-25,-19,-13,-11,-13,-18,0,1,-2,0,4,5,5,5,4,4,5,5,2,2,3,4,3,2,2,4,3,3,3,4,4
-5,-16,-38,-53,-62,-69,-65,-50,-36,-21,-3,16,32,49,66,85,98,98,83,57,25,0,-15,-13,-3,12,29,53,79,89,93,99,88,75,55,37,13,-19,-38,-58,-62,-57,-47,-31,-12,6,24,41,59,80,95,112,136,148,147,137,125,110,103,99,95,94,86,84,75,53,42,25,6,5,-7,-14,-13,-10,-6,-5,-4,-3,-6,-4,-1,2,-1,-5,-2,2,0,0,2,3,3,4,6,6,6,7,6,6,5,4
-1,-14,-27,-36,-42,-48,-45,-37,-25,-7,10,19,27,31,43,61,68,75,81,87,100,103,93,72,30,-8,-14,-5,6,27,48,67,80,87,89,78,72,56,34,6,-8,-32,-59,-78,-90,-89,-69,-46,-28,-2,26,52,81,106,139,154,145,137,122,111,91,77,85,77,65,62,47,35,27,12,6,3,0,-3,-11,-9,-7,-9,-10,-7,-3,-4,-7,-1,0,0,0,1,5,6,4,6,8,7,4,4,5,2,1,3
-9,-24,-38,-49,-62,-73,-77,-68,-50,-29,-7,17,42,62,81,91,101,112,86,45,6,-36,-51,-44,-21,8,40,72,92,99,106,96,71,53,19,6,-36,-72,-93,-112,-117,-100,-83,-57,-24,6,39,71,93,113,136,150,138,118,104,106,114,113,105,91,75,47,33,30,14,-2,-15,-27,-30,-29,-27,-24,-18,-13,-11,-10,-7,-3,-3,-4,-1,2,0,0,1,3,4,3,3,4,5,6,5,4,4,4,2,2,2,3
-2,-14,-29,-41,-55,-81,-97,-96,-82,-55,-23,5,35,59,79,102,104,96,99,70,36,-13,-50,-62,-53,-33,-9,16,42,68,97,112,111,113,113,100,89,66,51,35,12,-3,-23,-35,-39,-38,-31,-13,3,18,41,67,90,106,121,128,126,117,110,97,92,80,64,50,36,24,14,9,2,-4,-5,-1,-2,-4,-2,-3,-8,-7,0,1,-4,0,6,5,4,4,7,6,4,5,7,5,3,3,4,3,2,3,1,1
-5,-14,-23,-38,-58,-79,-93,-94,-83,-59,-30,6,41,64,78,88,95,95,90,97,101,65,62,31,-26,-70,-101,-116,-124,-108,-83,-48,-9,27,59,81,92,102,110,105,89,81,71,56,42,31,20,4,-10,-18,-20,-28,-26,-22,-16,-9,-1,1,4,7,11,7,2,1,1,1,-1,0,0,-1,-2,0,0,1,3,4,4,3,3,3,3,2,0,1,1,2,2,1,2,3,2,2,3,2,1,2,2,2,2,2
-13,-23,-29,-34,-40,-43,-38,-32,-25,-13,4,12,37,49,75,87,97,98,85,66,51,37,17,15,27,39,62,87,107,117,127,115,100,87,65,41,17,-5,-25,-46,-59,-60,-43,-21,5,32,57,83,103,116,137,145,132,121,115,105,97,82,68,66,48,34,24,13,8,1,-1,-1,-5,-6,-2,-3,-10,-12,-30,-18,-6,3,6,6,5,4,2,1,0,0,1,1,2,3,3,5,4,4,3,2,2,2,2,1
-15,-20,-29,-39,-53,-63,-65,-65,-59,-50,-26,-1,25,48,72,91,99,106,115,99,73,45,25,8,-4,-4,7,26,50,81,102,113,122,121,115,105,78,54,40,23,9,-5,-13,-12,-2,11,30,48,66,79,98,115,124,125,128,125,119,112,96,81,70,53,44,37,23,15,13,3,0,0,2,-1,0,-3,-4,-3,-2,-2,-2,0,0,2,2,2,3,3,3,4,4,2,2,3,3,1,1,2,2,1,2,3
-5,-19,-33,-43,-54,-68,-70,-63,-50,-31,-8,19,42,63,83,95,93,97,108,113,87,61,36,18,7,8,20,38,57,78,89,94,88,68,53,36,31,24,-1,-10,-17,-39,-54,-48,-34,-19,-3,19,39,60,76,87,106,126,137,134,128,123,110,115,107,88,83,68,55,51,40,32,26,23,15,9,6,3,1,0,0,-1,-4,-6,-5,-5,-4,-2,-1,0,1,2,2,2,2,2,2,2,2,2,2,2,2,1
-10,-18,-27,-40,-56,-68,-73,-68,-57,-35,-10,15,42,71,92,107,107,91,71,42,18,-11,-11,6,25,49,70,89,94,105,99,80,65,49,39,23,12,2,-12,-25,-22,-9,3,18,37,55,65,79,92,106,121,140,143,138,132,123,112,103,90,76,69,58,45,39,34,30,25,23,16,11,11,8,3,2,3,3,2,4,6,5,4,7,7,6,7,7,8,6,5,5,4,5,4,3,4,4,5,4,4,5
-9,-17,-25,-35,-38,-38,-36,-30,-19,2,21,39,54,68,79,87,91,93,91,91,79,59,34,11,0,-8,-10,-5,9,23,41,61,80,95,110,119,119,114,102,91,72,54,43,29,15,0,-9,-10,0,13,35,52,64,73,82,84,80,79,72,67,61,54,50,41,33,24,18,14,7,2,1,1,0,1,4,3,2,1,1,0,-1,-1,0,0,0,0,2,2,2,3,3,2,0,0,1,1,0,0,0,1
-15,-25,-32,-38,-47,-54,-52,-44,-34,-20,-4,13,37,56,70,78,87,93,98,100,88,70,68,71,71,75,82,85,87,91,87,80,70,62,41,23,3,-6,-23,-36,-40,-36,-27,-13,3,19,31,40,55,68,78,91,106,117,122,122,117,108,101,104,101,90,86,76,60,54,50,38,30,24,16,10,10,7,2,0,0,-2,-3,-2,-1,0,-2,-2,0,3,3,3,3,3,2,1,0,0,0,0,1,1,0,0
-17,-73,-103,-118,-125,-129,-131,-132,-133,-131,-96,-36,29,30,114,191,168,263,145,125,4,-62,-97,-89,-47,-42,-20,-12,2,8,5,-3,6,15,10,30,33,16,8,-7,-24,-29,-33,-26,-23,-27,-26,-23,-20,-16,-12,-7,-3,-1,0,0,0,2,3,3,3,2,1,0,1,2,1,1,2,2,1,1,1,0,0,0,0,0,0,0,0,0,1,1,0,0,0,0,1,0,0,0,0,0,0,1,1,1,1,1
-28,-80,-106,-119,-126,-130,-132,-133,-133,-109,-45,31,0,107,178,162,260,184,130,25,-52,-92,-98,-86,-77,-39,-37,-25,-11,-20,-23,3,50,74,88,56,11,-9,-12,-36,-35,-45,-51,-33,-30,-25,-20,-10,-7,-6,-6,-4,0,1,2,2,1,1,2,2,2,1,1,1,2,2,1,0,0,0,1,2,1,1,1,0,1,2,2,2,1,0,0,0,0,0,1,2,2,1,1,0,0,0,0,0,0,1,1,1
-29,-80,-106,-120,-126,-130,-132,-133,-133,-114,-42,24,40,177,188,248,225,146,80,-24,-77,-93,-99,-83,-36,-30,-30,-20,-13,-23,-29,0,41,79,108,95,74,50,31,18,13,7,-2,-1,-9,-19,-18,-13,-7,2,1,-3,-2,0,1,0,-1,-1,0,0,1,0,0,0,1,1,1,1,1,2,2,1,0,0,0,0,0,0,0,0,0,0,0,0,1,0,0,1,1,0,0,0,0,0,0,0,0,0,0,0
-39,-85,-109,-121,-127,-130,-132,-133,-132,-95,-48,7,47,146,234,224,292,293,203,101,21,-54,-93,-111,-100,-72,-26,-6,-7,-12,-33,-41,-14,47,112,146,151,138,100,58,25,2,-12,-23,-32,-35,-35,-32,-27,-19,-13,-9,-5,-2,0,2,3,2,1,0,1,1,1,1,0,0,0,0,0,0,1,1,0,0,1,1,1,1,1,0,0,0,0,0,0,0,0,0,0,0,0,0,0,1,1,1,1,0,0,0
-37,-84,-108,-121,-127,-130,-132,-133,-133,-102,-49,-23,4,178,141,162,251,218,143,99,-2,-66,-99,-116,-96,-37,2,8,11,23,13,-14,-15,26,74,116,121,106,84,60,49,24,3,-6,-35,-46,-37,-26,-24,-23,-22,-19,-15,-11,-8,-7,-5,-3,-1,0,0,0,0,0,0,-1,-1,-1,0,0,0,0,0,-1,-1,-1,0,0,0,0,0,-1,-1,0,0,0,0,0,0,0,0,-1,0,0,0,0,-1,0,0,0
-48,-90,-111,-122,-128,-130,-132,-133,-133,-103,-44,3,37,136,163,191,230,212,154,109,3,-63,-98,-85,-51,-36,-3,19,26,25,16,8,24,66,97,111,70,0,-25,-44,-43,-22,-36,-30,-23,-20,-18,-20,-12,-9,-8,-6,-3,-1,0,0,0,3,5,5,5,3,2,1,0,0,-1,0,0,0,0,0,0,0,0,0,0,1,2,1,0,1,1,1,0,0,0,0,0,0,1,1,1,0,0,0,1,1,1,1
-41,-86,-109,-121,-127,-130,-132,-133,-133,-133,-114,-51,36,153,203,188,233,241,183,154,37,-46,-89,-110,-101,-82,-38,-19,-7,-4,-3,6,25,47,35,29,13,1,0,-8,-8,-13,-16,-14,-12,-6,-2,-1,0,0,0,1,2,3,4,3,3,4,4,4,3,3,3,3,2,2,3,2,1,1,2,3,3,3,3,3,2,2,2,2,2,1,1,1,2,2,2,2,1,1,2,2,2,2,1,2,1,1,1,1
-30,-78,-105,-119,-126,-130,-132,-132,-131,-108,-59,-7,48,117,201,220,242,238,209,153,72,-28,-79,-103,-87,-46,-4,19,28,13,0,-4,11,55,90,106,82,44,11,-3,-3,-7,-3,-4,4,-1,-1,-2,-6,-7,-5,-3,-3,-5,-5,-3,-1,0,1,1,1,1,1,2,3,1,0,0,0,0,0,0,0,0,1,0,0,0,0,1,1,1,0,0,1,0,0,0,0,2,3,1,1,0,0,-1,0,0,0,0
-35,-81,-107,-120,-127,-130,-132,-133,-132,-113,-71,-13,50,118,191,246,247,255,247,197,134,14,-57,-95,-92,-57,-23,15,24,27,20,6,4,30,58,71,49,24,1,-9,-13,-12,-1,0,0,0,-5,-11,-17,-15,-12,-9,-9,-8,-4,-1,0,0,0,0,0,0,1,1,2,1,1,1,0,0,0,0,0,0,0,0,1,1,1,1,0,0,1,1,0,0,0,0,1,0,1,0,1,1,1,1,0,0,0,0
-36,-84,-108,-120,-127,-130,-132,-133,-133,-133,-89,-9,44,131,176,184,205,175,157,93,-17,-74,-103,-114,-99,-62,-33,-20,-6,9,14,15,34,49,73,60,34,11,-7,-13,-13,-13,-12,-11,-7,-2,4,7,7,4,3,3,2,2,2,2,2,1,1,0,0,0,1,1,1,1,2,1,2,2,1,1,0,0,0,0,0,1,1,1,1,1,1,1,1,1,1,1,1,1,1,1,1,1,1,1,1,1,1,0
-51,-91,-112,-122,-128,-131,-132,-133,-133,-115,-36,39,92,160,193,234,222,219,149,55,-33,-82,-103,-68,-35,-8,21,35,47,32,18,20,33,63,67,62,50,36,32,32,32,33,33,29,22,16,6,-2,-3,-3,-5,-6,-6,-5,-3,-1,-1,0,0,0,0,0,-1,-1,-1,-1,-1,0,0,0,0,0,0,0,0,0,0,0,0,0,0,0,0,0,0,-1,-1,-2,-2,-1,0,0,0,0,-1,-1,-1,-1,0,0
-41,-86,-109,-121,-127,-130,-132,-133,-133,-133,-64,39,113,147,188,207,200,166,128,30,-49,-90,-100,-87,-43,-9,2,12,16,11,-4,0,31,79,104,114,113,88,83,80,78,70,57,52,46,36,22,6,-11,-13,-10,-9,-7,-7,-7,-9,-9,-9,-9,-8,-6,-5,-4,-3,-1,-1,-1,-1,-1,-1,-1,0,0,0,-1,-1,-1,-1,-1,-1,-2,-2,-2,-2,-2,-2,-2,-2,-1,0,0,-1,-1,-1,-1,-1,-1,-1,-1,-1
-74,-103,-118,-125,-129,-131,-132,-133,-133,-112,-28,16,114,139,149,168,156,100,36,-46,-89,-109,-67,-45,-33,-12,10,26,35,30,16,14,33,73,88,87,77,55,37,21,6,0,0,-5,-15,-22,-26,-25,-20,-13,-9,-8,-8,-7,-7,-5,-3,-2,-2,-1,0,1,1,1,1,1,1,1,0,0,0,0,0,0,-1,-1,-1,-1,-1,0,0,0,0,0,0,0,0,0,0,0,0,0,0,0,0,0,0,0,0,0
-44,-87,-110,-121,-127,-130,-132,-133,-133,-132,-85,-5,61,139,163,196,214,203,153,133,15,-57,-94,-98,-70,-38,0,22,33,35,40,40,35,27,41,52,49,51,45,46,48,45,33,16,11,10,3,-6,-10,-14,-13,-9,-7,-6,-4,-5,-7,-5,-3,-1,0,-1,-2,-1,0,0,0,0,-1,-1,-2,-2,-2,-2,-1,-1,-2,-1,-1,-1,-1,-1,-1,-1,-1,-1,-1,-1,-1,-1,-1,-1,-1,-1,-1,-1,-1,-1,-1,-1
-36,-84,-108,-120,-127,-130,-132,-133,-133,-126,-66,13,91,139,204,217,238,250,196,197,78,-20,-75,-91,-34,-19,-5,26,27,17,25,36,36,33,25,22,46,59,75,78,52,38,28,23,29,25,14,13,14,15,9,0,-5,-9,-9,-8,-5,-2,-1,0,0,0,0,0,0,0,0,-2,-3,-1,1,0,0,-1,-1,-1,-1,-2,-1,-1,0,0,0,0,0,0,0,0,0,0,0,0,-1,-1,-1,-1,-1,-1,0,0
-50,-91,-112,-122,-128,-131,-132,-133,-133,-105,4,104,153,185,235,246,221,173,65,-32,-81,-107,-84,-67,-35,-12,-3,3,0,-7,-7,13,46,60,70,51,27,21,14,11,11,9,4,-5,-3,0,6,6,6,5,4,2,0,-4,-6,-4,-2,-1,-1,0,0,1,2,1,1,1,0,0,0,0,0,0,0,0,0,0,0,0,-1,-1,0,0,0,0,0,0,0,0,0,0,0,0,0,0,0,0,0,0,0,0
-41,-86,-109,-121,-127,-130,-132,-133,-133,-95,-15,57,145,206,227,267,259,219,154,54,-37,-84,-102,-73,-46,-30,-17,-17,-16,-10,-11,-13,-3,29,67,79,77,55,41,25,11,-3,-11,-18,-21,-16,-14,-13,-12,-12,-11,-9,-7,-5,-4,-3,-2,-1,0,0,0,0,0,0,0,0,0,0,-1,-1,-1,-1,-1,0,0,0,0,0,0,0,0,0,0,0,0,0,0,0,0,0,0,0,-1,-1,0,0,0,0,0,0
-56,-94,-113,-123,-128,-131,-132,-133,-133,-109,-41,30,95,172,183,214,195,152,147,64,-32,-81,-104,-86,-60,-36,-1,9,9,9,8,1,24,36,60,96,89,73,58,34,20,9,6,-7,-18,-18,-15,-11,-9,-9,-11,-11,-8,-6,-4,-2,-1,0,0,0,-1,-1,0,0,0,0,0,0,-1,-1,-1,-1,-1,-1,0,0,0,0,0,0,0,0,0,0,0,-1,-1,-1,-1,-1,0,0,0,0,0,0,0,0,0,0
-68,-100,-116,-125,-129,-131,-132,-133,-132,-90,-11,77,107,156,182,219,248,221,161,122,11,-59,-95,-84,-59,-46,-21,-3,0,1,0,1,16,27,49,47,43,48,35,27,18,8,2,7,6,2,0,-10,-17,-16,-13,-9,-5,-3,-1,-1,-2,-3,-4,-4,-4,-3,-1,0,0,0,0,0,0,0,0,1,1,1,1,1,1,0,0,0,0,0,0,0,0,0,0,0,0,0,0,0,0,0,0,0,1,1,1,1
-51,-91,-112,-122,-128,-131,-132,-133,-131,-103,-61,-5,68,148,192,209,233,230,199,108,-9,-70,-101,-78,-59,-10,6,11,17,13,10,20,36,54,42,40,31,17,4,-10,-14,-16,-12,-11,-16,-23,-26,-24,-21,-19,-18,-17,-16,-13,-8,-2,0,2,3,2,1,0,-1,0,0,0,0,0,0,0,0,0,0,0,1,2,1,0,0,-1,-3,-2,-1,0,-1,-2,-1,-1,-1,-1,0,0,0,0,-1,-1,-1,-1,-1,-1
-7,-58,-95,-114,-123,-128,-131,-132,-133,-133,-133,-112,-82,18,98,130,156,165,135,85,50,0,-55,-44,-16,-17,-30,-47,-79,-96,-94,-87,-84,-63,-46,-34,-21,-13,-8,-4,-1,0,-1,-1,0,1,2,1,0,0,0,0,0,2,1,0,0,0,-1,-1,0,0,0,0,0,0,0,0,-1,0,0,0,0,0,0,-1,-1,0,1,1,0,0,-1,-1,0,0,0,0,-1,-1,-1,-1,0,-1,-1,-1,-1,0,0,0
1,3,-13,-53,-92,-112,-123,-128,-131,-132,-133,-133,-133,-133,-110,-51,26,127,156,166,185,157,129,87,46,37,26,23,23,16,1,-16,-9,-5,-30,-48,-52,-55,-60,-54,-42,-32,-23,-16,-10,-6,-3,0,1,2,2,0,0,1,2,2,1,0,0,0,0,0,0,0,0,0,0,0,0,0,0,0,0,0,0,0,0,0,0,0,0,0,0,0,0,0,0,0,0,0,0,0,0,0,0,0,0,0,-1,0
-21,-47,-85,-109,-121,-127,-130,-132,-133,-133,-133,-133,-133,-99,-30,99,163,187,193,179,149,116,77,33,28,42,51,46,39,32,16,8,2,-14,-31,-43,-48,-52,-51,-40,-29,-23,-18,-12,-6,-2,0,1,2,1,1,1,1,0,0,0,0,0,0,1,1,1,1,1,1,1,1,1,1,1,0,0,0,0,0,0,0,0,0,0,0,0,1,0,0,0,0,0,1,1,0,0,0,0,0,0,0,0,0,0
-58,-91,-112,-122,-128,-131,-132,-133,-133,-133,-133,-103,-31,57,136,182,209,216,217,211,194,170,150,124,94,83,72,54,45,40,29,23,13,9,-16,-46,-63,-80,-74,-53,-35,-23,-16,-9,-4,-2,0,0,0,0,0,2,3,3,3,2,2,1,0,0,1,0,0,0,0,0,0,-1,-4,0,4,3,1,0,0,0,0,0,0,0,0,1,0,0,1,1,0,0,0,0,0,-1,-1,0,0,0,0,0,0,0
-54,-69,-98,-115,-124,-129,-131,-132,-133,-133,-133,-117,-48,4,89,155,196,228,230,232,229,218,201,171,130,89,57,34,26,25,28,28,12,17,5,-14,-38,-69,-96,-95,-69,-44,-28,-16,-7,-1,1,2,1,0,0,0,0,0,0,0,0,0,1,1,0,0,0,0,0,0,0,0,1,1,1,1,1,1,0,0,0,0,0,0,0,0,0,0,0,0,0,0,0,0,0,0,0,0,0,0,0,0,0,0
-34,-51,-85,-109,-121,-127,-130,-132,-133,-133,-133,-133,-131,-94,-47,34,84,152,205,224,225,226,227,218,197,171,131,83,49,29,20,13,17,6,-15,-31,-42,-56,-90,-111,-107,-73,-47,-36,-26,-15,-4,1,2,0,0,-1,0,0,-1,-1,0,0,1,1,0,0,1,1,1,1,1,1,0,0,0,1,1,1,1,0,0,0,0,0,0,0,0,0,0,0,0,0,0,0,1,1,1,1,1,1,1,0,0,0
-43,-63,-74,-103,-118,-126,-129,-131,-132,-133,-120,-75,-20,46,128,174,203,215,221,221,211,179,132,69,31,13,7,2,-21,-19,-24,-32,-38,-55,-88,-107,-95,-70,-48,-31,-21,-15,-9,-2,2,2,1,0,0,0,0,0,0,0,1,2,2,1,0,0,0,0,0,0,0,0,0,0,0,0,0,1,2,1,1,0,0,0,0,0,0,0,0,0,0,0,0,0,0,0,0,0,0,0,0,0,0,0,0,0
-47,-82,-101,-117,-125,-129,-131,-132,-133,-133,-126,-74,-31,46,122,167,205,211,220,230,230,228,221,199,156,112,77,55,37,30,8,-18,-23,-36,-53,-74,-90,-89,-85,-55,-27,-15,-10,-6,-3,0,2,3,2,2,2,2,2,2,1,2,3,2,1,0,0,0,0,1,1,1,1,0,0,0,0,0,0,0,0,0,0,1,1,0,0,1,1,1,1,1,0,0,0,0,0,0,0,0,0,0,0,0,1,1
-63,-67,-100,-116,-125,-129,-131,-132,-133,-133,-121,-72,-16,58,115,168,202,217,218,227,234,239,232,204,169,125,71,31,11,9,22,12,-24,-44,-58,-78,-101,-117,-118,-85,-51,-34,-24,-13,-9,-7,-3,-1,0,0,0,-2,-2,-2,-2,-1,0,0,2,3,4,5,4,3,1,0,0,0,0,0,0,0,0,1,2,2,2,3,2,1,0,0,0,0,0,0,0,0,0,0,0,0,1,1,0,0,0,0,0,0
-76,-104,-119,-126,-130,-131,-132,-133,-133,-133,-131,-101,-24,61,151,185,192,196,192,165,134,84,40,14,-4,-20,-16,-25,-32,-26,-40,-61,-78,-90,-87,-69,-47,-32,-25,-20,-15,-9,-4,-2,-1,0,0,0,0,0,0,0,0,1,1,1,0,0,0,0,-3,-4,-1,2,2,1,1,1,0,0,-1,-1,-1,0,0,0,0,1,2,1,0,0,0,0,-1,-1,-2,-2,-2,-1,0,0,0,0,0,1,1,1,0,0
-73,-103,-118,-125,-129,-131,-132,-133,-133,-133,-94,-39,18,63,124,167,176,183,182,169,144,114,78,42,24,22,24,31,21,-8,-26,-16,-35,-62,-82,-91,-81,-60,-39,-27,-20,-13,-8,-4,-2,-1,0,0,-2,-3,-4,-2,0,0,0,-1,-2,-2,-1,0,0,0,1,1,1,0,0,-1,-2,-3,-2,-1,0,0,0,0,0,0,0,-1,-1,-1,-1,-1,0,0,0,0,0,-1,0,-1,-1,0,0,0,0,0,0,0
-47,-70,-86,-109,-121,-127,-130,-132,-133,-133,-133,-93,-24,8,80,124,141,153,171,185,192,181,161,131,98,73,52,36,30,39,50,48,40,-4,-42,-63,-88,-109,-103,-69,-37,-21,-13,-8,-7,-5,0,2,3,3,2,0,0,0,-1,-2,-1,1,2,1,0,0,1,2,2,1,0,0,0,0,0,-1,-2,-1,0,0,0,0,0,0,0,0,0,0,0,0,1,1,0,0,0,0,0,0,0,0,0,0,0,0
-64,-89,-111,-122,-128,-130,-132,-133,-133,-133,-133,-105,-34,80,153,186,191,192,205,204,191,174,151,118,92,70,40,14,9,4,-11,-39,-51,-56,-61,-60,-57,-48,-32,-20,-14,-8,-4,0,4,4,4,5,5,6,6,6,4,4,4,2,3,4,6,4,2,1,2,2,1,1,1,1,1,2,2,1,2,2,2,2,2,2,2,2,2,2,2,2,1,1,1,1,1,1,1,0,1,1,1,1,1,1,2,1
-30,-44,-61,-82,-107,-120,-127,-130,-132,-133,-133,-133,-128,-83,-26,32,117,169,201,220,227,230,211,186,164,136,105,88,74,54,31,23,5,-3,-14,-42,-57,-71,-74,-72,-61,-46,-29,-21,-12,-3,-1,1,3,3,3,2,1,0,0,0,0,0,0,1,2,2,1,2,1,0,0,0,0,0,1,1,1,1,1,1,1,2,2,2,2,1,1,0,0,0,0,0,0,0,0,0,0,1,1,1,1,0,1,1
-5,-12,-29,-59,-94,-113,-123,-128,-131,-132,-133,-133,-133,-130,-90,-49,-21,67,125,185,201,213,217,206,198,181,160,134,112,91,63,53,32,0,-8,-17,-19,-28,-43,-56,-59,-60,-58,-51,-40,-28,-18,-10,-5,-2,0,1,2,3,3,3,3,3,3,2,2,4,1,2,3,3,2,2,2,2,2,2,2,1,1,1,1,1,1,1,2,2,2,1,0,0,0,1,2,2,2,2,2,1,1,1,0,1,1,1
-7,-21,-29,-37,-69,-101,-117,-125,-129,-131,-132,-133,-133,-133,-119,-77,-33,32,114,161,183,195,205,217,204,182,154,111,69,32,8,-32,-42,-59,-91,-103,-105,-119,-126,-122,-94,-65,-41,-23,-13,-7,-4,-2,-1,0,0,2,1,0,-1,-2,-2,-1,-1,0,0,1,0,0,0,0,0,0,0,0,0,0,0,0,0,0,0,0,0,0,0,0,0,0,0,0,0,0,0,0,0,0,0,0,0,0,0,0,0,0
3,3,-15,-54,-93,-113,-123,-128,-131,-132,-133,-133,-133,-130,-100,-59,-21,52,95,130,153,172,190,200,191,175,150,120,91,68,44,30,9,-10,-23,-39,-71,-75,-82,-75,-59,-44,-33,-21,-11,-6,-3,-1,-1,0,0,2,4,3,1,0,0,0,0,1,3,4,4,2,1,0,0,0,0,0,0,0,0,0,0,1,1,0,0,0,0,0,0,0,0,0,0,0,0,0,0,0,0,0,0,0,0,0,0,0
-65,-96,-114,-124,-128,-131,-132,-133,-133,-123,-63,3,48,96,127,145,162,172,193,207,211,202,185,158,121,83,50,33,26,0,-22,-37,-61,-79,-80,-82,-85,-84,-66,-46,-29,-18,-9,-4,-4,-1,0,2,3,2,0,-1,-1,0,1,3,4,5,1,0,3,5,4,1,0,0,0,0,0,0,0,1,1,0,0,0,0,0,0,0,0,0,0,0,0,0,0,1,1,1,1,1,1,1,1,1,0,0,0,0
-55,-91,-112,-122,-128,-131,-132,-133,-133,-133,-133,-121,-83,-23,78,138,166,185,198,200,190,175,157,134,116,105,90,71,59,55,35,0,-13,-19,-26,-54,-81,-92,-77,-55,-39,-26,-16,-8,-3,2,3,2,2,2,1,0,0,1,0,0,0,0,0,0,0,0,0,1,1,1,0,1,2,1,1,1,0,0,0,1,1,0,0,0,0,0,0,-1,-1,0,1,1,1,1,1,1,0,0,0,0,0,0,0,0
-35,-63,-97,-115,-124,-129,-131,-132,-133,-118,-82,-67,-43,-12,61,122,166,184,200,211,205,185,156,116,61,24,8,-4,-28,-35,-41,-61,-75,-93,-113,-119,-98,-66,-42,-30,-20,-11,-5,0,2,1,0,0,0,0,0,0,0,-1,-1,0,0,0,0,1,1,0,0,0,0,0,0,0,0,0,0,0,0,0,0,1,1,0,0,0,0,0,0,0,0,0,0,0,0,0,0,0,0,0,0,0,0,0,0,0
3,5,4,5,12,25,32,27,-20,-75,-104,-118,-110,57,60,65,101,101,86,78,76,72,65,45,33,17,17,22,16,14,15,14,10,6,3,1,0,0,1,0,1,1,0,0,0,0,1,2,2,1,0,0,1,1,1,1,0,0,1,1,2,2,3,3,3,3,3,3,2,2,2,1,1,1,1,2,2,2,2,2,1,1,1,1,2,2,2,2,2,2,2,2,1,1,2,2,1,1,1,1
-13,-14,-1,-2,-31,-74,-99,-95,-86,87,80,86,118,114,98,98,86,78,74,61,49,30,13,3,-2,-2,0,-3,-11,-15,-16,-13,-8,-4,-2,0,1,3,1,0,0,0,1,2,1,0,1,1,1,0,0,0,0,0,0,0,0,0,0,1,1,1,1,1,0,0,0,0,0,1,0,0,0,0,0,0,0,0,0,0,0,0,0,0,0,1,2,1,1,1,-1,-2,-1,0,0,0,0,0,0,0
-36,-16,-3,-19,-55,-88,-77,-52,-61,84,45,64,98,91,75,64,60,58,47,28,8,-18,-36,-41,-41,-34,-24,-18,-12,-8,-8,-7,-3,0,0,1,0,0,1,1,1,1,0,0,0,-1,-1,-1,0,1,1,1,1,1,1,0,0,0,0,0,0,0,0,1,0,0,0,0,1,1,1,0,0,0,0,0,0,0,0,0,0,0,0,0,0,0,0,0,0,0,0,0,0,0,0,0,0,0,0,0
-33,-36,-39,-41,-40,-64,-79,-66,-79,120,68,71,102,97,84,76,69,63,42,38,24,10,1,-4,-7,-6,-3,0,-1,0,0,-3,-5,-7,-7,-4,-2,-1,0,1,1,2,2,1,1,0,0,0,0,1,1,1,1,1,1,1,2,1,1,1,0,0,0,0,0,0,1,1,1,1,1,0,1,1,1,1,1,1,0,0,0,0,0,0,0,0,0,0,0,0,0,0,0,0,0,0,0,0,0,0
-15,-7,-3,-1,-22,-46,-50,-46,-36,23,59,58,82,83,78,82,76,82,77,68,34,15,19,15,10,3,-3,-5,-4,-3,-1,-2,-2,-4,-5,-3,0,2,2,1,1,0,0,-1,-2,-2,-1,0,0,0,0,0,0,0,0,0,0,0,0,0,0,0,0,0,1,1,1,0,0,0,0,0,0,0,0,0,0,0,0,0,0,1,1,0,0,0,0,0,0,0,0,0,0,0,0,0,0,0,0,0
-18,-3,9,1,-21,-69,-95,-96,-20,66,28,74,93,78,73,69,75,62,54,40,15,4,0,-3,-5,-5,-7,-7,-2,1,0,-1,-2,-1,2,0,-1,0,-1,-1,-1,0,0,0,0,0,1,1,1,1,1,0,0,0,0,0,0,1,1,0,0,1,2,3,2,1,0,0,0,0,0,0,1,1,0,0,0,0,0,0,0,0,0,0,0,0,0,0,0,0,0,0,0,0,0,0,0,0,0,0
-13,-14,-3,-2,-24,-53,-60,-52,-5,52,36,70,83,83,84,84,79,75,66,49,39,28,14,2,-10,-16,-14,-9,-6,-4,-1,0,0,0,0,1,0,0,0,-2,-2,-1,-1,0,1,2,3,4,4,3,3,3,3,3,3,3,3,3,3,3,2,2,3,2,2,2,2,2,2,2,2,2,2,1,1,2,2,2,2,2,2,2,2,2,2,2,2,2,2,2,2,2,2,2,2,1,1,2,2,2
-19,-34,-40,-38,-34,-54,-82,-87,-95,25,36,47,69,78,84,88,86,81,74,65,43,30,22,12,5,-6,-17,-18,-14,-11,-7,-4,-2,-1,0,0,-1,-4,-6,-6,-5,-2,0,1,1,0,-2,-3,0,1,1,1,2,2,1,0,0,0,0,0,0,0,0,0,0,0,0,0,0,0,0,0,0,0,0,0,0,0,0,0,0,0,0,0,0,0,0,0,0,0,0,0,0,0,0,0,0,0,0,0
-31,-37,-30,-32,-62,-96,-105,-88,-99,60,33,41,67,77,83,83,78,81,74,61,47,36,26,13,2,0,-2,-5,-6,-6,-7,-7,-5,-3,-1,0,0,0,0,0,0,0,1,1,0,0,0,1,1,2,3,3,2,2,3,2,2,2,2,1,1,1,1,1,2,2,1,1,1,2,2,2,1,1,1,1,1,1,1,1,1,1,1,1,1,2,2,2,1,1,1,1,1,1,1,1,1,1,1,1
-13,-9,1,-2,-19,-54,-83,-98,-114,38,67,53,64,94,111,108,95,93,84,73,60,35,16,5,-1,-5,-7,-11,-11,-9,-9,-7,-5,-3,-1,1,4,5,4,2,0,0,0,-1,-3,-3,-1,0,1,0,1,1,1,0,0,0,1,2,2,1,1,1,1,1,1,0,0,0,0,0,0,0,0,0,0,0,0,0,0,0,0,0,0,0,0,0,0,0,0,0,0,0,0,0,0,0,0,0,0,0
-5,9,20,7,-23,-53,-65,-88,-23,114,38,40,77,85,83,91,94,87,65,60,53,41,38,29,11,2,-1,0,0,0,-2,-4,-5,-3,0,4,4,3,3,4,5,5,4,2,1,0,1,3,5,5,7,8,8,5,4,4,4,4,5,5,5,6,6,6,6,6,5,4,4,4,3,3,3,4,4,4,5,5,4,4,5,4,3,3,4,3,4,4,4,4,4,4,3,4,4,3,3,3,3,3
-16,-14,4,4,-30,-73,-99,-116,-37,89,50,71,94,97,94,93,90,86,72,58,47,31,17,7,-1,-7,-6,-6,-12,-19,-20,-17,-11,-5,-2,0,0,0,2,3,3,3,2,3,2,1,0,0,0,0,1,2,2,2,2,2,3,2,2,2,2,2,2,1,1,2,2,2,2,1,1,1,1,1,1,2,2,1,1,1,2,2,2,2,2,2,1,1,1,1,1,1,1,1,1,1,1,1,1,1
-12,2,20,2,-33,-63,-81,-99,-9,65,72,98,110,113,109,99,94,84,68,58,43,22,8,3,2,0,-4,-7,-7,-6,-4,-2,-3,-5,-7,-8,-6,-4,-2,-3,-2,-1,0,2,2,2,1,0,0,-1,-2,-1,0,1,0,0,0,-1,-1,0,1,2,3,2,1,0,0,0,1,1,1,1,0,0,0,0,0,0,0,0,0,0,0,0,0,0,0,0,0,0,0,0,0,0,0,0,0,0,0,0
-28,-40,-29,-14,-17,-60,-94,-101,-50,92,47,70,90,88,88,86,85,75,56,42,30,15,0,-6,-10,-16,-18,-18,-17,-16,-14,-10,-8,-4,-2,0,0,0,1,1,0,0,0,0,0,0,-1,0,0,0,0,0,0,0,0,-1,-2,-2,-1,0,0,0,0,0,0,0,0,0,0,0,0,0,-1,-1,0,0,0,0,0,0,0,0,0,0,0,0,0,0,0,0,0,0,0,0,0,0,0,0,0,-1
-34,-28,-2,-12,-64,-98,-116,49,89,47,87,108,113,120,121,115,108,85,77,68,51,41,31,17,8,4,1,-5,-9,-9,-6,-2,1,5,4,0,-2,-3,-3,-2,-1,0,0,0,0,0,1,3,5,5,4,3,3,3,3,4,3,3,3,3,4,6,7,5,5,4,3,3,3,4,4,4,4,4,4,4,4,3,3,3,3,3,4,4,4,4,4,3,4,4,4,4,4,3,3,3,3,3,4,3
0,1,6,6,-5,-27,-45,-53,-74,74,76,64,83,87,89,90,104,109,91,78,64,43,26,12,2,-5,-8,-8,-6,-4,-4,-5,-4,-2,1,2,2,3,2,2,2,1,1,1,1,1,1,0,-2,-2,-2,-2,-1,0,0,1,1,1,1,1,1,2,2,3,3,4,3,1,0,-1,0,0,1,2,1,0,0,0,0,0,0,0,0,0,0,0,0,1,1,0,0,0,1,1,1,2,2,1,0,0
-11,-5,17,16,-10,-39,-57,-65,-83,11,59,83,104,115,109,102,97,83,66,52,34,15,-2,-10,-14,-14,-14,-18,-22,-22,-18,-13,-9,-5,-2,-1,0,0,1,0,0,0,0,0,1,1,0,0,0,0,0,0,0,0,0,0,0,0,0,1,1,1,1,1,1,1,1,0,0,1,1,1,1,1,1,1,1,1,1,0,1,1,1,1,0,0,0,0,0,0,1,1,1,1,1,1,1,1,1,1
-22,-21,-10,-26,-74,-103,-119,-110,59,28,70,93,106,108,107,101,90,72,56,45,25,0,-11,-14,-19,-19,-16,-14,-10,-8,-5,-2,-1,-2,-1,0,0,0,0,0,0,1,2,2,2,1,1,1,1,0,0,0,0,0,2,2,1,1,2,2,4,4,4,3,1,0,0,1,2,2,1,3,5,3,1,0,0,0,0,0,0,1,2,2,2,2,2,1,0,1,1,1,1,0,1,1,0,0,1,2
-8,-10,-4,-11,-41,-81,-97,-111,32,55,33,80,94,94,90,70,63,46,37,26,7,-3,-5,-9,-13,-14,-12,-10,-10,-8,-5,-2,0,0,0,0,0,0,1,2,3,3,2,1,1,2,2,1,2,2,2,2,2,2,2,2,2,2,2,3,3,2,2,1,1,1,2,2,3,3,3,3,2,3,3,3,3,2,1,1,1,1,2,3,3,3,3,2,2,1,1,2,2,2,2,1,1,1,2,2
-11,-10,-6,-7,-22,-56,-74,-103,-4,45,25,64,77,77,77,74,70,48,26,8,-17,-33,-40,-38,-31,-27,-21,-17,-13,-9,0,0,1,-2,-4,-1,1,1,0,0,0,0,1,1,0,0,0,0,0,0,0,0,0,0,0,1,1,1,1,1,1,1,1,1,1,1,0,0,0,0,0,0,0,1,1,0,0,0,0,0,0,0,0,0,0,0,0,0,0,0,1,1,0,0,0,0,0,0,0,0
67,38,34,-16,-5,-41,-29,-77,-101,-118,-127,-131,-133,-134,-133,-116,-94,-62,-14,38,92,120,141,142,142,140,118,106,77,49,-9,-70,-102,-118,-127,-129,-112,-79,-57,-46,-34,-22,-8,0,0,0,-3,-5,-5,-5,-5,-5,-4,-3,-3,-3,-2,-2,-2,-1,-1,0,0,-1,-2,-2,-1,-1,0,-1,-3,-3,-3,-3,-3,-3,-3,-3,-3,-3,-3,-2,-2,-2,-3,-2,-2,-2,-2,-2,-3,-3,-3,-3,-2,-2,-3,-3,-3,-3
-24,-78,-106,-120,-128,-132,-133,-104,-52,21,55,81,104,97,76,73,75,59,47,29,23,2,1,-23,-9,-48,-90,-112,-124,-129,-132,-134,-135,-129,-101,-57,10,82,139,168,169,157,129,90,34,-27,-80,-107,-121,-128,-132,-125,-103,-78,-55,-41,-31,-23,-17,-12,-3,0,-1,-5,-7,-5,-3,-2,-3,-4,-3,-2,-2,-1,-1,0,0,0,-1,-1,-2,-2,-1,-1,-1,-4,-4,-3,-2,-2,-2,-1,-1,-1,-2,-2,-2,-4,-5,-5
-33,-64,-99,-117,-126,-131,-133,-114,-61,2,63,85,90,94,89,85,90,95,90,79,66,40,26,4,4,-11,-21,-33,-65,-93,-114,-124,-130,-133,-132,-115,-83,-36,22,93,127,157,164,154,136,102,84,53,22,-8,-28,-39,-58,-66,-65,-70,-62,-50,-44,-34,-26,-21,-15,-13,-12,-15,-15,-14,-11,-7,-5,-4,-3,-2,-3,-3,-3,-2,-2,-1,-2,-2,-2,-2,-3,-3,-3,-3,-4,-4,-5,-5,-4,-4,-4,-3,-3,-3,-2,-2
-34,-67,-100,-118,-126,-131,-133,-132,-91,-22,61,104,124,125,111,98,100,102,106,99,84,63,24,-4,-13,-4,-12,-22,-38,-67,-99,-117,-126,-131,-120,-86,-49,-8,44,82,130,148,150,154,149,132,116,107,86,73,43,24,-1,-43,-66,-77,-78,-70,-59,-51,-38,-29,-24,-23,-21,-18,-13,-9,-7,-8,-7,-6,-6,-5,-3,-1,-2,-4,-6,-9,-8,-4,-2,0,0,0,0,-1,-2,-2,-3,-3,-4,-4,-4,-4,-2,0,0,0
-36,-78,-106,-121,-128,-132,-133,-128,-88,-14,55,83,90,94,80,64,66,75,62,47,27,9,-13,-10,-31,-41,-60,-89,-111,-123,-129,-132,-132,-102,-62,-35,-9,18,49,89,127,150,156,153,141,120,104,80,55,23,-13,-33,-67,-73,-67,-66,-53,-22,-13,-25,-35,-40,-36,-33,-32,-25,-17,-8,-4,-2,-1,0,-1,-2,-1,-1,0,0,-1,-2,-2,-3,-3,-4,-4,-3,-4,-4,-3,-3,-2,-2,-3,-2,-2,-2,-2,-2,-2,-2
-14,-49,-91,-113,-124,-130,-132,-111,-57,11,59,76,78,81,85,85,83,79,76,65,41,14,8,-5,-3,-22,-28,-58,-85,-110,-122,-129,-132,-132,-113,-88,-54,-17,38,95,130,150,155,138,102,64,25,3,-17,-28,-24,-35,-35,-34,-36,-24,-36,-57,-58,-48,-36,-21,-13,-11,-9,-6,-5,-6,-5,-2,0,0,0,0,-1,-2,-2,-1,0,0,0,-2,-3,-4,-4,-5,-6,-6,-5,-4,-3,-3,-3,-1,-1,-3,-4,-4,-6,-7
-27,-57,-93,-114,-124,-130,-133,-123,-69,4,48,70,88,80,66,71,80,72,48,23,5,-14,-10,-27,-26,-42,-66,-88,-111,-123,-129,-132,-130,-104,-69,-28,21,66,102,127,139,140,133,116,92,77,47,18,-10,-20,-33,-35,-22,-22,-24,-20,-20,-25,-27,-26,-25,-26,-22,-16,-14,-11,-7,-3,-2,-2,-3,-4,-4,-4,-4,-3,-1,-1,-1,-1,0,-1,-1,-2,-2,-3,-3,-3,-4,-3,-3,-3,-3,-2,-2,-2,-2,-1,-1,-2
-30,-32,-68,-101,-118,-126,-131,-115,-72,-16,20,27,46,46,42,50,57,54,41,24,15,-2,-2,-16,-24,-51,-86,-110,-123,-129,-132,-128,-109,-70,-14,40,104,131,149,156,151,133,104,59,16,-7,-16,-19,-18,-17,-14,-31,-43,-47,-50,-47,-36,-27,-19,-12,-6,-2,0,-1,-3,-2,-6,-8,-6,-4,-2,-1,0,0,0,-1,-2,-2,-2,-2,-2,-2,-2,-1,-1,-3,-3,-3,-2,-1,-1,-2,-3,-3,-4,-4,-3,-2,-2,-3
-29,-78,-106,-120,-128,-132,-133,-134,-99,0,80,108,108,100,99,92,78,71,75,71,59,39,16,7,1,-4,-15,-33,-64,-99,-117,-126,-131,-133,-118,-76,-2,68,109,127,129,120,107,83,58,35,11,-3,-26,-33,-33,-45,-40,-25,-31,-49,-50,-41,-35,-25,-17,-10,-5,-6,-3,-3,-3,-1,-1,-1,-1,-1,0,0,0,0,0,0,0,-1,-2,-4,-4,-3,-2,-1,0,0,0,0,-1,-2,-2,-1,-2,-2,-2,-2,-2,-2
-36,-73,-102,-118,-127,-131,-133,-111,-51,-2,43,94,119,95,63,43,36,42,54,59,48,38,30,9,-2,-26,-34,-51,-87,-111,-123,-129,-132,-134,-119,-81,-20,39,86,128,142,134,121,104,90,77,68,63,27,11,-19,-54,-64,-86,-92,-86,-81,-67,-50,-36,-23,-13,-7,-4,-4,-8,-8,-6,-5,-4,-3,-2,-1,-1,-1,-1,-1,-1,-2,-1,-1,-4,-5,-5,-4,-4,-3,-3,-3,-2,-2,-1,-1,-2,-3,-2,-2,-2,-2,-2
-29,-59,-96,-115,-125,-130,-133,-112,-54,9,43,63,72,59,60,65,66,61,48,34,19,0,-7,-18,-16,-35,-55,-86,-110,-123,-129,-132,-134,-135,-110,-53,14,72,122,129,136,144,133,118,135,115,69,30,-12,-49,-69,-88,-90,-103,-100,-73,-53,-47,-37,-26,-15,-7,-6,-7,-5,-3,-4,-5,-5,-5,-5,-3,-3,-3,-2,-1,-1,-1,-1,-2,-2,-2,-3,-3,-3,-3,-3,-3,-4,-5,-5,-5,-4,-3,-2,-2,-3,-3,-3,-3
-33,-75,-105,-120,-127,-131,-133,-127,-80,5,62,81,91,92,93,92,94,88,70,44,20,-3,-19,-33,-24,-48,-70,-102,-118,-127,-131,-133,-133,-110,-70,-18,40,84,115,140,144,138,116,97,75,53,28,0,-5,-25,-29,-32,-46,-47,-53,-56,-46,-35,-26,-20,-16,-14,-12,-10,-5,-2,-1,0,0,0,-1,-2,-4,-6,-8,-6,-5,-4,-4,-4,-4,-4,-4,-3,-3,-3,-2,-2,-6,-6,-4,-2,-1,-1,-1,-2,-2,-3,-3,-3
-42,-77,-105,-120,-128,-131,-133,-117,-53,16,64,88,92,90,77,78,78,64,49,44,25,13,-3,-5,-22,-46,-73,-104,-119,-127,-131,-133,-134,-111,-79,-36,29,85,122,145,151,146,130,105,86,68,53,35,16,11,-15,-33,-51,-67,-69,-80,-79,-60,-47,-38,-30,-22,-14,-11,-10,-8,-7,-7,-6,-5,-3,-2,-2,-2,-1,-1,-2,-3,-1,-1,-2,-2,-2,-3,-4,-5,-6,-6,-6,-6,-5,-4,-3,-4,-3,-2,-2,-1,-1,-1
-38,-68,-101,-118,-126,-131,-133,-122,-69,9,66,84,94,99,92,84,86,85,77,64,45,17,-6,-27,-36,-50,-57,-68,-88,-110,-122,-129,-132,-134,-134,-119,-83,-25,35,83,122,149,158,158,144,122,99,74,46,19,-6,-32,-50,-63,-60,-66,-67,-67,-65,-56,-46,-36,-28,-21,-15,-9,-7,-5,-3,-1,0,0,0,-1,-3,-4,-4,-5,-8,-5,-3,-5,-6,-5,-4,-5,-4,-3,-3,-2,-1,-1,-2,-4,-4,-4,-5,-6,-5,-4
-31,-80,-107,-121,-128,-132,-134,-128,-79,4,60,88,108,116,110,108,109,100,85,70,51,21,0,-18,-34,-33,-47,-42,-66,-82,-106,-120,-128,-132,-133,-129,-96,-49,3,65,114,136,143,143,139,119,106,100,78,60,15,-4,-37,-52,-52,-64,-68,-59,-51,-45,-37,-29,-21,-17,-13,-10,-9,-10,-9,-6,-3,-1,-1,-1,0,0,-1,-1,-3,-6,-5,-5,-5,-3,-3,-3,-4,-3,-1,-2,-4,-4,-4,-2,-2,-2,-2,-2,-4,-5
-49,-77,-105,-120,-128,-131,-133,-115,-54,37,89,119,123,112,97,87,77,70,69,65,53,35,6,-6,-24,-26,-42,-47,-73,-99,-117,-126,-131,-133,-128,-94,-52,1,62,112,140,150,153,142,118,83,42,15,-15,-20,-32,-53,-47,-43,-55,-48,-50,-54,-43,-31,-26,-23,-20,-18,-17,-14,-10,-5,-2,-1,0,0,0,0,-1,-2,-1,1,1,0,-1,-2,-4,-5,-5,-4,-3,-4,-5,-5,-5,-5,-4,-3,-2,-1,-1,-1,-1,-2
-26,-55,-94,-114,-125,-130,-133,-119,-54,9,64,96,107,112,107,94,84,81,78,81,89,83,69,53,19,1,-8,-24,-29,-59,-71,-101,-118,-126,-131,-131,-114,-74,-33,7,53,99,120,131,135,130,119,101,86,79,60,44,24,6,0,-24,-40,-40,-45,-43,-43,-40,-34,-29,-25,-22,-20,-18,-16,-9,-6,-5,-2,-1,-1,-1,-1,-1,-2,-3,-4,-4,-3,-2,-2,-3,-4,-4,-4,-5,-6,-5,-5,-4,-3,-3,-3,-3,-3,-3
-26,-64,-99,-117,-126,-131,-133,-124,-84,-19,51,88,105,105,94,89,91,92,91,90,81,65,50,36,16,17,-2,-6,-24,-45,-50,-82,-100,-117,-126,-127,-110,-79,-47,-12,30,68,101,122,129,134,125,110,97,85,67,38,3,-2,-21,-28,-35,-48,-48,-37,-34,-37,-33,-26,-21,-18,-15,-12,-11,-10,-8,-7,-7,-6,-5,-4,-3,-3,-3,-3,-4,-4,-4,-5,-4,-3,-3,-3,-4,-4,-4,-3,-3,-2,-3,-3,-3,-4,-4,-3
-47,-89,-111,-123,-129,-132,-129,-83,-20,35,79,103,114,116,108,106,102,97,97,89,77,63,40,24,3,-11,-16,-36,-38,-69,-101,-118,-127,-131,-125,-92,-47,1,43,86,122,139,141,139,128,111,67,23,-23,-60,-83,-98,-95,-102,-87,-62,-49,-44,-34,-21,-12,-6,-5,-6,-7,-8,-6,-6,-7,-7,-6,-5,-4,-3,-2,-1,-1,-1,-1,-1,-2,-3,-4,-4,-4,-4,-3,-3,-2,-2,-2,-2,-2,-1,-2,-1,-2,-2,-2,-3
-24,-56,-95,-115,-125,-130,-133,-122,-73,-4,45,68,88,95,94,97,100,97,91,83,70,48,16,8,2,-12,-7,-39,-55,-92,-113,-124,-130,-126,-99,-66,-29,15,62,103,133,142,148,151,135,119,103,78,48,5,-10,-43,-61,-66,-78,-66,-67,-68,-59,-47,-32,-19,-17,-15,-15,-14,-11,-5,-1,0,0,0,-1,-2,-4,-5,-5,-4,-4,-3,-2,-3,-3,-3,-3,-2,-1,-1,-1,-1,-1,-2,-2,-2,-2,-2,-2,-2,-2,-3
-66,-97,-112,-115,-93,-53,-27,-6,16,32,46,59,98,108,158,196,214,238,254,266,272,226,122,-2,-65,-98,-115,-80,-74,-68,-45,-26,-11,-4,12,37,55,68,83,95,104,95,86,75,51,31,14,-3,-13,-16,-20,-24,-28,-29,-27,-21,-17,-12,-6,-1,0,0,0,0,0,0,0,0,1,1,1,2,2,2,0,0,0,1,1,0,0,0,1,0,0,0,0,0,0,0,0,0,0,0,0,0,0,0,0,0
-60,-95,-113,-117,-97,-75,-47,-23,-10,8,36,55,78,173,186,195,216,222,234,229,208,170,54,-37,-83,-107,-81,-65,-58,-39,-12,4,13,30,41,59,68,73,73,63,57,53,41,27,15,1,-16,-33,-41,-45,-42,-37,-32,-29,-25,-20,-16,-11,-8,-6,-3,0,0,1,1,1,1,0,0,0,0,0,0,0,0,0,0,0,0,0,0,0,0,0,0,0,0,0,0,0,0,0,0,0,0,0,0,0,0,0
-77,-104,-118,-109,-67,-41,-40,-36,-38,-25,25,122,170,205,230,212,170,128,83,14,-43,-87,-100,-66,-44,-24,7,18,24,41,49,50,51,52,50,42,30,17,8,-1,-12,-18,-21,-21,-24,-26,-26,-26,-29,-28,-25,-14,-7,-3,-1,1,3,5,3,2,2,2,2,2,1,1,0,0,-1,0,0,0,1,0,0,0,1,1,1,0,0,0,0,0,0,0,0,0,0,1,0,0,0,0,0,0,0,0,0,0
-62,-80,-90,-90,-66,-31,-9,-4,-11,-28,-25,13,97,151,184,206,216,223,207,194,145,83,36,-14,-65,-58,-27,-10,0,9,15,26,37,64,88,94,99,87,72,59,37,12,-8,-17,-22,-27,-28,-25,-21,-20,-18,-16,-16,-15,-14,-12,-11,-9,-6,-3,-1,-1,0,0,0,0,0,0,0,0,0,0,0,-1,-1,0,0,-1,-1,0,0,-1,-1,0,0,0,0,0,0,0,0,0,0,0,0,0,0,0,0,0
-50,-83,-107,-106,-91,-70,-41,-24,-26,-33,-29,-7,64,122,155,180,189,198,206,194,158,101,63,30,-27,-61,-61,-28,-9,-4,9,14,9,17,27,47,77,93,102,111,113,103,75,45,29,10,-12,-18,-28,-37,-35,-24,-22,-22,-19,-15,-12,-11,-9,-7,-5,-3,0,0,0,-1,-1,0,0,0,0,0,0,0,0,0,0,0,0,0,0,0,0,0,0,0,0,0,0,0,0,0,0,0,0,0,0,0,0,0
-44,-78,-102,-114,-96,-69,-45,-34,-27,-16,3,41,90,137,170,190,202,211,213,201,174,133,83,43,-11,-38,-42,-25,-13,-3,9,19,26,37,51,70,84,87,79,71,54,33,24,15,2,-9,-15,-21,-31,-40,-36,-33,-30,-27,-23,-20,-19,-18,-15,-9,-2,2,5,4,3,2,2,2,1,1,0,0,0,0,0,0,0,0,0,0,0,0,0,0,0,0,0,0,0,1,1,1,1,0,0,0,0,0,0,0
-62,-82,-105,-90,-58,-26,-8,2,2,9,27,58,102,141,167,182,192,203,197,159,107,46,-13,-71,-91,-41,-19,-13,-3,2,5,8,17,35,47,54,57,45,30,20,7,-11,-23,-24,-20,-27,-31,-29,-23,-14,-11,-9,-8,-1,4,7,6,3,2,2,2,2,2,2,1,1,0,0,0,0,0,0,0,1,2,2,1,1,1,2,1,0,0,0,0,0,0,1,1,1,0,0,1,1,0,0,0,0,0,1
-51,-87,-108,-108,-86,-73,-56,-38,-32,-24,-4,29,61,106,132,152,160,146,108,83,65,29,-41,-86,-105,-61,-17,3,17,21,21,27,34,43,39,31,31,31,37,36,37,41,31,25,20,11,4,4,2,-1,-7,-15,-12,-21,-22,-20,-17,-14,-16,-18,-18,-12,-5,-2,0,1,2,2,2,1,1,0,0,0,0,0,0,0,0,0,0,0,0,0,0,0,0,0,0,0,0,0,0,0,0,0,0,0,0,0
-29,-53,-79,-81,-66,-34,-10,11,31,56,67,60,69,78,99,151,181,202,216,219,197,168,134,105,85,75,36,-8,-39,-41,-18,0,19,36,47,51,58,64,69,74,87,97,94,90,85,70,49,29,10,-16,-29,-33,-39,-44,-44,-44,-45,-29,-22,-18,-15,-10,-9,-9,-8,-5,-3,-1,-1,0,1,3,4,3,2,1,0,-1,-2,-2,-1,0,0,0,0,0,0,-1,-1,-1,-1,0,0,0,0,0,0,0,0,0
-70,-97,-91,-74,-45,-7,14,32,42,34,30,39,61,123,158,172,185,192,192,194,188,173,143,119,68,15,-31,-48,-24,-3,0,11,22,24,26,34,46,53,57,67,66,47,30,6,-17,-27,-35,-36,-41,-42,-35,-31,-31,-20,-13,-8,-1,3,5,5,5,5,4,2,1,0,-1,-1,0,0,0,0,0,1,0,0,0,0,0,0,0,0,0,0,0,0,0,0,0,0,0,0,0,0,0,0,0,0,0,0
-29,-37,-47,-47,-43,-45,-40,-23,-7,17,36,53,71,83,88,89,81,78,85,124,185,196,198,204,189,168,155,130,94,79,65,31,-31,-81,-61,-20,21,46,57,62,77,86,86,93,95,85,72,61,38,20,5,-12,-14,-17,-21,-28,-31,-37,-43,-41,-31,-26,-22,-16,-10,-4,-1,-1,-1,0,0,0,0,-1,0,0,0,-1,-1,-1,0,0,0,0,0,0,0,0,0,0,0,0,0,0,0,0,0,0,0,0
-27,-29,-27,-21,-23,-24,-24,-26,-21,-12,-6,5,13,22,41,51,79,85,88,98,124,142,175,195,207,213,210,209,200,191,185,170,171,167,160,148,128,106,77,37,9,-2,7,23,33,58,73,75,74,66,61,56,57,57,54,65,66,64,44,20,-7,-36,-42,-46,-56,-56,-43,-32,-24,-15,-5,1,2,-1,-8,-13,-14,-11,-7,-3,-1,0,1,0,0,1,1,1,0,0,0,0,0,0,0,1,0,0,0,0
-26,-25,-22,-21,-16,-14,-9,0,17,39,57,74,91,103,116,129,138,131,115,98,81,80,99,105,174,194,197,222,212,211,204,193,168,140,121,126,112,98,76,54,44,35,44,59,70,85,97,105,107,111,114,116,113,108,94,76,65,62,70,83,97,119,133,141,148,148,137,116,100,79,48,47,42,15,3,12,-9,-14,-5,-7,-13,-11,-9,-14,-16,-18,-17,-13,-9,-7,-7,-5,-2,-1,0,0,1,0,-1,-1
-22,-18,-10,0,15,34,44,42,27,24,29,39,59,73,89,106,122,129,140,136,131,126,119,126,139,194,225,224,228,226,220,214,196,177,157,135,119,101,80,69,65,51,39,38,43,53,63,75,85,93,99,98,94,85,80,80,81,79,74,72,81,92,109,121,128,135,134,115,89,69,47,25,12,-29,-44,-50,-76,-82,-66,-45,-30,-22,-18,-13,-8,-2,1,2,1,0,0,0,0,1,2,3,4,3,2,3
-32,-49,-54,-61,-67,-66,-61,-62,-57,-43,-26,-3,26,38,47,59,71,79,93,138,197,214,211,213,205,183,166,155,141,125,122,117,104,68,22,-9,0,14,36,55,59,61,75,84,95,95,106,119,117,110,102,81,54,28,4,-26,-53,-47,-52,-65,-59,-50,-38,-26,-21,-21,-16,-10,-5,-2,-1,-1,-1,0,0,0,0,0,0,0,0,0,0,0,0,0,0,0,0,0,0,0,0,0,0,0,0,0,0,0
-40,-38,-38,-42,-38,-15,9,35,55,76,81,74,80,64,41,32,31,51,74,95,189,198,214,223,216,210,194,145,128,106,84,71,42,-5,-61,-71,-47,-18,0,19,41,45,41,48,66,72,80,101,109,117,121,101,65,39,26,-13,-39,-39,-55,-62,-62,-59,-54,-39,-23,-17,-15,-9,-3,0,1,1,1,0,0,0,1,1,1,1,2,4,2,1,0,0,0,1,2,2,1,0,0,0,0,1,1,0,0,0
-33,-41,-41,-43,-37,-32,-26,-23,-16,-11,14,32,46,53,56,57,54,59,58,58,160,141,135,157,156,151,155,154,152,140,125,88,38,-21,-31,-11,15,36,63,82,85,78,63,56,48,53,80,84,102,126,140,145,141,138,125,101,71,33,3,-16,-37,-41,-31,-27,-26,-27,-26,-21,-21,-20,-16,-15,-15,-9,-1,1,1,0,0,0,4,6,4,1,0,-2,-1,1,2,1,2,3,2,0,0,0,0,0,0,0
-33,-52,-62,-57,-45,-41,-30,-15,-1,14,20,33,37,44,56,65,65,64,76,144,194,204,220,228,217,204,188,176,157,119,95,79,65,47,12,-8,-18,1,23,40,51,57,55,45,38,44,56,81,104,114,114,102,88,64,42,20,-1,-14,-43,-73,-76,-73,-71,-62,-42,-26,-10,0,0,0,2,4,0,-5,-6,-3,0,1,1,0,0,0,0,0,0,0,0,1,1,0,0,0,1,0,0,0,0,0,-1,-1
-44,-71,-63,-62,-77,-76,-71,-63,-48,-26,0,33,60,83,92,95,91,94,114,115,176,184,181,187,199,182,175,157,133,123,107,87,62,23,-9,-18,-9,9,28,46,60,65,68,73,68,58,53,52,59,80,107,125,144,167,173,163,147,122,81,52,28,1,-52,-68,-76,-94,-90,-71,-51,-37,-35,-37,-20,-7,-3,-2,-1,-1,0,0,0,0,0,0,0,0,0,0,0,0,0,0,0,0,0,-1,0,0,0,0
-48,-77,-98,-97,-93,-76,-58,-35,-16,12,45,73,77,73,64,51,47,59,77,80,156,181,177,202,221,208,201,190,150,92,83,75,65,37,9,-20,-22,-2,12,31,52,67,66,58,50,43,36,46,66,86,103,88,68,51,37,3,-20,-31,-58,-74,-81,-83,-76,-58,-46,-29,-13,-2,3,5,4,1,0,0,1,0,0,0,0,1,1,1,0,0,1,0,0,0,0,0,0,0,0,0,0,0,0,0,1,1
-37,-57,-70,-84,-81,-52,-13,3,15,26,36,40,36,44,45,49,54,51,49,63,130,140,173,197,198,187,160,105,88,92,84,101,91,49,0,-52,-50,-29,-6,4,10,29,38,28,20,17,22,39,58,78,82,86,86,62,51,42,23,2,-9,-19,-30,-42,-39,-35,-36,-40,-42,-38,-29,-20,-16,-13,-6,-2,1,3,3,2,0,-1,-1,0,0,1,1,0,0,0,0,0,-1,-1,-1,0,0,0,1,0,0,0
-49,-59,-65,-67,-61,-48,-30,-9,2,17,21,24,27,18,14,26,47,72,144,177,176,187,197,185,153,160,144,120,91,60,16,-21,-35,-35,-31,-27,-5,15,33,43,49,44,50,52,65,80,79,76,53,25,-10,-39,-51,-67,-80,-84,-76,-59,-40,-28,-20,-17,-14,-13,-11,-6,-2,0,2,2,1,1,3,1,0,0,0,0,0,0,0,0,0,-1,-1,-1,0,0,0,-1,-1,-1,-2,-1,-1,-1,-1,-1,0,-1
-54,-58,-54,-57,-67,-68,-77,-85,-74,-65,-56,-34,-7,10,29,45,65,87,155,188,192,209,227,228,219,198,184,166,134,94,57,22,-30,-60,-46,-25,-13,9,32,48,53,61,68,67,71,74,65,59,45,27,1,-31,-50,-62,-73,-68,-59,-55,-50,-42,-34,-27,-21,-13,-7,-3,-4,-4,-2,0,0,0,1,1,0,0,0,0,0,0,0,0,0,0,0,0,0,0,0,0,0,0,0,0,0,0,0,0,0,0
-54,-68,-70,-65,-59,-56,-52,-44,-41,-37,-32,-19,-13,-4,0,11,32,64,155,181,170,182,193,179,157,137,127,112,92,63,32,-4,-28,-35,-19,-5,29,62,72,68,66,53,48,46,36,22,-6,-31,-68,-78,-81,-80,-72,-58,-43,-37,-27,-18,-9,-1,2,2,0,-2,-6,-7,-5,-1,-1,0,0,0,0,0,0,0,0,0,0,0,0,0,0,0,0,0,0,0,0,0,0,0,0,0,0,0,0,0,0,0
-48,-70,-84,-89,-88,-87,-90,-84,-65,-31,-4,21,32,38,45,67,112,135,166,184,185,190,179,170,175,156,125,127,125,98,51,-22,-77,-105,-99,-74,-48,-7,20,30,31,35,42,45,52,48,61,65,62,43,21,8,-10,-39,-43,-29,-24,-26,-22,-21,-23,-25,-27,-25,-21,-16,-10,-5,-3,-2,0,0,0,1,3,3,2,0,0,0,0,0,1,1,1,1,1,0,0,0,0,0,0,0,0,0,0,0,0,0
-46,-66,-85,-73,-69,-57,-45,-31,-21,-3,29,58,80,85,64,43,42,58,77,107,144,189,187,185,186,184,175,162,146,132,108,66,18,-30,-40,-13,6,29,49,57,57,53,50,49,55,59,68,87,89,76,62,43,28,12,-6,-12,-17,-24,-28,-26,-21,-22,-24,-21,-15,-13,-11,-9,-9,-12,-14,-14,-11,-6,-1,0,0,0,0,0,0,0,0,0,0,0,0,0,0,0,0,0,0,0,0,0,0,0,0,0
-52,-69,-71,-69,-69,-65,-53,-47,-37,-17,0,16,30,44,50,62,81,99,115,142,173,196,216,211,206,203,203,199,192,194,180,151,114,79,32,-19,-50,-47,-24,0,33,57,65,72,69,73,74,71,68,61,55,41,34,30,23,18,10,1,-5,-12,-16,-21,-22,-20,-20,-19,-19,-18,-15,-14,-23,-30,-16,-5,1,4,4,4,2,0,-2,-3,-2,-1,0,0,0,0,0,0,0,0,0,0,0,0,0,0,0,0
-53,-69,-80,-73,-57,-51,-39,-35,-36,-34,-24,-9,4,14,26,35,44,64,83,114,162,173,188,203,206,201,200,190,174,161,148,128,106,89,54,18,2,5,4,8,24,41,51,56,55,55,58,56,61,54,37,-5,-39,-44,-48,-48,-46,-42,-39,-32,-25,-26,-23,-22,-19,-15,-12,-11,-11,-11,-9,-6,-3,-1,0,0,0,0,1,1,1,0,-1,0,0,0,0,0,0,0,0,0,0,0,0,0,0,0,0,0
-50,-51,-53,-64,-75,-80,-77,-72,-59,-47,-28,-1,18,35,48,55,62,71,82,108,145,184,224,207,208,232,232,213,201,199,179,157,141,124,101,71,23,-35,-46,-32,-24,-2,41,61,70,66,61,61,57,47,28,19,13,8,0,-15,-23,-29,-28,-27,-31,-34,-33,-28,-24,-19,-14,-10,-6,-4,-4,-10,-14,-12,-7,-3,-1,0,1,0,0,1,1,0,-1,-1,-1,0,0,0,1,1,1,0,0,0,0,0,0,0
-78,-82,-77,-74,-57,-38,-30,-18,0,8,5,9,9,8,13,33,60,114,161,161,171,192,188,175,167,155,148,132,112,84,28,-25,-36,-16,18,41,62,84,90,91,96,97,92,88,76,64,81,96,101,106,95,79,70,60,47,46,35,9,-3,-3,-7,-7,-1,2,-1,-6,-9,-10,-11,-10,-10,-11,-12,-12,-12,-10,-5,-3,-1,0,0,0,0,0,0,0,-1,0,0,0,0,0,0,0,0,0,0,0,0,0
-17,-27,-39,-47,-53,-50,-38,-23,-7,14,33,46,48,49,54,37,36,71,108,176,239,260,244,216,188,159,129,116,93,60,27,-12,-46,-64,-92,-101,-98,-93,-92,-85,-71,-59,-42,-23,-15,-19,-14,-8,-3,0,0,0,2,3,1,0,-1,0,0,-1,0,2,2,1,3,1,-1,-2,-1,0,0,0,0,2,0,0,0,0,0,0,1,2,2,2,0,-1,1,1,0,0,0,0,0,0,0,0,0,0,0,-1
-22,-34,-46,-69,-92,-107,-120,-124,-98,-63,-19,24,56,76,76,80,78,76,104,121,138,185,239,255,242,224,204,194,185,162,155,134,107,90,50,28,12,-29,-51,-61,-80,-84,-84,-84,-79,-63,-49,-41,-29,-13,-4,-5,-5,-4,-3,-1,0,0,2,3,3,2,1,1,2,1,1,2,2,0,0,0,0,0,0,0,0,1,1,0,0,0,0,1,0,0,0,0,0,0,0,0,0,0,0,0,0,1,1,0
-42,-52,-61,-75,-86,-89,-75,-42,-7,22,41,50,56,66,56,76,108,151,182,202,227,240,245,242,231,213,195,185,178,148,128,99,66,46,-1,-37,-62,-96,-107,-103,-104,-88,-66,-50,-38,-27,-20,-21,-16,-7,-3,-1,-1,-2,-1,0,0,-2,-1,0,1,1,0,0,0,-2,-1,0,0,0,0,0,0,0,0,0,0,0,-1,0,0,0,0,0,0,0,0,0,-1,-1,0,0,0,0,0,-1,0,0,0,0
-3,-25,-16,-24,-30,-29,-34,-24,-7,11,31,43,52,73,88,95,108,125,165,189,187,190,205,220,222,210,198,182,167,150,125,106,88,41,24,18,-21,-29,-36,-40,-43,-47,-43,-36,-35,-34,-28,-22,-19,-13,-7,-1,4,7,5,4,3,0,-1,0,0,-2,-2,-4,-5,-5,-5,-3,0,0,1,2,1,0,0,0,0,0,0,0,0,0,0,0,1,0,0,0,0,0,0,0,0,0,0,0,0,0,0,0
-19,-22,-23,-35,-46,-52,-53,-46,-39,-15,15,40,61,75,85,90,94,101,117,158,192,216,234,240,235,228,220,210,193,168,146,135,125,128,126,102,85,73,54,31,3,-7,-10,-20,-29,-30,-34,-35,-34,-25,-20,-17,-12,-9,-6,-4,-3,-1,0,0,-1,-1,-1,0,0,-1,-1,-1,0,0,0,0,0,0,-1,-1,0,0,0,0,0,0,0,-1,-1,0,0,0,0,0,0,0,0,0,0,0,0,-1,0,0
-30,-45,-65,-79,-88,-83,-62,-33,-1,28,54,74,80,92,103,115,143,172,192,212,226,229,224,219,213,200,190,175,166,158,122,106,91,57,38,4,-6,-19,-37,-41,-45,-46,-45,-51,-43,-35,-29,-27,-26,-19,-12,-8,-5,-3,-3,-3,-4,-5,-4,-4,-6,-7,-4,-2,-3,-3,-3,-4,-5,-4,-3,-1,-1,-3,-5,-6,-6,-4,-3,-2,-4,-4,-5,-5,-4,-3,-4,-3,-3,-5,-6,-4,-3,-3,-3,-3,-3,-3,-3,-3
-39,-45,-67,-98,-116,-125,-130,-124,-91,-54,-26,0,18,32,57,81,105,138,160,185,211,224,231,232,223,204,185,171,155,132,121,93,68,51,12,-9,-22,-52,-64,-59,-55,-53,-54,-56,-55,-38,-17,-8,-7,-7,-6,-3,0,-3,-3,0,3,4,0,-2,-2,-2,-1,0,1,0,2,3,1,0,0,0,1,0,0,0,0,0,0,0,0,0,0,0,0,0,0,0,0,0,0,0,0,0,0,0,0,0,0,0
-13,-12,-17,-31,-42,-55,-65,-53,-30,4,30,46,59,62,70,78,90,108,142,183,213,229,234,228,214,192,170,151,144,144,130,127,108,89,67,40,12,-3,-21,-32,-41,-45,-53,-59,-59,-49,-39,-30,-20,-11,-5,-3,1,4,4,3,0,-3,-4,-2,-1,-1,-2,-3,-2,-1,0,0,0,0,0,0,0,0,-1,-1,0,0,0,0,-1,-1,0,0,0,0,0,0,-1,-1,-1,-1,0,-1,-1,-1,0,0,0,0
-37,-48,-69,-89,-81,-77,-73,-58,-47,-30,-13,3,14,27,59,79,100,127,147,184,213,231,237,234,225,205,174,141,108,87,80,65,59,56,34,9,-21,-57,-64,-66,-66,-54,-43,-35,-25,-21,-16,-14,-15,-18,-9,-4,0,0,0,-1,0,-2,-1,0,0,1,1,0,0,0,0,0,-1,-1,-1,0,0,0,-1,-1,0,0,0,0,0,-1,-1,0,0,0,-1,0,-1,-1,0,0,0,-1,-1,-1,0,0,0,-1
-47,-70,-79,-78,-62,-36,-13,-1,16,26,31,42,52,70,90,121,150,174,196,211,212,204,199,181,161,144,127,107,106,91,60,54,26,3,-4,-17,-28,-31,-28,-30,-36,-38,-34,-28,-20,-12,-7,-1,5,9,8,4,1,-2,-2,0,1,0,-3,-3,0,0,0,0,0,0,1,1,0,0,0,0,0,0,0,1,1,1,0,0,0,0,0,0,0,0,0,0,0,0,0,0,0,0,0,0,0,0,0,0
-17,-35,-51,-75,-94,-107,-110,-99,-75,-45,-15,11,25,23,32,42,76,120,161,198,224,235,227,208,196,165,121,84,70,55,33,6,-23,-30,-45,-56,-55,-59,-57,-51,-45,-43,-28,-21,-12,0,3,0,-4,-6,-4,-3,-9,-12,-8,-1,1,1,0,0,0,0,0,0,0,0,0,0,0,0,0,0,0,0,0,0,0,0,0,0,0,0,0,0,0,0,0,0,0,0,0,0,0,0,0,0,0,0,0,0
-38,-57,-68,-72,-70,-59,-33,-20,-14,-12,-4,11,41,66,88,115,151,184,211,227,235,232,216,199,154,127,107,63,40,31,14,3,-14,-38,-51,-59,-66,-70,-67,-55,-41,-30,-26,-21,-10,0,5,4,3,5,4,-1,-1,3,4,3,2,2,3,4,3,2,2,3,2,2,3,3,2,2,2,2,2,2,2,2,2,1,1,1,1,1,2,2,2,2,1,1,1,1,1,1,2,2,1,1,2,1,1,2
-15,-22,-30,-44,-51,-51,-41,-35,-18,0,16,30,37,56,63,107,123,117,162,187,206,208,193,167,132,110,90,67,65,57,26,14,-16,-54,-66,-64,-64,-59,-53,-45,-36,-27,-18,-13,-8,-4,-2,0,3,2,2,0,-2,0,0,0,0,1,2,3,3,3,2,1,1,0,0,1,1,1,2,1,1,1,0,0,1,1,1,2,1,1,2,1,0,0,0,1,2,1,1,1,0,0,0,0,1,1,1,1
-17,-16,-28,-44,-50,-51,-43,-27,-8,13,29,44,52,61,77,91,104,120,147,179,206,218,218,205,181,155,130,120,107,99,91,62,40,32,8,-19,-30,-42,-50,-52,-49,-37,-25,-20,-18,-12,-6,-3,-2,0,0,-1,0,-1,0,0,0,0,0,0,0,0,2,1,0,0,0,0,0,0,0,0,0,0,0,0,0,0,0,0,0,0,0,0,0,0,0,0,0,0,0,0,0,0,0,0,0,0,0,0
-25,-37,-42,-45,-49,-54,-52,-42,-22,-2,14,38,51,61,71,84,101,123,151,174,196,216,221,219,214,204,183,172,160,133,121,113,97,75,52,39,7,-19,-20,-30,-44,-46,-42,-34,-26,-19,-13,-11,-11,-9,-6,-6,-7,-7,-3,2,3,1,-1,-2,-1,-2,-1,-1,0,0,0,0,0,0,0,0,-1,-1,-1,-1,0,-1,0,0,0,0,0,-1,-1,-1,-2,-2,0,0,0,-1,-1,-2,-1,-1,0,0,0,0
-24,-31,-45,-57,-55,-47,-40,-25,-8,5,18,32,50,72,92,110,132,153,174,191,203,210,212,201,182,167,149,129,119,107,89,84,61,45,35,14,-1,-8,-23,-35,-42,-38,-33,-31,-26,-18,-11,-5,0,2,3,2,2,0,0,-2,-2,-2,-1,0,0,0,1,1,0,0,0,0,0,0,0,0,0,0,0,0,0,0,0,0,0,0,0,0,0,0,0,0,0,0,0,0,0,0,0,0,0,0,0,0
-28,-50,-68,-79,-85,-92,-82,-66,-41,-11,15,38,53,74,98,119,136,154,172,191,208,221,228,230,227,217,202,185,171,147,118,100,79,55,52,36,1,-17,-33,-52,-58,-54,-54,-52,-45,-35,-24,-15,-8,-4,-2,-4,-5,-6,-6,-2,-1,-1,-1,0,0,0,0,0,0,0,0,0,0,0,0,0,0,0,0,0,0,-1,0,0,-1,0,0,0,0,0,0,0,0,0,0,0,0,0,0,0,0,0,0,0
-29,-37,-45,-47,-48,-40,-24,-4,13,30,43,56,78,99,115,127,139,156,173,189,201,207,203,188,175,157,133,118,101,89,76,63,50,22,15,5,-10,-18,-24,-31,-30,-23,-18,-18,-18,-16,-13,-9,-5,-2,0,1,1,0,-1,-1,-1,-2,-3,-1,0,0,0,0,1,0,0,0,0,0,-1,-1,0,0,0,0,0,0,0,0,0,0,0,0,0,0,0,0,0,0,0,0,0,-1,0,0,-1,-1,0,0
-23,-31,-42,-52,-58,-64,-60,-45,-27,-2,21,43,60,77,98,112,131,155,174,192,204,209,207,203,196,176,161,149,123,109,89,62,58,30,15,-2,-31,-33,-35,-53,-61,-61,-56,-53,-42,-26,-12,-4,0,1,2,1,0,-3,-4,-3,-1,0,0,-1,0,0,0,0,0,-1,-1,-1,0,0,0,-1,-1,0,0,0,0,0,-1,-1,-1,0,0,-1,-1,-1,-1,0,0,0,-1,-1,-1,0,-1,-1,-1,-1,0,0
-28,-40,-51,-72,-100,-98,-86,-69,-36,-8,15,37,51,68,93,113,133,156,182,206,220,221,213,199,179,154,133,110,85,73,57,25,20,2,-42,-48,-53,-79,-89,-78,-69,-55,-44,-30,-13,-3,2,5,2,0,0,-1,0,1,3,3,0,-2,-1,0,0,-1,0,0,0,0,0,0,0,0,0,0,0,0,0,0,0,0,0,0,0,0,0,0,0,0,0,0,0,0,0,0,0,0,0,0,0,0,0,0
-27,-33,-29,-22,-18,-13,-6,0,21,38,54,106,125,115,139,150,154,155,164,165,146,133,121,93,82,69,55,39,17,1,-19,-42,-56,-60,-61,-53,-43,-31,-23,-17,-10,-4,-1,0,1,1,2,2,2,2,1,0,0,0,0,1,2,1,0,0,0,0,0,0,0,0,0,0,0,0,0,0,-1,0,0,0,0,0,0,-1,0,0,-1,0,0,0,0,0,0,0,-1,-1,0,0,0,0,0,0,-1,0
-29,-30,-31,-35,-48,-34,-25,-21,-8,11,33,8,73,140,143,159,173,172,181,183,184,183,184,179,174,145,133,122,99,85,75,45,29,12,-20,-42,-51,-49,-43,-46,-46,-39,-33,-28,-19,-8,-3,-3,-3,-4,-3,0,3,2,2,1,1,1,2,1,0,0,0,0,1,0,0,0,0,0,0,1,2,2,1,0,0,0,0,0,1,1,2,1,0,0,1,0,0,1,1,0,0,1,1,0,0,1,0,0
-29,-11,0,15,35,57,63,75,83,98,103,78,99,123,151,153,160,173,172,172,172,169,169,160,134,120,116,95,80,69,51,39,19,0,-17,-10,-19,-30,-34,-34,-34,-28,-20,-14,-8,-4,-1,-3,-7,-4,0,0,2,5,7,7,2,1,2,3,4,5,6,4,3,3,5,5,2,-1,0,0,1,0,2,2,3,3,2,1,0,0,1,1,1,0,0,0,0,1,2,1,0,1,1,0,0,0,0,1
-18,-21,-18,-12,-11,-5,1,10,16,28,49,53,117,153,141,155,166,174,179,178,181,179,177,178,182,165,127,121,107,87,78,65,53,41,13,2,-6,-28,-47,-47,-46,-43,-32,-20,-14,-10,-6,-4,-3,0,2,1,0,-1,-1,0,0,-1,-1,-1,-2,-2,0,1,1,0,0,2,1,0,0,0,0,0,0,0,-1,0,0,0,0,0,0,0,-1,-1,0,0,0,0,0,1,0,0,0,0,0,0,0,0
-49,-49,-56,-55,-48,-39,-29,-7,10,21,83,82,114,131,149,166,178,191,199,200,195,189,177,155,143,125,114,101,89,76,59,50,27,16,6,-1,-17,-31,-38,-37,-31,-22,-15,-12,-12,-12,-7,-1,-1,0,1,0,0,-1,-1,0,-3,-4,-3,-5,-5,-2,-1,0,0,0,0,0,0,0,0,0,2,1,0,-1,-1,-1,-1,-1,-1,-2,-1,0,-1,0,0,0,0,-1,-2,-1,-1,-1,0,-1,-2,-1,0,-4
-31,-25,-18,-14,-12,-11,3,20,35,58,57,123,121,143,149,156,163,168,167,174,176,176,173,171,159,140,123,116,112,99,95,82,68,60,45,32,19,8,0,-5,-13,-20,-28,-35,-34,-31,-28,-23,-17,-13,-10,-6,-3,-3,-3,0,1,0,0,0,0,-1,-3,-2,-1,-1,-1,-4,-5,-4,-3,-3,-2,-1,0,0,0,0,0,-3,-4,-2,-1,-2,-3,-2,-2,-2,-1,0,0,-1,-2,-2,-3,-2,0,0,0,-1
-18,-20,-26,-32,-27,-29,-17,-8,2,12,30,161,132,128,148,152,161,172,180,190,190,191,188,184,185,178,167,158,146,135,129,109,94,80,64,51,31,13,0,-12,-21,-30,-28,-20,-20,-20,-15,-11,-9,-6,-2,-2,-1,0,0,0,-1,-1,-3,-2,-1,-1,0,1,2,3,2,1,0,-2,-2,-1,0,0,-1,0,0,1,0,-1,-1,0,0,0,0,0,0,0,0,0,-1,0,0,0,0,0,0,0,0,0
-27,-28,-37,-48,-44,-42,-58,-54,-42,-16,-21,96,99,134,144,160,170,178,186,189,191,191,189,186,182,180,179,172,154,140,123,109,93,65,49,23,-1,-18,-33,-54,-58,-47,-30,-22,-29,-36,-30,-18,-9,-8,-6,-2,0,0,0,0,-3,-5,-4,-2,-3,-4,-1,1,2,0,-3,-4,-3,-3,-2,-1,0,0,0,0,-1,-1,0,-1,-3,-2,-1,-1,-2,-2,-2,-3,-2,-2,-2,-1,0,0,0,-1,0,-1,-1,-1
-13,3,23,47,61,74,90,98,44,160,95,106,130,140,151,161,166,165,161,158,150,146,156,148,151,154,129,108,96,85,64,50,36,21,11,3,-1,-5,-12,-21,-28,-30,-31,-30,-25,-18,-14,-11,-6,-3,-3,-1,0,0,0,0,-2,-4,-3,-2,0,0,-1,0,0,0,0,0,-1,0,0,-1,-2,-1,0,-1,-2,-2,-1,0,0,-1,0,-1,-1,-1,-1,-1,-1,-1,0,0,-1,-1,0,0,-1,-1,-1,0
-34,-45,-45,-53,-73,-86,-87,-79,-61,-30,-11,105,111,113,125,143,159,168,181,187,188,184,183,176,163,148,140,137,129,108,81,64,47,20,0,-32,-50,-50,-45,-42,-43,-41,-34,-26,-19,-13,-7,-1,0,0,0,0,0,-1,0,0,0,0,-1,-2,0,0,0,0,0,0,0,0,0,0,0,0,-1,-2,-2,-1,0,-1,0,0,0,0,-1,0,0,0,0,0,0,0,0,0,0,0,0,0,-1,-3,-1,0
-48,-63,-66,-72,-76,-81,-73,-54,-45,-54,110,110,92,116,147,160,166,179,184,174,163,147,136,122,110,83,74,40,27,13,0,-17,-33,-38,-44,-49,-49,-43,-32,-18,-12,-9,-3,1,0,-1,0,0,0,0,0,0,0,0,1,0,0,0,0,0,1,2,2,1,0,0,0,0,0,0,0,0,0,0,0,0,0,1,0,0,0,0,0,0,0,0,0,0,0,0,0,0,0,0,0,0,0,0,0,0
-49,-64,-66,-66,-78,-90,-94,-70,-48,-16,-36,118,90,106,130,149,154,164,167,162,146,141,129,120,103,84,55,40,14,-11,-27,-32,-43,-50,-49,-41,-33,-25,-20,-16,-12,-7,-2,0,3,3,0,0,0,0,0,-2,-1,0,0,0,0,0,0,1,1,1,0,0,0,0,0,0,0,0,0,0,0,0,0,0,0,0,0,0,0,0,0,0,0,0,0,0,0,0,0,0,0,0,0,0,0,0,0,0
-29,-37,-30,-31,-31,-36,-33,-22,-14,-2,-41,129,118,97,116,156,157,156,157,154,136,136,130,116,97,77,30,18,20,-13,-36,-55,-67,-66,-66,-47,-28,-18,-9,-2,0,-1,-2,-1,1,2,1,0,0,0,0,0,0,0,0,0,1,0,0,0,0,0,0,0,0,0,0,0,1,0,0,0,0,0,1,1,0,0,0,0,0,0,0,0,0,0,0,0,0,0,0,0,0,0,0,0,1,0,0,0
-44,-37,-52,-70,-72,-71,-54,-30,-7,13,42,127,103,117,142,149,150,156,151,122,115,101,68,49,31,26,-7,-52,-62,-59,-61,-65,-61,-47,-32,-20,-14,-9,-5,0,3,3,2,2,1,0,0,0,0,0,-1,0,0,0,1,2,2,1,0,0,0,0,0,0,0,0,1,1,2,1,0,0,0,0,0,0,1,0,0,0,0,0,0,0,0,0,0,0,0,0,0,0,0,0,0,0,0,0,0,0
-38,-32,-21,-19,-21,-20,5,3,21,-16,138,122,116,144,155,159,160,163,154,141,135,119,99,88,82,71,48,27,-5,-18,-15,-24,-28,-26,-27,-24,-16,-10,-8,-7,-4,0,2,3,2,0,1,2,3,3,3,4,4,2,2,2,2,2,2,2,2,2,1,1,0,1,1,1,1,1,0,0,0,0,1,1,0,0,0,0,0,0,0,0,0,0,0,0,0,0,0,0,0,0,1,0,0,0,0,0
-39,-42,-42,-54,-58,-54,-49,-26,0,-18,130,111,114,132,159,167,164,167,154,134,114,91,72,65,33,0,-9,-45,-65,-70,-72,-81,-74,-50,-25,-8,0,4,7,4,3,1,1,-2,-6,-5,0,0,-4,-4,-1,0,1,1,1,0,0,0,0,0,0,0,0,0,0,0,0,0,0,0,0,0,0,0,0,0,0,0,0,0,0,0,0,0,0,0,0,0,0,0,0,0,0,0,0,0,0,0,0,0
-32,-50,-62,-76,-79,-70,-63,-49,-38,-10,38,150,127,121,139,162,165,157,156,136,132,124,116,82,64,40,13,17,1,-32,-44,-51,-57,-56,-49,-35,-23,-14,-7,-1,1,2,2,1,0,0,0,0,0,0,1,1,1,1,0,0,0,0,0,0,1,0,0,0,0,1,0,1,1,1,0,0,0,0,0,0,0,0,0,0,0,1,0,0,0,0,0,0,0,0,0,0,0,0,0,0,0,0,0,0
-29,-32,-50,-58,-60,-63,-66,-43,-25,-3,-47,106,113,114,139,157,154,164,170,166,146,129,112,84,73,62,26,-23,-29,-39,-51,-58,-64,-61,-43,-28,-20,-19,-20,-11,-1,1,0,0,0,0,0,1,2,3,3,2,1,0,0,0,0,0,1,1,2,1,1,0,0,0,0,0,0,0,0,0,0,0,0,0,0,0,0,0,0,0,0,0,0,0,0,0,0,0,0,0,0,0,0,0,0,0,0,0
-51,-40,-38,-45,-80,-76,-56,-24,22,76,104,96,111,138,138,134,139,126,126,114,96,62,40,32,6,-4,-20,-39,-41,-39,-40,-37,-29,-22,-20,-18,-13,-8,-5,-3,0,1,2,2,1,1,1,0,0,-1,0,1,2,1,1,2,2,0,0,0,0,0,0,0,1,2,2,2,1,1,0,0,1,1,1,1,1,1,1,1,1,0,0,1,1,1,1,1,1,1,1,1,1,1,1,2,2,2,1,1
0,2,-7,-21,-18,-8,-11,-5,0,22,69,156,114,125,143,146,146,144,134,126,124,102,89,80,40,22,8,-4,-7,-20,-38,-36,-33,-29,-27,-20,-13,-9,-7,-3,-2,-3,-2,2,5,6,5,6,5,2,0,0,2,4,4,4,4,4,3,3,2,1,2,3,3,1,0,0,1,1,1,1,2,2,2,1,0,0,0,0,0,0,0,1,1,0,1,1,0,0,0,0,1,1,1,0,1,0,0,0
2,-16,-37,-63,-89,-107,-120,-123,-111,-94,-74,-46,-18,7,29,44,59,78,94,97,102,104,81,56,39,23,0,-20,-46,-83,-109,-123,-130,-132,-115,-87,-62,-33,-12,-9,-5,1,1,1,1,0,-6,-9,-7,-2,-1,-3,-6,-5,-5,-6,-6,-4,-3,-3,-5,-7,-7,-5,-4,-4,-4,-4,-3,-3,-3,-3,-3,-2,-2,-3,-3,-4,-4,-3,-2,-1,0,0,-1,-2,-2,-1,-1,-1,-1,-1,-1,-2,-3,-3,-3,-2,-2,-2
-65,-81,19,59,43,16,2,-47,-91,-114,-125,-131,-122,-107,-93,-77,-53,-19,28,70,85,105,112,104,86,46,15,19,0,-19,-35,-62,-90,-113,-125,-130,-130,-119,-89,-50,-21,-3,3,1,0,1,0,0,0,-1,0,0,-2,-4,-5,-6,-6,-6,-6,-6,-6,-5,-3,-2,-1,-2,-4,-5,-5,-4,-2,-1,0,-1,-2,-3,-3,-3,-3,-3,-2,-1,0,-1,-1,-1,-1,-1,-1,-1,-1,-2,-1,-1,-1,-2,-2,-2,-1,0
-30,-35,-10,4,7,-16,-57,-96,-116,-126,-112,-94,-73,-46,-14,14,43,74,100,113,112,114,102,81,62,63,58,32,17,-3,-31,-59,-94,-115,-126,-117,-104,-82,-61,-50,-38,-24,-11,0,3,2,0,0,1,1,0,0,0,0,0,0,-1,-1,-2,-3,-4,-4,-5,-6,-5,-4,-2,-1,0,0,0,0,-1,-3,-3,-2,-1,-1,0,0,-1,-2,-4,-4,-3,-1,-1,-1,-1,-1,-1,-1,-1,-1,-1,-1,-1,-1,-2,-2
-39,-49,-64,-77,-74,-55,-40,-36,-41,-54,-75,-86,-82,-55,-17,24,66,93,110,118,119,109,99,85,60,34,5,-23,-59,-90,-113,-125,-131,-122,-97,-83,-61,-33,-13,-2,3,8,10,7,1,0,0,-4,-7,-9,-11,-13,-13,-12,-12,-12,-10,-8,-6,-7,-6,-6,-7,-7,-6,-5,-4,-2,-2,-2,-2,-2,-1,-2,-3,-3,-4,-4,-3,-4,-4,-4,-3,-3,-4,-4,-3,-2,-2,-2,-1,-2,-2,-1,-2,-3,-4,-4,-5,-6
-45,-57,-78,-98,-101,-102,-98,-90,-80,-68,-56,-42,-16,3,25,53,75,87,91,90,88,69,47,18,-19,-44,-68,-96,-108,-123,-130,-134,-135,-132,-130,-129,-101,-56,-24,-3,4,5,3,4,4,2,0,0,0,0,0,-1,-5,-10,-14,-13,-11,-11,-11,-10,-10,-8,-8,-7,-5,-6,-8,-6,-4,-4,-6,-7,-7,-5,-3,-1,0,0,0,0,0,-1,-2,-3,-4,-5,-6,-5,-5,-4,-4,-3,-2,-1,-1,0,-1,-2,-3,-4
1,-24,-64,-93,-112,-124,-130,-114,-90,-68,-49,-30,-13,3,17,28,38,53,68,81,87,83,62,25,-14,-46,-82,-109,-123,-130,-134,-136,-136,-134,-128,-99,-79,-45,-14,3,11,8,4,3,1,1,-1,-3,-4,-5,-6,-6,-3,-1,-1,-2,-3,-5,-6,-6,-7,-7,-7,-5,-5,-5,-3,-2,-1,-1,0,0,0,0,0,-1,-2,-3,-3,-4,-3,-3,-3,-3,-2,-2,-2,-1,-1,-1,0,0,0,-1,-1,-2,-2,-3,-3,-3
-21,-26,-22,-19,-32,-43,-57,-66,-64,-60,-56,-51,-48,-41,-33,-23,-11,4,24,47,70,90,94,91,78,57,41,4,-31,-65,-99,-118,-127,-132,-135,-136,-137,-137,-133,-97,-66,-37,-15,0,4,2,1,0,-5,-10,-13,-13,-12,-11,-10,-9,-7,-3,-3,-2,-3,-3,-5,-5,-5,-3,-1,-1,-4,-6,-5,-5,-5,-6,-6,-6,-4,-3,-3,-2,-1,0,0,-1,-2,-3,-3,-3,-4,-4,-4,-4,-3,-2,-3,-3,-2,-2,-2,-2
-21,-47,-73,-95,-105,-105,-93,-78,-69,-67,-63,-55,-43,-22,7,40,66,71,59,38,0,-51,-93,-115,-126,-132,-134,-136,-137,-121,-85,-56,-32,-9,4,10,7,1,-2,-5,-7,-8,-9,-12,-13,-13,-12,-10,-7,-6,-6,-6,-6,-8,-8,-8,-8,-8,-6,-5,-5,-6,-6,-5,-3,-3,-2,-2,-2,-3,-3,-3,-4,-4,-4,-3,-2,-2,-2,-4,-4,-3,-3,-4,-5,-5,-6,-5,-5,-5,-4,-4,-4,-4,-3,-3,-3,-3,-4,-4
-21,-46,-59,-71,-81,-68,-65,-77,-88,-88,-78,-63,-43,-16,15,53,79,95,104,95,75,46,15,-12,-28,-41,-56,-70,-103,-120,-128,-133,-127,-100,-61,-27,-3,5,8,10,8,5,4,2,0,-2,-3,-4,-5,-6,-7,-7,-7,-8,-9,-8,-7,-6,-6,-7,-7,-6,-6,-7,-6,-5,-5,-5,-4,-2,-2,-2,-2,-2,-2,-2,-1,-2,-4,-5,-6,-5,-4,-4,-4,-3,-3,-3,-4,-4,-4,-3,-3,-4,-5,-5,-5,-4,-4,-3
-8,-26,-42,-56,-70,-86,-106,-119,-114,-100,-86,-67,-50,-32,-12,12,47,79,93,93,80,56,13,-51,-93,-115,-126,-132,-134,-136,-137,-133,-115,-105,-62,-20,2,5,6,5,4,3,2,1,0,-2,-3,-5,-6,-8,-10,-10,-10,-10,-10,-8,-7,-7,-6,-7,-6,-5,-6,-5,-3,-2,-1,-2,-3,-4,-5,-5,-5,-7,-8,-8,-7,-5,-5,-5,-4,-3,-3,-4,-4,-3,-3,-2,-2,-3,-4,-5,-6,-5,-4,-5,-5,-3,-5,-7
-35,-25,-43,-62,-77,-82,-81,-80,-79,-71,-63,-51,-33,-9,12,44,58,75,78,68,50,26,9,-7,-27,-45,-76,-94,-104,-120,-128,-133,-135,-119,-92,-57,-17,6,17,16,8,3,2,2,4,4,3,0,-3,-4,-5,-5,-6,-7,-8,-7,-7,-7,-9,-10,-8,-5,-4,-4,-3,-4,-4,-4,-4,-5,-4,-4,-3,-2,-2,-2,-1,-1,-2,-4,-5,-6,-6,-6,-5,-4,-4,-3,-3,-4,-4,-3,-3,-2,-2,-2,-2,-4,-3,-3
4,-11,-37,-61,-91,-114,-125,-127,-106,-84,-66,-48,-26,-13,12,38,57,71,68,50,26,-20,-76,-106,-121,-129,-133,-135,-136,-137,-137,-123,-86,-43,-8,5,6,6,7,7,7,5,4,0,-2,-3,-3,-2,-2,-2,-4,-4,-4,-3,-3,-4,-4,-2,-1,-2,-4,-4,-4,-4,-3,-1,0,-1,-3,-2,0,0,0,-3,-4,-4,-4,-4,-3,-3,-3,-3,-2,-3,-4,-3,-3,-3,-2,-3,-4,-9,-7,-2,-1,-4,-6,-5,-5,-5
-43,-77,-106,-122,-129,-125,-114,-100,-89,-73,-48,-16,9,41,48,62,73,71,55,32,11,-4,-47,-81,-108,-122,-130,-134,-135,-136,-137,-125,-91,-52,-28,-12,0,4,0,-10,-13,-12,-10,-9,-8,-11,-9,-7,-7,-7,-7,-6,-5,-5,-5,-5,-4,-3,-3,-2,-3,-1,-1,-1,-1,-1,-2,-2,-2,-2,-2,-3,-3,-3,-2,-2,-2,-2,-1,-1,-2,-2,-2,-3,-3,-3,-2,-2,-2,-2,-2,-2,-2,-2,-2,-3,-3,-2,-2,-1
-13,-18,-19,-15,-9,-17,-23,-33,-52,-63,-62,-49,-36,-20,-4,4,17,32,43,52,62,70,74,79,73,39,-18,-74,-105,-121,-122,-122,-120,-107,-85,-61,-34,-10,6,11,9,6,2,0,-5,-14,-26,-32,-35,-34,-31,-26,-21,-21,-20,-14,-7,-4,-2,-1,0,0,0,0,0,0,-1,-1,0,0,-1,-1,-2,-2,-1,-1,-1,-1,-1,-1,-1,-1,-1,-2,-3,-3,-2,-1,-2,-2,-1,-2,-1,-1,-1,-1,-1,-2,-2,-2
-25,-13,-26,-50,-59,-75,-101,-119,-123,-107,-77,-42,-14,-1,20,44,55,61,64,56,26,-17,-65,-95,-116,-126,-132,-135,-136,-137,-137,-131,-119,-104,-53,-18,5,16,17,18,13,6,1,-3,-5,-6,-8,-9,-10,-10,-9,-11,-11,-9,-8,-7,-7,-8,-9,-7,-3,-1,0,0,1,0,-1,-2,-1,-1,-1,-2,-2,-2,-1,-1,-1,0,0,0,-1,-1,-1,-1,-1,-1,-2,-2,-2,-1,-1,-1,-1,-1,-1,-2,-2,-2,-2,-2
-35,-37,-35,-27,-11,14,19,-1,-50,-64,-76,-82,-76,-62,-44,-26,-9,12,44,66,80,84,83,73,42,10,-43,-88,-110,-121,-129,-133,-135,-136,-137,-136,-115,-87,-53,-18,10,15,6,6,6,4,-6,-15,-16,-13,-10,-10,-11,-10,-9,-9,-9,-11,-11,-9,-7,-6,-6,-5,-4,-3,-3,-2,-3,-3,-2,-3,-3,-4,-4,-4,-4,-3,-3,-2,-3,-2,-2,-2,-2,-3,-3,-3,-2,-2,-2,-3,-4,-4,-4,-2,-2,-2,-1,-1
-29,-21,0,17,18,-20,-47,-51,-52,-60,-63,-61,-52,-35,-22,-11,6,26,47,62,61,53,36,7,-16,-46,-80,-100,-109,-122,-129,-133,-135,-136,-137,-136,-117,-88,-51,-15,7,16,20,22,20,13,6,0,-2,-3,-3,-6,-8,-9,-9,-9,-8,-9,-9,-10,-10,-8,-4,-1,0,0,-2,-3,-3,-3,-4,-5,-5,-3,-2,-1,0,0,-1,-1,-2,-3,-3,-3,-2,-2,-2,-1,-1,-1,0,-1,-1,-1,-1,-2,-1,-1,-2,-2
-37,-43,-43,-33,-17,-6,0,4,-12,-35,-39,-52,-53,-35,-10,-3,-2,3,14,31,52,68,72,62,39,5,-18,-66,-101,-119,-128,-133,-135,-136,-137,-137,-137,-128,-75,-18,3,10,17,21,19,13,6,1,0,-3,-6,-12,-15,-17,-17,-14,-11,-9,-11,-13,-11,-8,-6,-5,-5,-5,-5,-5,-3,0,0,-4,-8,-8,-7,-6,-5,-4,-4,-4,-3,-3,-3,-2,-2,-2,-2,-3,-4,-4,-3,-2,-3,-3,-3,-4,-4,-4,-3,-4
-10,-12,-27,-34,-40,-45,-57,-76,-79,-80,-67,-45,-32,-9,22,50,76,84,73,55,32,0,-27,-49,-76,-102,-119,-128,-133,-135,-136,-137,-137,-137,-135,-117,-70,-21,7,20,22,21,18,11,2,-3,-8,-14,-18,-21,-18,-17,-15,-13,-10,-8,-8,-8,-8,-9,-11,-10,-10,-10,-8,-6,-5,-5,-4,-3,-4,-4,-3,-2,-2,-3,-4,-4,-4,-4,-4,-4,-5,-4,-4,-4,-4,-4,-4,-4,-4,-4,-3,-4,-4,-4,-4,-4,-3,-3
-49,-57,-54,-27,3,12,-1,-31,-47,-63,-87,-97,-89,-78,-63,-44,-21,-1,15,29,39,51,70,80,77,68,50,29,2,-31,-72,-98,-114,-124,-131,-134,-136,-137,-137,-136,-124,-97,-62,-28,-1,15,23,25,19,10,-2,-16,-27,-34,-38,-35,-29,-25,-20,-17,-13,-10,-7,-7,-7,-7,-6,-5,-10,-15,-12,-4,-3,-6,-8,-6,-5,-4,-3,-3,-4,-5,-5,-5,-6,-5,-5,-5,-5,-5,-4,-4,-5,-5,-4,-4,-5,-4,-4,-5
-16,-11,4,18,26,24,17,11,8,7,2,-5,-13,-10,-9,-11,-10,-5,0,3,2,0,-2,-6,-11,-5,0,0,-1,-4,-3,-1,2,8,13,16,14,8,3,0,-1,0,3,7,6,-1,-9,-15,-15,-15,-7,4,7,2,-3,-7,-6,-2,1,3,3,3,2,1,1,2,2,4,5,5,5,4,3,1,0,-1,-1,-1,0,0,0,1,3,4,4,4,6,4,1,0,0,2,2,3,3,3,2,3,6,4
-20,-13,-1,9,16,21,23,23,20,16,12,8,4,1,-2,-4,-4,-4,-4,-5,-5,-4,-4,-2,-1,-1,-2,-3,-3,-4,-4,-4,-4,-1,0,0,1,2,3,2,1,0,1,2,3,4,6,8,7,5,1,-1,-3,-2,-1,0,0,-4,-3,-5,-8,-4,0,3,7,5,0,-2,-1,-1,-2,-8,-12,-9,-6,-6,-6,-4,-2,0,0,2,7,9,9,6,3,3,2,1,0,0,-4,-7,-10,-10,-6,-3,-2,-2
-15,-7,0,8,13,13,16,22,23,17,5,-3,-6,-5,-1,-6,-14,-14,-15,-14,-7,-2,-1,-3,-11,-11,-4,0,0,-6,-11,-12,-13,-9,-8,-8,-8,-6,-3,-1,0,3,3,3,8,13,13,8,5,3,3,4,2,-3,-5,-3,0,1,1,-2,-6,-8,-9,-5,-2,0,-1,-3,-1,0,0,0,0,-3,-7,-7,-3,1,6,9,8,3,2,10,16,15,7,0,-3,-2,0,0,0,-2,-2,-2,-2,-2,-2,-2
-43,-37,-22,-5,10,23,29,33,36,37,29,14,-6,-32,-44,-43,-34,-12,-7,-9,-14,-15,-13,-11,-10,-10,-8,-6,-7,-14,-21,-24,-23,-21,-18,-15,-11,-8,-5,-1,4,13,24,30,25,15,6,0,-6,-8,-17,-26,-11,2,3,-2,-10,-15,-17,-9,0,4,2,-2,-1,2,3,0,-5,-5,-1,2,2,-1,-2,0,1,7,12,13,5,-2,-4,-6,-3,2,6,5,3,2,3,3,3,0,-6,-8,-7,-4,-2,-2
-23,-15,-5,2,10,18,29,38,42,35,28,23,17,8,0,-4,-4,-4,-6,-11,-17,-11,-3,-2,-9,-13,-13,-8,-3,-1,0,0,0,0,2,3,3,4,4,3,3,3,3,3,3,2,3,2,2,2,2,1,0,0,1,1,1,2,3,4,3,2,0,0,0,1,2,2,2,2,2,2,3,3,3,2,2,2,1,1,2,2,1,1,1,1,1,1,2,2,2,2,2,2,3,3,3,2,2,2
-84,-88,-19,30,45,59,70,79,81,65,59,59,42,33,32,18,-2,-16,-22,-24,-20,-12,-6,-1,0,0,1,2,3,3,2,0,-4,-8,-9,-9,-7,-3,1,4,5,2,0,0,0,0,0,2,3,4,4,3,3,2,1,1,1,1,2,2,2,2,1,1,1,1,2,2,2,2,2,1,1,1,1,1,2,2,2,2,2,2,1,1,1,1,1,1,1,1,1,1,2,2,2,2,2,1,2,2
-25,-18,-9,-1,8,16,20,22,24,26,24,20,14,5,-3,-8,-6,-1,4,3,-1,-7,-8,-7,-8,-11,-11,-7,-4,-5,-8,-7,-4,0,2,1,0,-1,0,4,7,8,6,4,2,3,4,3,0,0,0,0,-1,-2,-3,-2,-1,0,0,0,0,1,1,1,1,2,2,3,4,5,4,4,3,0,0,1,2,2,2,2,2,1,0,0,1,0,0,0,0,0,2,3,2,2,3,2,1,2,2,3
-39,-36,-29,-16,-1,11,20,25,25,25,25,19,10,5,2,-4,-12,-17,-17,-12,-18,-17,-15,-8,-4,-2,0,0,1,3,2,-4,-10,-8,-6,-3,1,1,1,3,4,4,5,7,8,7,2,-2,-3,0,3,4,2,0,0,0,-1,0,1,2,4,4,3,3,3,2,2,1,1,0,0,1,1,1,1,2,3,3,4,5,4,3,2,2,2,1,2,1,1,2,2,3,3,2,1,2,2,2,3,3
-3,2,10,18,29,41,51,55,59,61,56,52,44,28,16,10,4,-1,-4,-4,-4,-7,-12,-14,-13,-9,-6,-4,-3,0,1,2,4,6,5,4,3,3,3,4,3,1,0,0,1,3,5,5,4,3,2,2,2,1,3,6,6,4,3,2,2,3,3,2,2,2,2,3,3,3,3,3,3,3,2,2,2,2,2,2,2,2,2,3,3,3,3,3,3,3,3,2,2,2,2,2,2,2,2,2
12,10,13,14,22,25,15,5,1,2,5,6,7,6,3,0,0,-3,-5,-4,0,3,3,6,6,2,-2,0,2,4,8,7,3,-2,-2,0,2,3,2,2,2,2,2,1,1,0,0,5,9,6,0,-2,0,2,5,5,3,2,1,2,2,2,3,3,2,3,3,3,2,2,2,3,2,3,2,1,1,2,2,3,3,3,2,1,3,3,3,2,2,2,2,2,2,2,2,3,3,3,3,3
-38,-25,-12,3,24,44,66,82,87,86,73,58,43,29,16,12,16,22,28,33,37,38,36,35,40,35,27,17,13,2,-5,-6,-5,-9,-13,-10,-8,-5,-7,-5,-2,-5,-6,-6,-2,1,0,-4,0,2,1,-1,0,0,-2,0,-2,-2,-1,-7,-9,-5,-1,0,0,0,0,0,0,-2,-3,-2,0,0,0,-1,-2,-3,-3,-2,-2,-2,-1,0,-3,-4,-4,-2,-1,0,0,-1,-1,0,0,-1,-2,-1,-1,0
-13,-6,2,10,17,19,18,13,7,3,-1,-10,-19,-26,-37,-37,-24,-14,-7,-3,-4,-3,-1,0,-3,-7,-8,-6,-8,-11,-17,-15,-8,-2,0,0,0,3,9,13,11,7,6,6,2,-3,-7,-12,-13,-12,-12,-13,-14,-11,-7,-3,0,1,1,1,1,-2,-7,-6,-1,1,2,1,1,1,2,3,2,1,0,0,0,-1,-2,-1,0,0,0,0,0,0,0,-1,-1,0,1,3,4,4,3,2,1,0,0,0
-12,-4,6,12,15,14,15,19,14,7,6,5,3,0,-4,-9,-11,-12,-11,-12,-12,-12,-10,-7,-8,-10,-13,-11,-12,-17,-15,-8,0,7,8,5,6,9,10,9,11,13,11,4,-1,-4,-3,-2,-4,-9,-7,-2,1,3,2,0,0,0,-4,-7,-6,-5,-8,-8,-5,-2,0,-1,-4,-4,-1,3,7,8,9,10,11,9,1,-3,0,3,-1,-11,-16,-13,-7,-2,-2,-3,-3,0,0,0,-1,-3,-1,2,4,1
-17,-8,0,6,12,18,21,22,20,12,5,-1,-8,-13,-16,-15,-11,-9,-9,-10,-10,-8,-5,-1,0,-3,-9,-12,-11,-8,-7,-7,-8,-9,-11,-12,-16,-24,-25,-17,-9,-4,-1,2,7,2,-3,-5,-5,-3,0,2,4,5,1,-4,-9,-9,-11,-13,-17,-19,-18,-15,-12,-11,-12,-11,-8,-9,-10,-11,-19,-21,-14,-6,-4,-2,-1,0,1,4,6,8,6,3,2,0,-3,-5,-8,-11,-12,-15,-16,-14,-10,-7,-5,-3
-6,-2,0,0,0,-1,0,2,5,4,3,2,0,-8,-17,-22,-20,-16,-12,-9,-8,-8,-7,-6,-5,-5,-6,-10,-15,-21,-23,-19,-16,-14,-12,-9,-6,-4,-2,1,5,7,10,12,13,12,8,4,1,-1,-4,-10,-15,-14,-12,-10,-10,-9,-8,-6,-4,-3,-2,-3,-2,-2,-2,-1,1,6,10,9,6,5,6,8,9,6,2,0,0,0,1,1,0,0,0,0,0,0,0,0,0,1,2,2,1,0,0,0
-23,-20,-17,-13,-6,-3,-3,-4,-5,-6,-8,-11,-17,-24,-27,-29,-28,-23,-14,-7,-1,3,8,10,10,8,4,0,-6,-10,-10,-10,-13,-12,-9,-6,-3,-2,-2,-1,0,-1,-2,-4,-5,-3,-1,-1,-1,0,0,1,2,2,3,3,2,2,1,0,0,-1,-2,-2,-1,-1,-1,-1,0,0,0,0,0,0,0,0,0,0,0,0,0,1,1,1,1,1,1,0,0,0,0,0,0,0,0,0,0,0,0,0
-16,-11,-4,2,9,14,20,27,31,33,34,33,33,32,30,23,18,16,12,4,-2,-7,-14,-14,-9,-6,-1,0,0,0,-2,-1,-1,-4,-6,-7,-10,-8,-7,-7,-4,-3,-1,2,7,12,15,19,22,23,22,19,16,15,14,10,6,7,8,8,8,7,5,8,8,8,7,6,6,8,10,10,9,9,12,11,10,9,8,10,9,10,12,11,10,11,11,10,10,10,11,11,12,12,11,11,10,9,9,11
-16,-16,-11,-16,-19,-18,-19,-24,-28,-27,-25,-19,-13,-8,-3,0,5,12,17,17,17,14,6,-3,-12,-18,-16,-12,-11,-11,-13,-18,-21,-15,-5,3,9,7,2,0,-7,-23,-11,11,20,19,12,3,-5,-7,-1,3,4,2,1,0,0,6,9,9,7,7,6,4,0,-6,-11,-15,-18,-19,-13,-3,2,3,2,0,-5,-8,-5,0,5,7,7,7,7,6,7,8,5,0,-2,-1,0,0,0,-1,-2,0,0,1
-2,-1,-1,0,6,15,21,20,13,7,0,-8,-14,-16,-13,-10,-11,-13,-10,-5,-2,-2,0,0,0,2,-1,-3,0,3,-1,-10,-12,-7,-3,-2,-2,4,10,14,15,16,17,17,15,11,7,2,0,0,0,-3,-3,-5,-2,0,0,0,2,3,0,-4,-7,-5,-5,-6,-6,-1,1,3,4,3,1,2,6,11,14,17,15,11,10,10,9,6,5,6,8,8,6,5,4,2,0,-2,-2,0,0,1,1,1
-37,-16,16,17,13,2,-5,-4,-1,-1,-1,0,1,1,0,1,4,7,5,3,0,1,4,7,4,-2,-6,-6,-5,-3,-4,-9,-2,9,12,8,0,-4,-7,-16,-8,13,22,21,15,8,-6,-21,-17,-4,3,1,0,1,8,15,12,-6,-4,8,16,14,1,3,10,10,-4,-24,-18,0,16,18,10,3,1,2,2,0,-6,-9,-3,0,0,0,0,1,3,4,4,3,3,3,2,1,1,1,1,1,1,1
