-49,-62,-83,-119,-122,-120,-113,-97,-86,-69,-26,34,141,177,149,161,187,166,174,191,159,157,36,-17,51,11,-51,-43,-48,-31,-13,-10,10,6,-9,-8,-14,-25,-27,-30,-32,-38,-49,-57,-46,-40,-65,-35,-17,-40,-28,-13,-15,-13,-17,-22,-12,0,8,17,26,27,26,29,29,28,27,26,25,24,23,23,24,23,23,23,23,23,22,23,23,23,23,22,21,21,21,21,21,21,22,21,21,21,21,21,21,21,21,21
-54,-68,-67,-111,-112,-122,-129,-111,-108,-71,-37,39,140,159,179,189,180,180,129,99,76,40,27,48,42,-31,-42,-24,-44,-69,-67,-57,-61,-63,-48,-24,-9,-4,-2,14,13,0,0,-18,-50,-77,-88,-95,-93,-70,-57,-47,-28,-30,-26,-14,-16,-10,-51,-56,-26,-13,0,14,21,26,25,22,24,26,26,25,23,22,20,19,20,20,20,20,18,19,20,20,20,20,19,18,18,19,19,19,19,19,19,19,18,17,17,18
-31,-59,-89,-81,-112,-123,-140,-130,-127,-120,-79,-44,41,132,162,169,160,140,119,95,76,33,11,-2,0,17,5,-49,-54,-44,-43,-45,-27,-9,-2,8,1,-10,4,0,-17,-10,-32,-51,-43,-52,-67,-61,-51,-45,-30,-14,-13,-14,0,-2,-13,-4,11,20,24,27,31,34,34,34,32,32,31,29,27,26,26,28,30,31,32,32,31,30,29,30,28,28,29,29,29,29,29,30,30,29,29,29,28,29,29,29,28,29
-20,-75,-82,-116,-134,-137,-140,-129,-100,-63,11,131,187,177,176,176,161,143,96,61,26,11,17,20,-40,-89,-68,-48,-31,-38,-24,-24,-13,18,6,-2,-3,-26,-13,-36,-47,-36,-49,-55,-42,-55,-60,-25,-33,-43,-20,-4,-1,-2,-6,-7,-5,0,5,12,20,25,27,24,22,25,29,29,28,26,23,21,22,21,19,18,19,21,22,22,21,19,18,18,19,21,21,21,22,21,21,21,20,20,20,19,19,20,20,20
-17,-62,-91,-94,-130,-148,-133,-124,-121,-94,-45,5,105,165,164,152,156,144,125,105,77,50,29,3,-15,-10,-24,-64,-72,-74,-49,-30,-32,-15,5,-17,-2,8,-8,-19,-37,-41,-39,-43,-50,-58,-61,-56,-69,-52,-52,-61,-40,-25,-38,-26,-15,-8,-9,-16,-12,-6,-2,4,9,8,7,10,14,15,15,15,17,17,18,20,18,17,17,16,16,17,17,17,18,17,16,16,17,17,17,17,17,17,16,15,16,16,16,15
-53,-76,-101,-125,-140,-143,-121,-98,-93,-56,-4,43,106,136,135,135,124,111,100,82,64,56,37,-9,-25,-28,-72,-87,-70,-60,-49,-63,-42,-2,-3,9,15,3,-6,-31,-37,-43,-47,-57,-67,-61,-63,-72,-52,-49,-64,-47,-29,-30,-26,-22,-20,-24,-20,-6,6,12,19,21,18,18,20,21,20,19,18,16,14,15,17,18,18,17,17,17,17,18,19,19,19,19,18,18,17,17,18,18,18,18,18,17,17,17,17,16
-54,-71,-72,-106,-133,-128,-139,-125,-107,-84,-55,-14,41,114,154,155,154,163,183,182,150,134,102,47,-26,-61,-76,-103,-84,-88,-56,-71,-68,-45,-23,-6,-4,-9,-5,-16,-21,-15,-16,-27,-41,-51,-51,-63,-59,-34,-55,-51,-22,-12,-21,-13,-6,-19,-35,-29,-11,9,23,26,24,20,20,24,28,28,29,31,30,28,26,24,23,23,22,22,23,23,24,25,23,22,23,24,23,21,22,22,22,22,21,21,22,22,21,22
-53,-91,-118,-137,-145,-138,-118,-82,-67,-39,6,101,173,193,171,152,138,148,167,147,110,79,32,-6,-3,-45,-76,-62,-49,-48,-62,-82,-44,-10,5,4,-21,-3,0,-27,-19,-22,-37,-42,-54,-66,-60,-59,-70,-55,-31,-30,-35,-29,-13,-8,-7,-10,-6,6,20,27,28,26,24,25,27,31,35,31,26,28,28,29,28,27,27,27,27,27,27,26,27,27,27,27,27,27,26,25,25,25,26,26,25,25,26,26,26,26
-46,-86,-112,-134,-135,-125,-116,-86,-70,-60,-38,-8,58,139,162,160,164,180,183,148,107,64,-8,-41,-29,-91,-100,-67,-38,-28,-31,-24,-6,-3,-5,-8,2,-6,-26,-22,-29,-41,-47,-47,-44,-32,-21,-11,-9,0,17,20,15,13,13,6,-4,3,12,19,26,29,30,31,31,32,35,34,31,29,29,29,28,28,29,30,31,31,31,32,31,29,28,29,29,29,29,29,28,29,30,29,29,29,30,29,28,29,28,28
-27,-95,-99,-120,-149,-135,-111,-89,-72,-53,-18,10,55,130,177,168,150,139,136,131,107,90,75,68,19,-56,-80,-92,-85,-52,-49,-73,-70,-35,-12,-14,-7,14,-12,-24,-26,-30,-34,-40,-32,-20,-32,-43,-30,-7,-13,-11,8,12,4,-4,-12,-8,4,11,14,23,30,33,36,39,41,41,42,43,41,40,40,40,40,40,39,40,39,39,40,39,38,39,40,39,41,41,39,38,39,40,39,38,38,38,37,36,37,39
-30,-60,-71,-96,-134,-127,-123,-116,-99,-73,-16,79,171,199,179,182,165,144,116,95,75,54,15,-1,-55,-67,-38,-20,-44,-49,-25,-20,-16,15,5,6,0,-13,-4,-2,-12,-31,-50,-72,-65,-55,-77,-68,-48,-54,-42,-20,-18,-15,-27,-31,-26,-13,5,10,8,13,15,15,18,19,19,19,17,16,15,17,18,19,20,19,18,18,18,18,19,19,19,19,18,19,17,18,19,18,17,18,18,19,19,20,19,18,18,19
-67,-85,-84,-92,-124,-116,-122,-109,-82,-67,-42,-12,4,23,82,133,162,175,167,137,127,102,71,55,34,15,-83,-70,-33,-19,-33,-49,-43,-37,-31,-18,3,5,-5,6,9,-7,-8,-22,-27,-36,-50,-56,-61,-64,-58,-59,-62,-45,-40,-38,-29,-21,-31,-30,-19,-13,-8,-2,-3,-12,-7,1,8,15,20,22,22,20,19,19,19,18,19,20,20,22,22,21,21,21,21,21,22,21,20,20,20,20,20,20,20,21,21,21
-40,-66,-97,-101,-117,-146,-150,-153,-128,-86,-42,0,38,67,88,93,86,68,54,47,43,32,16,13,-6,-31,-73,-90,-71,-67,-67,-57,-47,-40,-36,-24,-14,-23,-28,-34,-50,-58,-56,-65,-65,-59,-57,-55,-53,-50,-52,-51,-39,-27,-17,-12,-7,0,8,10,-3,-32,-30,-21,-18,-5,4,6,12,17,20,19,25,21,21,20,20,20,19,19,18,18,19,19,19,19,19,18,19,18,18,18,19,20,19,19,19,18,18,19
-68,-74,-87,-117,-125,-130,-138,-131,-95,-60,-28,-5,34,72,95,106,101,93,73,54,39,16,7,5,-26,-46,-56,-70,-58,-46,-61,-73,-76,-72,-57,-44,-31,-12,-9,-11,-7,-19,-25,-28,-47,-49,-52,-57,-56,-50,-47,-44,-36,-31,-25,-15,-8,-8,-5,1,6,7,2,0,-2,1,9,16,21,24,22,20,19,20,22,24,26,27,27,26,25,25,24,24,24,24,23,23,23,24,24,24,24,24,24,24,24,24,24,24
-50,-66,-78,-114,-120,-124,-124,-102,-86,-62,-16,35,119,175,170,145,127,103,79,57,45,31,17,2,-25,-27,-51,-83,-76,-60,-51,-36,-33,-35,-41,-38,-20,-19,-25,-15,-31,-34,-25,-32,-35,-34,-47,-42,-48,-52,-42,-37,-33,-23,-12,-4,9,7,6,5,5,-3,-3,2,6,9,12,13,16,21,23,25,28,32,30,28,27,26,25,24,25,25,26,27,27,27,26,26,25,24,26,27,26,26,25,25,25,26,27,26
-44,-62,-88,-116,-134,-120,-130,-127,-103,-75,-31,13,63,132,168,155,135,119,98,72,50,33,11,-4,-8,-30,-44,-41,-78,-89,-79,-71,-66,-68,-46,-30,-14,-1,-13,-23,-17,-45,-53,-54,-70,-74,-75,-70,-63,-61,-52,-40,-32,-24,-15,-14,-13,-7,-7,-3,5,12,11,12,-27,-25,-6,10,16,23,23,24,26,28,29,32,33,32,33,33,32,32,32,31,30,30,30,31,31,31,30,30,30,29,30,30,30,30,29,29
-38,-84,-71,-90,-130,-140,-131,-118,-99,-66,-13,49,115,153,165,147,113,81,59,35,18,-15,-22,8,-26,-89,-83,-66,-56,-36,-25,-15,-19,-21,-5,-14,-18,-9,-26,-32,-25,-25,-35,-34,-31,-32,-30,-14,-10,-14,-4,11,7,0,2,-6,-10,2,15,24,28,30,29,28,32,34,36,37,34,34,34,32,31,31,31,32,32,32,34,33,33,33,33,32,32,33,33,33,33,33,33,33,32,32,33,33,32,32,33,33
-38,-71,-61,-101,-126,-138,-136,-109,-87,-74,-37,25,91,133,145,144,122,89,74,60,45,33,18,-10,-52,-58,-108,-126,-95,-83,-58,-58,-37,-27,-21,-13,-4,-19,-23,-13,-26,-27,-16,-32,-38,-31,-31,-40,-31,-30,-36,-28,-25,-20,-16,-14,-9,-5,-1,4,11,15,19,12,6,12,15,19,26,30,32,33,34,32,31,30,30,31,33,35,34,31,33,32,31,30,30,31,31,30,30,30,30,31,31,30,30,31,30,30
-63,-76,-82,-118,-131,-152,-135,-119,-100,-74,-44,-19,18,65,94,104,99,89,83,71,56,48,34,29,20,-14,-33,-37,-59,-77,-69,-55,-32,-33,-30,-21,-21,-10,2,0,-5,-22,-19,-32,-51,-54,-61,-68,-59,-50,-57,-47,-33,-35,-28,-17,-14,-24,-20,-12,-7,-5,-3,1,9,-3,-1,2,6,11,16,16,15,15,16,19,21,23,23,22,22,19,19,21,22,21,21,20,21,21,20,20,19,18,20,21,20,21,21,20
-51,-75,-80,-109,-119,-126,-127,-122,-99,-82,-55,-12,36,71,95,107,102,95,82,74,64,50,39,28,11,-11,-22,-39,-61,-70,-97,-116,-110,-87,-60,-65,-53,-32,-21,-30,-34,-11,-19,-33,-25,-40,-51,-46,-55,-62,-50,-53,-51,-31,-31,-31,-18,-10,-9,-6,-3,0,3,7,9,9,10,8,9,15,18,25,28,27,29,30,30,31,30,28,28,29,30,30,30,31,30,29,30,31,31,31,29,28,27,28,28,29,31,31
-50,-44,-45,-55,-51,-57,-61,-56,-75,-77,-85,-88,-77,-66,-58,-46,-37,-23,-6,6,22,31,35,26,1,-11,-22,-20,-10,-9,-11,-8,-4,-6,-11,-20,-30,-44,-87,-79,-88,-117,-101,-105,-123,-110,-110,-106,-84,-68,-63,-54,-58,-52,-51,-45,-36,-40,-36,-30,-26,-24,-22,-22,-19,-17,-17,-17,-15,-12,-12,-13,-12,-12,-14,-14,-12,-11,-13,-13,-13,-14,-13,-14,-14,-13,-13,-14,-14,-13,-13,-13,-13,-12,-12,-13,-12,-12,-13,-13
-69,-74,-74,-72,-67,-69,-71,-78,-86,-93,-94,-94,-89,-86,-80,-73,-71,-60,-51,-40,-27,-14,-6,0,3,5,3,2,7,4,0,2,5,3,7,4,-5,-4,-18,-49,-54,-89,-115,-101,-135,-136,-119,-144,-133,-123,-123,-105,-92,-87,-75,-66,-60,-56,-52,-45,-44,-48,-45,-37,-33,-28,-22,-21,-21,-19,-16,-13,-13,-12,-11,-11,-10,-11,-10,-11,-9,-9,-11,-12,-10,-11,-12,-12,-10,-11,-10,-10,-10,-10,-9,-8,-9,-9,-8,-8
-64,-72,-69,-77,-84,-87,-94,-91,-92,-91,-89,-84,-84,-81,-77,-60,-35,-12,4,14,15,8,5,5,6,14,15,9,6,0,-5,-4,-3,-10,-23,-39,-60,-96,-102,-102,-124,-109,-126,-127,-114,-126,-115,-96,-90,-82,-66,-59,-55,-49,-41,-36,-38,-33,-35,-35,-31,-25,-24,-20,-17,-18,-17,-13,-13,-13,-12,-11,-10,-11,-9,-10,-10,-10,-9,-10,-10,-10,-9,-9,-10,-10,-9,-9,-10,-10,-11,-11,-10,-10,-11,-11,-9,-9,-9,-9
-57,-67,-69,-70,-77,-76,-78,-89,-97,-100,-100,-94,-87,-80,-75,-70,-58,-45,-33,-18,-4,2,11,15,10,0,-5,-7,0,0,-11,-11,-1,-2,-6,-10,-35,-56,-55,-100,-105,-91,-127,-118,-116,-132,-115,-125,-124,-107,-95,-87,-78,-63,-52,-49,-49,-43,-42,-38,-30,-28,-34,-26,-20,-23,-19,-17,-18,-17,-14,-15,-14,-15,-16,-10,-7,-9,-11,-9,-9,-12,-12,-10,-11,-10,-10,-11,-11,-11,-10,-10,-9,-9,-9,-8,-8,-8,-7,-8
-60,-67,-66,-63,-67,-75,-79,-86,-96,-103,-100,-101,-95,-90,-82,-68,-54,-48,-43,-41,-36,-29,-21,-7,0,4,8,7,6,4,7,2,2,0,-11,-13,-21,-46,-50,-64,-88,-79,-95,-109,-87,-118,-124,-111,-125,-123,-114,-113,-105,-99,-88,-73,-62,-56,-52,-44,-39,-31,-21,-22,-25,-24,-22,-21,-18,-12,-12,-12,-9,-8,-10,-9,-7,-7,-6,-6,-7,-8,-7,-7,-5,-6,-8,-8,-6,-6,-7,-7,-6,-6,-6,-5,-6,-6,-7,-7
-59,-62,-66,-68,-76,-81,-85,-93,-101,-103,-104,-100,-91,-82,-72,-59,-49,-38,-30,-23,-14,-4,5,6,8,11,13,16,20,11,3,3,0,-1,-5,-11,-21,-26,-40,-66,-76,-98,-107,-106,-123,-113,-108,-121,-115,-136,-135,-128,-128,-110,-94,-85,-73,-62,-63,-59,-54,-52,-49,-42,-38,-39,-34,-34,-37,-34,-30,-27,-22,-18,-16,-15,-13,-12,-12,-12,-9,-10,-12,-10,-10,-10,-10,-11,-9,-10,-10,-11,-11,-9,-9,-10,-9,-7,-8,-9
-58,-62,-70,-67,-72,-78,-75,-78,-83,-83,-91,-90,-87,-90,-91,-87,-82,-73,-64,-50,-35,-17,1,14,20,23,18,15,16,5,-2,1,-1,-4,-2,-6,-10,-22,-43,-46,-75,-91,-81,-124,-122,-112,-139,-131,-124,-128,-115,-106,-102,-90,-75,-66,-55,-46,-43,-39,-32,-25,-22,-30,-31,-25,-26,-21,-16,-16,-12,-6,-5,-9,-8,-4,-3,-2,-2,-3,-4,-4,-2,-4,-4,-5,-7,-6,-4,-5,-7,-5,-5,-6,-5,-4,-4,-5,-5,-3
-60,-63,-65,-75,-83,-89,-97,-99,-102,-102,-96,-90,-88,-83,-77,-66,-59,-46,-35,-22,-6,4,20,25,25,21,14,6,2,0,1,-1,-7,-12,-16,-29,-45,-43,-75,-88,-76,-115,-106,-97,-124,-121,-121,-124,-108,-98,-92,-81,-69,-57,-52,-46,-41,-36,-38,-34,-26,-26,-27,-23,-19,-19,-18,-11,-11,-14,-12,-10,-10,-9,-8,-9,-10,-8,-9,-11,-8,-6,-8,-9,-7,-7,-9,-7,-7,-9,-9,-7,-8,-9,-8,-7,-8,-8,-7,-7
-52,-62,-70,-72,-80,-84,-85,-93,-98,-97,-96,-95,-92,-88,-85,-83,-77,-71,-56,-42,-27,-8,3,12,10,4,-3,-11,-13,-13,-12,-6,-5,-4,-10,-24,-36,-49,-62,-73,-83,-88,-108,-115,-116,-120,-113,-123,-127,-118,-112,-99,-80,-70,-60,-47,-40,-47,-47,-40,-45,-45,-39,-38,-35,-28,-26,-25,-22,-20,-20,-16,-13,-16,-15,-13,-13,-15,-13,-12,-15,-15,-13,-14,-15,-13,-13,-13,-13,-11,-13,-14,-12,-13,-14,-14,-12,-13,-14,-12
-60,-67,-60,-65,-73,-74,-81,-86,-92,-96,-100,-98,-99,-96,-91,-87,-81,-74,-63,-53,-42,-32,-21,-18,-8,2,8,15,15,7,0,5,4,2,-1,-14,-20,-30,-52,-59,-62,-90,-86,-89,-101,-103,-118,-117,-114,-118,-117,-112,-99,-85,-68,-53,-44,-38,-40,-42,-34,-28,-28,-29,-29,-32,-30,-23,-17,-14,-12,-13,-13,-11,-10,-10,-11,-9,-7,-8,-10,-8,-8,-10,-9,-9,-11,-11,-10,-10,-12,-10,-8,-10,-10,-9,-9,-10,-9,-9
-59,-60,-61,-65,-70,-78,-82,-90,-92,-98,-107,-109,-106,-101,-103,-96,-91,-83,-75,-65,-53,-38,-21,-11,0,14,28,31,33,32,19,6,-6,-16,-14,-19,-30,-29,-46,-68,-66,-74,-93,-88,-118,-120,-104,-125,-114,-115,-127,-109,-106,-100,-84,-75,-68,-58,-51,-56,-54,-42,-33,-36,-40,-39,-33,-31,-23,-22,-23,-22,-19,-21,-22,-20,-21,-19,-17,-16,-18,-17,-14,-14,-17,-15,-15,-18,-17,-15,-15,-18,-16,-14,-16,-17,-16,-14,-17,-18
-60,-61,-71,-71,-79,-92,-88,-92,-93,-95,-99,-93,-94,-88,-79,-68,-58,-46,-37,-23,-10,0,18,26,29,31,34,37,40,27,12,0,-20,-34,-38,-71,-76,-91,-111,-100,-126,-127,-110,-129,-116,-118,-122,-108,-100,-91,-81,-75,-65,-56,-52,-52,-51,-45,-45,-46,-38,-33,-39,-34,-28,-31,-27,-22,-23,-26,-22,-21,-24,-22,-19,-20,-20,-18,-22,-21,-17,-19,-22,-20,-19,-21,-23,-21,-20,-21,-20,-18,-18,-19,-19,-18,-17,-19,-18,-19
-60,-65,-68,-72,-79,-85,-93,-103,-106,-110,-110,-104,-107,-104,-96,-87,-80,-73,-66,-62,-56,-41,-32,-18,-4,9,23,28,27,30,41,49,45,33,14,1,-10,-39,-48,-50,-67,-72,-82,-103,-113,-118,-117,-123,-114,-108,-109,-98,-100,-98,-86,-78,-76,-69,-60,-51,-43,-36,-33,-35,-29,-18,-19,-22,-19,-17,-12,-9,-10,-10,-5,-3,-5,-2,-1,-2,-2,-1,-1,-3,-3,-1,-1,-3,-4,-2,-1,-2,-2,-2,-1,-2,-2,-1,-1,-1
-59,-62,-68,-72,-65,-67,-70,-74,-82,-86,-90,-93,-89,-84,-76,-59,-39,-18,4,19,30,36,32,28,31,17,1,-6,-18,-17,-25,-51,-62,-79,-91,-92,-108,-89,-98,-102,-89,-106,-98,-91,-87,-70,-53,-50,-46,-45,-45,-46,-35,-34,-36,-30,-30,-33,-30,-25,-22,-26,-24,-17,-18,-19,-15,-15,-14,-16,-16,-15,-16,-13,-16,-18,-15,-16,-18,-16,-15,-15,-16,-15,-14,-14,-14,-15,-14,-14,-13,-14,-15,-14,-14,-14,-15,-14,-15,-15
-62,-66,-71,-69,-66,-71,-74,-76,-88,-92,-95,-90,-91,-90,-89,-88,-81,-73,-62,-45,-28,-11,-1,15,30,36,35,32,21,7,8,0,-10,-15,-22,-31,-50,-67,-73,-102,-97,-87,-125,-111,-123,-137,-123,-126,-123,-105,-99,-89,-71,-60,-58,-50,-46,-52,-46,-38,-39,-43,-38,-35,-39,-33,-27,-31,-28,-18,-17,-20,-16,-15,-18,-18,-15,-17,-19,-17,-17,-18,-17,-16,-16,-16,-14,-15,-15,-14,-14,-15,-13,-13,-14,-14,-14,-14,-13,-14
-63,-69,-78,-83,-91,-100,-102,-103,-102,-101,-97,-87,-82,-78,-69,-62,-52,-45,-35,-23,-13,0,14,16,20,24,29,34,32,29,21,7,-4,-8,-21,-47,-50,-66,-85,-87,-104,-111,-116,-117,-136,-135,-126,-129,-129,-123,-115,-100,-83,-73,-73,-67,-54,-53,-52,-45,-45,-48,-44,-35,-36,-38,-28,-25,-28,-28,-24,-23,-24,-23,-20,-20,-20,-18,-20,-20,-17,-17,-19,-19,-17,-18,-19,-20,-20,-20,-21,-21,-21,-22,-21,-21,-21,-19,-19,-20
-74,-73,-72,-74,-79,-90,-95,-104,-107,-106,-101,-96,-92,-86,-84,-82,-76,-62,-47,-28,-9,0,3,9,12,19,19,22,30,22,10,5,-1,-11,-12,-28,-49,-48,-74,-90,-83,-106,-115,-109,-128,-124,-131,-135,-122,-123,-114,-105,-102,-91,-82,-73,-64,-55,-50,-48,-45,-43,-46,-45,-42,-39,-36,-34,-32,-31,-27,-25,-26,-24,-21,-22,-22,-20,-18,-21,-21,-19,-20,-23,-22,-20,-21,-21,-20,-20,-21,-21,-21,-21,-21,-19,-20,-21,-20,-19
-64,-70,-67,-68,-76,-70,-78,-84,-87,-94,-98,-99,-92,-89,-87,-82,-77,-67,-54,-42,-29,-13,4,21,41,49,47,44,44,38,28,17,3,-15,-34,-46,-57,-79,-84,-92,-118,-120,-122,-125,-117,-124,-129,-123,-125,-116,-100,-87,-77,-67,-60,-50,-47,-48,-45,-44,-54,-53,-43,-43,-44,-38,-34,-32,-31,-30,-26,-24,-22,-22,-23,-24,-23,-26,-26,-25,-27,-28,-26,-25,-27,-25,-23,-25,-26,-23,-23,-25,-24,-23,-25,-25,-23,-23,-24,-23
-65,-79,-83,-84,-87,-94,-102,-105,-107,-103,-100,-93,-86,-82,-79,-75,-65,-55,-45,-43,-39,-22,8,35,52,48,32,4,-12,-6,1,5,7,3,-9,-24,-37,-47,-68,-85,-85,-102,-112,-115,-119,-121,-132,-130,-127,-124,-113,-95,-86,-78,-68,-60,-57,-56,-49,-46,-48,-41,-38,-47,-45,-33,-34,-37,-32,-25,-27,-27,-22,-20,-24,-23,-22,-24,-25,-22,-23,-26,-24,-24,-26,-25,-23,-25,-26,-24,-24,-25,-24,-22,-24,-23,-22,-21,-23,-23
-62,-68,-74,-79,-79,-91,-100,-98,-101,-103,-98,-94,-89,-88,-84,-80,-75,-68,-62,-51,-39,-25,-11,-1,18,35,42,39,37,36,34,28,20,0,-20,-28,-43,-49,-51,-73,-78,-73,-94,-96,-98,-117,-115,-116,-122,-122,-119,-117,-119,-116,-108,-103,-93,-78,-72,-62,-48,-48,-46,-41,-39,-44,-40,-35,-37,-35,-28,-26,-29,-28,-23,-26,-25,-21,-21,-24,-22,-19,-20,-21,-19,-19,-21,-20,-18,-20,-20,-18,-18,-19,-18,-18,-20,-20,-19,-18
-23,-19,-14,-52,30,-26,-17,-8,4,6,2,3,5,2,1,0,-1,0,0,-2,-4,-7,-4,-15,-19,-18,-22,-22,-37,-49,-46,-53,-43,-34,-48,-48,-42,-30,-17,-12,-7,-4,-1,1,5,7,11,13,13,13,14,15,17,16,15,15,14,13,13,13,12,11,11,11,11,12,11,11,12,12,13,13,13,14,14,14,14,14,13,14,13,13,12,12,13,13,13,12,12,12,12,12,13,13,12,13,13,13,13,12
-54,-45,-41,-33,-27,-21,-11,2,-74,23,-15,-9,-2,7,4,2,0,1,0,0,2,1,0,1,1,1,0,-1,-4,-10,-21,-22,-22,-27,-28,-30,-42,-51,-50,-51,-63,-69,-59,-48,-41,-36,-28,-15,-13,-14,-16,-15,-12,-4,0,1,3,9,13,12,10,12,14,13,13,13,13,12,11,12,13,11,11,11,10,11,11,10,11,11,10,10,10,10,10,10,10,11,10,10,11,10,10,10,10,10,10,10,10,10
-53,-58,-61,-48,-31,-20,-8,1,1,-25,62,9,13,13,18,10,8,9,9,5,6,6,6,8,8,9,5,1,-7,-26,-26,-13,-22,-35,-49,-66,-61,-66,-81,-66,-60,-57,-45,-31,-21,-21,-23,-23,-22,-17,-10,-5,0,2,4,7,10,9,10,12,14,13,13,14,15,14,13,13,12,12,10,10,10,10,9,9,9,9,9,9,10,10,10,11,11,11,11,11,11,12,11,12,12,11,11,11,10,11,11,10
-50,-58,-70,-54,-44,-31,-14,-4,30,55,28,-8,1,10,15,6,3,-1,-20,-11,-10,-30,-24,-40,-64,-44,-38,-56,-65,-41,-20,-21,-17,-16,-13,-10,-5,0,6,8,10,11,11,13,15,15,15,17,18,19,20,19,18,19,19,19,18,18,17,18,17,16,16,17,17,16,16,17,17,17,17,18,18,17,18,18,17,18,18,17,17,17,17,17,17,17,17,17,17,17,17,17,18,17,17,18,18,17,18,18
-46,-60,-66,-54,-35,-16,4,21,30,12,19,-11,-13,7,25,22,10,8,7,0,-7,-17,-21,-16,-16,-23,-19,-33,-58,-56,-33,-30,-36,-31,-26,-26,-27,-25,-18,-11,-6,0,8,11,14,15,13,13,15,17,16,15,15,14,14,12,10,11,11,10,10,9,9,9,9,9,9,9,9,10,10,10,10,9,9,10,10,10,10,9,9,10,10,9,9,10,10,10,9,9,9,10,10,10,9,8,9,10,9,10
-54,-55,-50,-41,-35,-18,2,14,-26,60,-18,-2,0,16,24,13,6,2,-6,-13,-12,-15,-13,-6,-11,-28,-36,-45,-43,-45,-59,-44,-36,-42,-40,-32,-23,-14,-6,0,3,6,10,14,14,14,15,18,18,17,16,17,19,20,19,18,17,18,17,17,17,17,16,15,16,16,15,15,15,14,14,15,16,16,16,16,16,16,17,17,16,16,16,16,16,16,16,16,16,16,16,16,16,16,17,16,16,15,16,16
-45,-60,-63,-44,-31,-18,-5,1,13,44,32,-1,-6,4,17,20,6,0,1,0,0,0,0,-1,-5,-11,-12,-12,-10,-13,-47,-47,-33,-56,-53,-40,-36,-32,-25,-17,-14,-14,-10,-6,-3,0,2,6,10,13,15,16,16,15,14,14,17,17,17,16,15,15,16,15,15,14,14,15,15,13,14,15,14,14,15,15,15,15,16,16,16,16,16,16,16,16,16,16,16,16,16,15,16,16,16,16,16,16,16,16
-56,-56,-58,-46,-31,-20,-7,4,11,16,42,15,16,-5,4,20,26,18,11,9,6,1,0,-2,-15,-23,-14,-19,-38,-45,-59,-56,-59,-70,-62,-48,-39,-33,-29,-23,-19,-15,-10,-8,-4,0,5,8,11,10,11,12,13,14,15,15,15,15,15,16,15,14,14,15,15,15,15,16,15,16,16,16,16,16,17,16,17,17,17,16,16,17,16,16,17,16,17,16,17,17,16,16,17,17,17,17,17,16,17,18
-44,-39,-39,-36,-25,-11,0,12,48,70,50,3,0,10,24,16,8,8,9,7,8,6,2,-1,-7,-2,-4,-3,-28,-35,-23,-46,-58,-45,-38,-31,-30,-25,-21,-17,-14,-11,-8,-6,-7,-3,1,3,4,6,7,6,7,9,9,10,11,11,11,12,12,11,11,12,12,12,11,11,10,10,11,10,10,10,10,10,10,10,9,10,10,9,9,10,10,10,10,9,9,10,10,9,10,9,9,10,10,10,10,10
-44,-51,-51,-47,-39,-32,-22,-11,1,14,19,-64,14,-10,-11,10,25,23,11,7,11,13,12,11,13,10,1,-5,-6,-19,-30,-33,-40,-49,-59,-61,-65,-69,-57,-47,-45,-42,-33,-25,-20,-17,-15,-11,-7,-5,-2,0,2,4,6,7,8,9,9,9,9,8,8,8,8,8,8,8,7,6,6,6,6,6,6,6,5,5,5,6,6,7,7,7,7,7,8,7,7,7,7,7,6,6,6,5,5,6,6,7
-47,-54,-44,-35,-30,-18,-5,6,13,23,-16,52,20,9,13,23,19,10,11,14,16,19,20,19,16,10,0,-5,6,-3,-27,-28,-36,-56,-49,-53,-66,-57,-54,-56,-45,-35,-30,-28,-23,-22,-20,-17,-11,-5,-3,-1,2,8,11,12,12,13,12,11,12,12,12,13,14,14,14,14,13,14,14,14,13,14,13,12,12,13,13,12,13,13,13,14,13,13,14,13,13,13,13,12,13,12,12,12,12,13,12,13
-48,-62,-53,-38,-38,-30,-4,7,11,29,55,23,10,20,31,29,23,24,23,21,19,16,13,17,9,-11,-20,-22,-26,-26,-33,-49,-54,-54,-68,-66,-50,-47,-52,-47,-42,-38,-28,-19,-11,-7,-6,-5,-4,-1,1,4,7,9,11,12,12,12,13,13,13,14,14,14,14,14,14,13,13,13,13,12,12,13,13,13,14,14,13,13,13,13,13,12,12,11,11,12,11,11,11,12,12,13,13,14,14,14,15,15
-59,-58,-53,-49,-43,-35,-26,-16,-1,14,-68,34,-4,-12,9,27,25,17,21,25,23,25,28,27,23,22,25,17,10,0,-17,-25,-20,-33,-58,-52,-50,-70,-68,-54,-45,-42,-36,-27,-20,-18,-17,-15,-12,-9,-6,-2,0,4,6,8,9,9,10,10,11,13,14,13,13,14,15,14,13,14,14,14,13,13,13,12,13,13,12,12,13,13,13,13,13,13,14,14,14,14,14,15,15,14,15,14,14,14,14,13
-49,-42,-38,-35,-27,-18,-6,5,17,28,30,22,12,6,23,36,39,34,28,27,26,25,25,23,19,12,0,-5,-4,-15,-33,-29,-26,-27,-39,-53,-51,-48,-46,-46,-38,-25,-16,-12,-11,-11,-10,-7,-2,0,1,4,7,10,14,17,15,16,17,17,16,17,18,18,18,18,18,18,18,18,18,19,18,18,18,17,18,18,17,18,18,18,19,18,18,19,19,18,18,20,20,19,19,20,20,19,18,19,19,18
-43,-32,-27,-21,-11,0,6,11,19,11,22,20,-4,10,26,32,26,21,19,19,19,14,4,-4,0,-8,-19,-14,-27,-44,-34,-49,-75,-57,-38,-41,-44,-37,-28,-23,-23,-19,-15,-11,-7,-6,-3,0,6,12,15,17,16,16,15,16,17,17,18,18,16,16,16,17,16,15,16,16,17,17,17,17,17,16,17,17,17,18,18,17,18,18,17,17,17,18,18,17,18,18,17,18,18,18,17,18,18,17,17,17
-40,-38,-37,-29,-22,-17,-6,2,5,9,15,18,-8,17,8,6,19,28,27,23,22,22,17,7,0,-2,-9,-14,-12,-22,-27,-33,-58,-64,-49,-49,-58,-53,-41,-39,-38,-34,-28,-22,-18,-15,-11,-6,-2,0,5,7,8,8,7,7,6,5,5,7,7,7,6,5,5,5,4,4,6,6,7,8,7,8,7,7,7,6,6,5,6,5,4,5,6,6,6,6,7,8,7,7,7,7,6,7,7,7,7,7
-49,-47,-46,-30,-19,-13,-2,4,6,7,-45,25,-14,-8,9,18,20,16,15,14,14,8,2,-2,-6,-17,-19,-20,-46,-52,-39,-50,-58,-65,-58,-45,-37,-30,-24,-21,-19,-17,-13,-10,-7,-4,-1,2,5,9,10,11,11,12,11,12,13,14,15,15,15,15,15,16,16,15,16,15,15,16,15,15,15,15,15,15,15,15,15,15,15,14,15,15,14,14,14,14,15,16,15,15,16,16,16,16,16,16,16,15
-48,-48,-38,-25,-17,-12,-4,8,15,34,16,23,1,7,12,18,19,18,18,15,10,0,-6,-11,-16,-18,-25,-34,-43,-54,-53,-57,-65,-57,-47,-44,-42,-29,-18,-12,-8,-5,-2,0,2,5,6,7,9,11,12,12,12,13,14,13,13,13,13,13,13,12,12,13,12,12,12,12,11,12,12,12,13,13,14,15,15,14,14,14,14,15,15,14,15,16,16,15,15,15,15,15,15,15,15,15,15,15,15,16
-51,-54,-61,-42,-27,-14,0,13,-15,18,5,-5,15,29,35,29,23,21,20,13,2,0,2,-10,-20,-17,-36,-37,-44,-67,-60,-52,-59,-60,-45,-32,-28,-25,-19,-12,-7,-6,-5,-4,-2,0,1,1,1,3,4,5,6,7,8,9,8,9,10,10,11,11,12,12,12,11,10,10,9,8,8,9,9,8,8,9,9,9,9,9,10,10,9,9,9,9,9,9,9,9,9,9,9,8,8,8,8,7,8,8
-65,-76,-69,-59,-48,-35,-17,-5,20,27,14,6,20,32,31,22,16,11,5,-3,-14,-10,-5,-11,-39,-41,-43,-57,-54,-58,-59,-59,-62,-49,-39,-34,-28,-24,-18,-15,-15,-12,-6,-2,0,1,3,5,7,9,11,12,12,12,12,12,12,12,13,13,13,12,12,12,12,11,11,11,11,10,11,11,11,11,11,11,11,11,11,11,11,11,10,10,10,10,10,10,10,10,10,10,9,10,10,9,10,10,10,10
-78,-78,-57,-58,-55,-40,-25,-12,5,21,27,23,19,12,-2,-19,-24,-26,-38,-36,-17,-20,-28,-57,-37,-18,-15,-9,-8,-3,-1,0,0,-2,-1,4,6,6,6,6,9,13,15,15,16,16,15,13,12,10,8,5,0,-4,-3,-2,-1,-1,0,1,2,3,4,5,5,6,8,8,8,8,9,10,9,9,8,7,7,7,7,6,5,4,3,3,3,2,2,4,5,6,6,6,6,6,7,7,7,7,7,6
-38,-44,-38,-27,-23,-20,-16,-2,7,8,9,16,18,9,0,-7,-16,-23,-29,-33,-37,-38,-35,-35,-39,-35,-27,-26,-22,-17,-13,-11,-12,-13,-14,-40,-20,-14,-12,-9,-3,2,4,3,1,0,-1,0,1,0,1,1,1,1,0,0,0,0,0,2,3,3,3,4,4,5,5,5,4,2,1,0,0,0,1,2,3,3,4,4,5,5,4,4,3,3,2,2,2,3,4,4,3,4,4,4,4,4,4,4
-34,-26,-30,-26,-22,-25,-35,-36,-24,-26,-31,-31,-33,-39,-42,-44,-46,-47,-50,-50,-46,-42,-44,-43,-40,-36,-32,-31,-29,-27,-25,-21,-18,-16,-13,-11,-10,-11,-11,-9,-8,-8,-6,-3,-1,0,0,0,0,0,0,1,0,0,-1,-2,-2,-2,-1,-1,0,0,0,0,0,0,0,0,0,0,0,0,0,0,0,0,0,0,0,0,0,0,0,0,0,0,0,0,0,0,0,0,0,0,0,0,0,0,0,0
-18,-17,-30,-39,-54,-100,-112,-98,-72,-40,-7,11,7,-8,-16,-23,-43,-56,-53,-52,-56,-54,-47,-39,-37,-33,-27,-23,-20,-18,-16,-14,-15,-17,-15,-12,-10,-6,-4,-3,-1,0,0,0,0,-1,-1,-2,-2,-1,-2,-1,-1,0,0,0,0,0,0,0,-1,-1,-1,0,0,0,0,0,0,0,0,0,-1,-1,-2,-2,-1,0,0,1,1,1,1,0,0,0,0,-1,-1,0,0,0,0,0,0,0,0,0,0,0
-88,-68,-33,-40,-40,-25,-13,-14,-25,-32,-39,-51,-60,-57,-52,-44,-41,-35,-28,-23,-19,-15,-15,-18,-20,-19,-17,-13,-10,-6,-2,-1,0,0,0,0,0,0,0,0,0,0,0,0,0,0,-1,-1,-1,0,0,0,0,0,0,0,0,0,0,0,0,0,0,0,0,0,0,-1,-1,0,0,0,0,0,0,0,0,0,0,0,0,0,0,0,0,0,0,0,0,0,0,0,0,0,0,0,0,0,0,0
-16,-27,-18,10,-12,-31,-14,-7,-6,-6,-7,-11,-11,-8,-7,-9,-9,-7,-7,-9,-9,-12,-14,-12,-11,-9,-7,-5,-3,-1,0,1,1,2,3,2,1,0,0,-1,-2,-2,-2,-1,0,0,0,0,0,0,0,0,0,0,0,0,0,0,0,0,0,0,0,0,0,0,0,0,0,0,0,0,0,0,0,0,0,0,0,0,-1,0,0,0,0,0,0,0,0,0,0,0,0,0,0,0,0,0,0,0
-82,-90,-9,25,0,-21,-34,-51,-61,-58,-36,-18,-10,-9,-6,-2,-4,-10,-14,-16,-15,-11,-4,-1,0,0,-1,-4,-6,-6,-4,-2,-1,0,0,0,0,0,0,0,1,1,0,0,0,0,-1,-1,-1,0,-1,0,0,0,0,0,0,0,0,0,0,-1,0,0,0,0,0,0,0,0,0,0,0,0,0,0,0,0,0,0,0,0,0,0,0,0,0,0,0,0,0,0,0,0,0,0,0,0,0,0
-12,-15,-18,-22,-39,-52,-50,-42,-38,-26,-10,-1,0,2,4,3,1,-1,-2,-2,-1,-2,-4,-11,-16,-19,-19,-15,-9,-3,0,1,2,2,3,4,4,5,5,5,5,5,4,3,2,2,1,1,0,0,1,1,1,1,1,2,3,3,3,4,4,4,4,3,4,3,3,2,2,2,2,3,3,3,4,4,4,4,3,2,2,3,3,3,3,2,1,1,1,2,2,3,3,3,3,2,2,1,2,1
-11,-11,-18,-17,-16,-18,-15,-8,-2,0,1,1,0,1,2,2,5,8,9,9,8,9,9,9,8,7,7,7,6,5,4,4,4,4,4,4,4,4,4,4,4,4,4,4,5,4,4,3,3,4,4,4,4,4,4,5,5,4,4,4,4,4,4,4,4,4,4,4,4,4,4,4,4,4,3,3,3,3,3,4,4,4,4,4,3,3,3,3,4,5,5,4,4,5,4,4,4,4,3,4
-37,-21,-17,-20,-14,-19,-16,-7,-4,-3,-8,-8,-4,-3,-6,-11,-10,-7,-12,-21,-15,-14,-24,-27,-19,-14,-14,-12,-8,-6,-7,-9,-6,-5,-6,-5,-3,-1,0,1,1,1,0,0,0,0,-1,-2,-2,-2,-2,-2,-2,-1,0,0,1,1,0,0,0,0,0,0,0,0,0,0,0,-1,-2,-1,-1,-1,-1,-1,-2,-2,-2,-1,0,0,0,0,0,0,0,0,-1,-1,-1,0,0,0,0,0,0,0,0,0
6,6,8,8,9,9,8,6,6,7,4,0,-3,-3,-1,-3,-5,-5,-3,-2,-6,-6,-1,1,3,4,5,8,10,4,2,2,1,0,0,1,2,4,5,6,6,3,0,0,-2,-4,-5,-4,-3,-3,-2,-1,-1,-1,-1,-1,0,0,0,0,0,0,0,0,0,0,0,0,0,0,0,0,0,1,1,0,0,-1,-1,0,0,0,0,0,0,0,0,0,0,0,0,0,0,0,0,0,0,0,0,0
-6,-7,-12,-30,-43,-47,-34,-20,-12,-7,-3,0,0,0,1,2,3,4,4,4,4,4,4,4,3,2,1,0,0,0,0,0,0,0,0,0,1,1,2,1,1,0,0,0,0,0,0,0,0,0,1,0,0,0,0,0,0,0,0,0,0,0,0,0,1,2,3,2,1,1,1,1,1,1,0,0,0,1,1,1,1,1,1,1,1,1,1,1,1,1,0,1,1,1,1,1,1,1,1,1
-17,-27,-23,-19,-32,-29,-17,-12,-12,-9,-5,-1,0,1,1,0,0,0,1,1,1,0,0,0,0,0,0,0,0,1,1,1,0,1,1,0,1,1,2,2,2,2,3,3,3,2,2,3,3,4,4,4,5,5,5,5,5,4,3,3,3,2,2,2,2,3,4,4,4,4,4,4,3,3,2,2,2,3,3,3,3,4,4,4,4,4,3,3,4,4,3,3,3,3,3,3,3,3,3,3
-9,-17,-13,-9,-8,-14,-17,-13,-11,-10,-9,-9,-8,-6,-5,-4,-9,-8,-4,-3,-3,-2,-1,0,2,3,2,1,2,2,1,0,0,-1,-3,-4,-3,-1,0,0,0,1,1,2,2,1,0,0,0,0,1,0,0,0,0,0,0,0,0,1,1,1,1,2,2,1,1,1,0,0,0,0,0,1,1,1,2,1,1,1,1,0,0,0,0,0,0,0,0,0,0,0,0,0,0,0,0,0,0,0
8,18,0,-31,-38,-23,-16,-18,-23,-26,-26,-22,-16,-11,-8,-8,-7,-6,-6,-10,-8,-4,-3,-1,0,1,2,4,4,4,4,4,3,3,2,2,1,1,1,2,1,1,1,1,2,3,3,2,2,2,2,2,2,2,2,2,2,3,3,3,3,3,3,2,3,3,4,4,4,4,4,3,3,3,3,3,3,3,3,3,3,3,4,4,4,4,4,4,4,4,4,4,4,3,3,4,3,3,3,3
-24,-18,-18,-24,-30,-29,-21,-31,-41,-33,-23,-27,-30,-24,-19,-16,-14,-21,-15,-11,-12,-10,-7,-4,-2,0,0,2,3,3,3,2,2,2,1,0,0,0,0,0,0,1,1,1,1,1,1,1,2,2,1,1,1,1,2,1,1,1,1,1,1,1,1,1,1,0,1,1,1,1,1,2,2,1,1,1,1,1,1,1,1,1,1,2,2,2,2,2,2,1,1,1,1,1,2,2,2,2,2,2
2,3,4,0,-5,-6,-4,-4,-5,-3,-3,-7,-1,-1,-7,-8,-6,-5,-7,-9,-8,-3,0,0,3,8,9,0,4,8,7,5,4,3,3,3,2,2,3,4,3,1,0,-1,-1,-1,0,1,2,2,3,3,3,3,3,3,4,3,3,3,3,2,2,2,3,3,3,4,4,4,4,3,3,3,3,3,2,2,3,4,3,3,3,3,3,3,3,3,3,3,3,3,3,3,3,3,3,3,3,3
-26,-3,8,23,26,22,23,26,30,31,29,25,20,20,19,17,15,14,10,4,2,6,8,4,-1,2,3,-1,-5,-2,0,0,0,0,0,0,3,5,4,5,6,5,6,9,10,7,6,6,5,5,5,5,4,4,5,5,3,2,2,3,2,2,2,2,3,3,2,3,2,2,2,3,3,3,3,3,3,3,3,3,3,2,1,1,2,2,2,2,2,3,3,3,3,3,2,2,2,2,2,2
-10,18,5,-1,9,23,21,20,27,29,29,27,23,18,17,11,11,12,13,13,13,7,6,6,3,2,3,3,4,6,8,7,5,7,7,6,7,8,7,5,7,8,8,7,10,11,10,9,9,9,8,7,6,5,4,4,5,4,4,5,6,6,6,7,7,7,7,7,7,7,7,7,7,7,8,8,8,8,8,7,6,7,7,7,7,7,7,8,8,8,7,7,7,7,7,6,7,8,8,7
-13,10,18,2,7,15,16,25,31,31,27,24,25,27,26,22,17,13,8,4,6,7,6,2,2,2,0,0,-1,-3,0,0,0,0,0,0,0,2,3,4,5,5,5,4,4,5,4,3,2,2,2,1,1,1,1,0,0,2,2,1,1,1,1,1,2,2,3,4,4,4,4,5,4,3,3,3,2,2,2,2,1,1,2,3,4,4,3,3,3,4,3,2,3,2,1,1,1,3,2,1
-82,-113,-125,-112,-100,-90,-77,-63,-44,-26,-18,-3,16,13,-8,-33,-51,-58,-125,-182,-194,-177,-151,-105,-57,-17,10,28,41,45,31,5,-14,-57,-92,-119,-143,-159,-177,-190,-206,-219,-221,-202,-173,-138,-113,-86,-59,-36,-9,-1,7,-25,-59,-77,-96,-104,-106,-97,-83,-85,-75,-61,-61,-55,-55,-67,-65,-69,-80,-82,-81,-73,-69,-74,-78,-71,-65,-51,-44,-56,-67,-67,-40,-21,-14,-7,-3,-2,-3,0,2,4,5,2,3,4,4,3
-80,-116,-138,-144,-138,-120,-103,-82,-55,-25,1,25,42,28,14,-1,-22,-37,-75,-114,-173,-206,-224,-207,-167,-130,-77,-14,23,40,37,41,31,12,-18,-50,-82,-131,-168,-199,-212,-226,-234,-238,-226,-187,-145,-108,-66,-30,-16,1,11,-7,-31,-54,-71,-75,-63,-71,-68,-55,-59,-59,-58,-85,-89,-77,-83,-86,-76,-79,-79,-76,-75,-73,-66,-60,-82,-76,-48,-23,-8,-3,-4,4,4,-1,0,1,2,0,0,2,1,0,0,2,3,2
-86,-121,-135,-132,-123,-108,-91,-74,-58,-35,-10,6,10,9,5,-7,-22,-46,-93,-139,-188,-214,-219,-191,-145,-101,-60,-24,2,19,31,27,17,6,-43,-68,-86,-120,-152,-195,-218,-229,-235,-229,-195,-155,-126,-98,-65,-40,-21,7,20,7,-19,-37,-43,-52,-67,-61,-62,-83,-79,-79,-83,-73,-69,-86,-83,-73,-82,-84,-70,-64,-55,-47,-42,-60,-52,-42,-37,-17,-4,-2,0,6,6,5,6,6,5,6,6,4,3,3,3,3,2,2
-85,-110,-118,-123,-113,-97,-89,-77,-56,-34,-17,-5,12,22,16,4,-16,-34,-61,-94,-150,-195,-217,-210,-177,-141,-94,-48,-12,20,45,48,36,20,-40,-72,-108,-153,-196,-218,-230,-235,-234,-218,-185,-146,-110,-77,-40,-8,24,42,25,-15,-22,-30,-39,-44,-60,-75,-68,-96,-99,-84,-95,-86,-71,-82,-77,-73,-80,-71,-58,-52,-44,-37,-36,-67,-93,-49,-14,-9,-5,0,6,5,7,5,3,6,11,7,3,6,7,5,2,1,0,0
-77,-106,-124,-131,-124,-112,-94,-75,-60,-42,-8,20,33,29,13,-5,-14,-23,-62,-130,-176,-206,-209,-192,-160,-125,-85,-43,-5,23,35,40,43,20,-10,-76,-116,-151,-175,-206,-223,-228,-232,-234,-212,-180,-149,-117,-87,-67,-53,-35,-13,14,19,-4,-12,-19,-42,-56,-59,-68,-81,-83,-84,-84,-79,-75,-60,-62,-70,-66,-69,-73,-67,-58,-55,-65,-73,-59,-23,-5,0,2,4,2,2,3,2,3,1,2,8,10,7,8,9,8,7,6
-86,-112,-130,-128,-112,-100,-87,-69,-51,-24,-1,21,31,29,29,24,9,-26,-91,-162,-201,-221,-226,-196,-156,-115,-66,-23,4,26,29,24,19,8,-32,-82,-111,-153,-194,-217,-229,-235,-226,-200,-165,-128,-94,-67,-42,-39,-46,-40,-38,-49,-62,-71,-82,-95,-102,-95,-83,-63,-59,-61,-43,-39,-54,-50,-47,-59,-64,-71,-77,-74,-70,-73,-74,-69,-62,-56,-43,-26,-14,-10,-5,-1,-2,-3,-3,2,6,6,6,8,11,10,11,13,12,12
-83,-118,-133,-123,-119,-112,-88,-64,-43,-19,8,27,32,15,0,-17,-60,-120,-177,-203,-210,-171,-128,-91,-44,-1,31,50,54,34,17,-29,-86,-122,-140,-163,-194,-217,-229,-235,-238,-216,-172,-139,-99,-65,-55,-41,-24,-16,-12,-21,-38,-57,-78,-89,-104,-108,-100,-103,-95,-75,-69,-65,-57,-59,-58,-64,-68,-67,-64,-58,-57,-54,-50,-52,-49,-49,-46,-40,-38,-42,-36,-31,-25,-17,-5,1,3,4,6,6,8,8,6,4,4,6,4,3
-79,-112,-135,-139,-124,-102,-81,-60,-38,-17,0,15,24,22,18,6,-21,-66,-127,-180,-208,-216,-203,-161,-116,-68,-20,9,32,40,42,25,-7,-54,-87,-126,-155,-191,-215,-228,-235,-212,-187,-159,-124,-93,-63,-33,-10,1,6,0,-24,-40,-61,-84,-95,-108,-108,-89,-77,-76,-65,-61,-57,-49,-52,-55,-55,-63,-61,-52,-54,-51,-37,-34,-38,-36,-31,-29,-26,-22,-19,-13,-8,-4,0,4,6,6,7,7,9,10,10,12,11,8,8,8
-79,-108,-125,-125,-114,-95,-73,-54,-33,-14,-2,4,5,1,-10,-17,-36,-67,-128,-183,-204,-199,-160,-129,-81,-23,27,57,69,55,34,-7,-69,-134,-183,-211,-226,-223,-211,-182,-134,-112,-91,-61,-41,-29,-24,-24,-18,-25,-41,-60,-60,-60,-63,-66,-73,-71,-70,-73,-57,-60,-68,-59,-56,-58,-56,-48,-37,-40,-46,-40,-27,-27,-42,-18,-22,-30,-20,-8,-4,-2,0,4,6,7,11,13,13,13,13,15,13,12,12,9,7,5,4,4
-86,-121,-136,-122,-99,-77,-56,-36,-29,-25,-19,-14,-10,-2,5,1,-5,-49,-120,-178,-198,-202,-187,-144,-103,-55,-7,29,51,52,35,7,-49,-94,-132,-152,-184,-203,-216,-228,-207,-183,-154,-122,-99,-77,-57,-44,-33,-24,-20,-23,-34,-45,-61,-80,-87,-94,-104,-102,-88,-80,-72,-50,-37,-46,-45,-50,-54,-47,-61,-71,-69,-69,-59,-46,-43,-43,-37,-34,-33,-29,-28,-39,-24,-17,-17,-12,-4,0,0,2,6,8,7,7,8,8,8,8
-82,-109,-137,-140,-123,-98,-66,-33,-16,-13,-16,-23,-44,-65,-73,-72,-55,-34,-28,-24,-28,-50,-103,-170,-205,-204,-156,-117,-85,-38,3,31,45,35,19,-20,-70,-105,-152,-166,-193,-204,-221,-223,-207,-172,-123,-84,-67,-40,-10,5,8,2,-7,-35,-58,-76,-90,-85,-96,-103,-77,-64,-63,-50,-47,-57,-53,-59,-65,-58,-56,-56,-57,-54,-45,-40,-36,-27,-23,-27,-37,-26,-16,-18,-14,-4,6,10,10,12,14,16,13,12,16,14,11,12
-87,-120,-142,-133,-113,-96,-78,-56,-38,-19,-3,7,15,25,27,17,2,-25,-91,-164,-202,-209,-188,-163,-106,-35,23,67,87,75,41,0,-48,-91,-139,-173,-205,-223,-220,-224,-196,-150,-131,-100,-60,-34,-17,-7,-5,-15,-25,-33,-49,-63,-70,-71,-66,-64,-71,-60,-57,-71,-67,-59,-58,-67,-71,-66,-65,-63,-56,-47,-44,-40,-32,-30,-31,-28,-21,-20,-19,-13,-10,-9,-5,-1,1,2,8,9,8,9,11,10,9,8,7,6,5,3
-80,-124,-140,-137,-132,-122,-97,-68,-34,-4,15,24,28,29,29,24,25,-14,-83,-138,-187,-214,-227,-220,-185,-133,-84,-43,-8,22,38,41,27,7,-23,-63,-98,-119,-139,-162,-181,-194,-200,-216,-215,-207,-183,-143,-111,-86,-51,-19,-6,-2,-16,-31,-36,-36,-47,-50,-47,-57,-64,-76,-90,-87,-79,-83,-72,-67,-66,-54,-49,-50,-39,-29,-30,-28,-22,-20,-41,-30,-16,-13,-12,-5,0,5,5,6,8,12,12,12,13,12,11,10,10,11
-81,-109,-126,-115,-113,-106,-84,-62,-41,-11,16,30,18,0,-15,-21,-22,-23,-14,-5,-11,-38,-102,-143,-188,-210,-220,-195,-156,-130,-78,-33,8,34,50,45,40,30,-5,-43,-82,-90,-89,-99,-97,-78,-75,-73,-78,-76,-80,-88,-83,-78,-73,-67,-57,-41,-28,-26,-20,-15,-15,-13,-9,-10,-14,-14,-12,-16,-13,-8,-6,-5,-1,1,3,3,2,3,3,2,0,1,1,2,2,1,0,0,0,0,0,0,0,0,0,0,0,0
-78,-95,-100,-97,-88,-75,-66,-58,-51,-43,-28,-18,-9,2,8,0,-35,-67,-116,-175,-197,-195,-192,-149,-81,-43,0,33,48,40,21,-19,-54,-84,-124,-150,-190,-215,-228,-228,-212,-179,-141,-119,-87,-59,-40,-23,-10,0,3,-18,-39,-44,-50,-68,-70,-75,-78,-74,-78,-85,-79,-86,-82,-77,-70,-61,-62,-60,-53,-46,-42,-35,-95,-75,-31,-6,1,-1,0,0,-4,-2,4,6,4,5,9,10,11,14,13,11,10,10,10,11,11,12
-77,-91,-94,-94,-95,-86,-78,-68,-59,-45,-25,-5,3,8,18,12,5,-17,-39,-79,-126,-179,-208,-224,-216,-188,-145,-91,-33,10,36,46,34,0,-31,-72,-130,-171,-197,-217,-229,-227,-220,-196,-162,-138,-107,-80,-49,-24,-6,6,0,-21,-40,-45,-54,-70,-75,-82,-93,-93,-88,-89,-87,-84,-75,-71,-73,-61,-54,-54,-49,-40,-40,-35,-29,-29,-28,-24,-21,-15,-9,-5,0,4,5,6,9,9,8,9,8,7,8,8,8,7,6,7
-79,-112,-117,-121,-123,-111,-93,-81,-63,-42,-18,4,13,12,8,-14,-28,-41,-47,-72,-135,-187,-214,-222,-191,-142,-88,-26,18,58,77,72,57,10,-50,-102,-150,-192,-209,-219,-224,-229,-212,-180,-152,-128,-98,-72,-58,-46,-36,-29,-14,0,-12,-35,-39,-47,-63,-71,-76,-90,-97,-91,-90,-95,-93,-94,-96,-93,-83,-73,-75,-71,-53,-48,-43,-34,-32,-28,-25,-23,-24,-22,-14,-10,-12,-11,-10,-6,-4,-2,0,0,1,1,1,1,2,2
-88,-122,-123,-116,-105,-87,-70,-49,-32,-10,11,24,31,35,25,7,-30,-90,-162,-188,-210,-216,-177,-115,-60,-6,39,74,76,51,16,-53,-102,-152,-186,-211,-226,-232,-234,-219,-187,-154,-130,-108,-86,-76,-64,-44,-31,-21,-13,-11,-22,-37,-56,-73,-74,-82,-93,-84,-77,-76,-67,-65,-66,-66,-69,-65,-67,-64,-55,-50,-49,-37,-31,-33,-34,-28,-22,-21,-17,-10,-6,-4,0,0,1,1,1,4,5,5,5,7,8,9,8,9,10,10
-76,-75,-73,-71,-67,-63,-54,-42,-27,-5,8,7,2,-3,-5,-14,-26,-46,-63,-73,-93,-133,-167,-203,-221,-220,-203,-170,-131,-94,-47,-2,26,44,54,45,18,-19,-54,-89,-117,-152,-161,-172,-205,-209,-204,-186,-146,-105,-64,-36,-28,-21,-20,-31,-45,-43,-45,-51,-55,-62,-61,-74,-79,-74,-79,-75,-69,-68,-65,-56,-49,-45,-38,-30,-24,-17,-12,-10,-12,-13,-10,-7,-5,-4,-1,0,0,0,0,0,-1,0,0,1,1,3,3,4
-86,-118,-123,-119,-114,-100,-83,-66,-45,-23,-10,-4,0,0,-10,-28,-35,-45,-64,-95,-131,-153,-152,-128,-82,-38,-12,1,15,10,-10,-42,-74,-100,-126,-151,-165,-176,-188,-196,-189,-173,-152,-130,-102,-80,-78,-65,-43,-31,-34,-33,-39,-47,-57,-72,-81,-79,-81,-76,-72,-83,-88,-86,-92,-92,-81,-78,-83,-74,-69,-82,-75,-59,-59,-55,-53,-54,-51,-43,-37,-32,-31,-31,-20,-12,-9,-7,-3,-3,-6,-7,-3,0,0,1,4,6,8,8
-77,-164,-210,-174,-143,-120,-45,21,63,75,76,73,83,138,183,207,176,198,214,172,184,186,78,24,-65,-88,-56,-60,-76,-79,-63,-46,-35,-35,-35,-51,-56,-60,-78,-96,-112,-129,-127,-105,-88,-85,-73,-66,-59,-53,-42,-31,-22,-16,-11,-4,0,0,-1,-1,-1,-1,-2,-2,-3,-3,-4,-5,-5,-5,-6,-7,-8,-8,-8,-8,-8,-8,-8,-7,-7,-7,-7,-7,-6,-7,-7,-7,-6,-6,-5,-5,-5,-5,-4,-4,-3,-3,-4,-4
-87,-172,-218,-223,-190,-103,-6,65,80,82,85,94,150,190,200,141,182,206,172,192,211,151,122,-55,-50,-15,-46,-78,-89,-57,-23,-5,-2,2,-19,-66,-106,-127,-134,-140,-138,-126,-104,-99,-84,-63,-44,-36,-34,-30,-26,-19,-10,-5,-4,-4,-3,-3,-3,-4,-6,-5,-5,-5,-6,-7,-7,-7,-8,-8,-7,-6,-5,-5,-6,-6,-6,-6,-6,-6,-6,-6,-8,-8,-8,-7,-5,-4,-3,-4,-6,-7,-8,-8,-7,-7,-6,-6,-6,-7
-79,-167,-215,-240,-244,-157,-62,8,58,102,122,147,188,209,220,214,223,189,159,184,149,156,-23,-56,-12,-24,-50,-70,-81,-73,-36,0,-1,-12,-37,-56,-90,-117,-156,-174,-176,-165,-142,-118,-92,-84,-80,-67,-49,-41,-36,-32,-23,-18,-15,-13,-9,-9,-8,-6,-5,-6,-6,-7,-6,-6,-6,-6,-5,-5,-5,-5,-6,-6,-6,-7,-8,-8,-7,-7,-7,-7,-7,-8,-8,-7,-6,-6,-7,-7,-8,-8,-8,-8,-8,-7,-7,-7,-7,-7
-76,-163,-214,-229,-222,-180,-112,-30,14,47,67,74,125,177,195,103,151,190,162,153,160,190,208,107,-68,-9,25,-13,-70,-93,-72,-64,-54,-36,-25,-34,-40,-52,-71,-93,-144,-158,-159,-142,-117,-91,-70,-54,-50,-44,-36,-26,-18,-11,-6,-5,-5,-4,-5,-5,-5,-6,-6,-5,-4,-6,-7,-8,-8,-8,-7,-7,-7,-6,-6,-5,-5,-6,-6,-7,-7,-8,-8,-8,-7,-8,-8,-8,-8,-8,-8,-7,-5,-5,-5,-6,-6,-6,-6,-6
-86,-174,-219,-242,-237,-180,-72,0,45,77,90,135,182,206,177,140,181,206,154,129,147,137,147,-30,-104,-31,-16,-57,-79,-81,-74,-50,-15,1,5,-12,-41,-80,-123,-146,-141,-131,-132,-121,-114,-122,-112,-90,-70,-54,-49,-45,-36,-24,-19,-20,-19,-18,-15,-15,-17,-17,-19,-20,-20,-18,-17,-16,-15,-14,-12,-11,-11,-11,-11,-11,-10,-9,-9,-10,-10,-10,-10,-12,-13,-14,-14,-13,-12,-14,-14,-13,-12,-11,-11,-11,-11,-13,-14,-16
-91,-173,-218,-239,-245,-190,-107,-26,35,70,93,109,164,197,214,135,165,160,106,76,50,13,38,-15,-108,-94,-68,-68,-80,-75,-43,-20,-4,9,15,9,-33,-98,-167,-195,-196,-175,-152,-127,-94,-75,-64,-51,-48,-42,-34,-29,-24,-19,-17,-15,-13,-12,-10,-9,-9,-11,-10,-11,-12,-12,-11,-11,-12,-12,-11,-9,-8,-9,-9,-10,-10,-11,-11,-10,-10,-9,-9,-9,-10,-11,-11,-11,-10,-10,-9,-8,-7,-7,-7,-7,-7,-7,-7,-7
-91,-174,-214,-219,-196,-141,-81,-21,9,41,64,95,155,192,207,127,141,183,154,127,137,135,128,64,-92,-118,-84,-73,-85,-86,-64,-41,-30,-32,-52,-105,-136,-140,-138,-133,-125,-106,-90,-76,-64,-52,-42,-32,-26,-20,-17,-13,-11,-8,-6,-6,-6,-6,-6,-6,-6,-6,-6,-7,-7,-7,-7,-8,-8,-6,-4,-3,-3,-4,-4,-4,-5,-5,-5,-5,-5,-6,-6,-5,-4,-4,-5,-5,-5,-5,-5,-5,-5,-5,-5,-5,-5,-5,-6,-5
-77,-160,-212,-235,-237,-188,-126,-67,-24,16,53,81,132,181,206,216,189,186,162,124,95,83,45,74,-92,-133,-77,-61,-93,-108,-89,-82,-63,-39,-21,-36,-66,-88,-124,-163,-169,-160,-147,-125,-103,-83,-65,-55,-47,-38,-32,-27,-22,-17,-15,-14,-12,-8,-6,-6,-6,-6,-6,-7,-7,-8,-9,-10,-9,-8,-7,-6,-6,-6,-5,-5,-5,-4,-4,-5,-5,-6,-6,-7,-6,-6,-6,-6,-5,-4,-3,-2,-3,-5,-7,-9,-10,-9,-8,-7
-76,-141,-168,-173,-160,-128,-90,-53,-5,32,61,92,128,170,200,215,209,172,165,129,105,89,51,27,-45,-151,-137,-98,-105,-117,-101,-71,-42,-23,-22,-33,-61,-115,-142,-158,-166,-154,-135,-114,-95,-80,-66,-59,-51,-42,-31,-28,-26,-20,-18,-16,-11,-9,-10,-10,-10,-9,-9,-8,-8,-8,-9,-9,-9,-10,-10,-10,-10,-9,-9,-9,-8,-9,-9,-9,-9,-9,-9,-9,-9,-9,-9,-9,-9,-9,-9,-8,-9,-9,-9,-9,-9,-9,-10,-10
-79,-157,-184,-187,-180,-139,-105,-51,-6,32,83,139,184,207,219,200,211,185,114,86,76,54,44,-27,-114,-114,-97,-103,-110,-91,-58,-41,-29,-15,-20,-33,-70,-99,-129,-165,-170,-156,-143,-133,-125,-116,-101,-85,-74,-67,-61,-57,-52,-45,-40,-37,-36,-34,-33,-33,-32,-33,-32,-32,-31,-30,-30,-29,-28,-27,-27,-27,-27,-27,-27,-26,-25,-25,-24,-24,-24,-23,-23,-23,-23,-23,-23,-23,-23,-23,-23,-23,-23,-23,-23,-23,-24,-24,-23,-23
-92,-174,-219,-237,-224,-176,-113,-32,11,65,144,186,208,220,225,228,198,132,86,72,53,24,14,-84,-134,-108,-92,-99,-89,-74,-54,-45,-40,-49,-59,-80,-111,-135,-158,-176,-170,-156,-145,-132,-123,-114,-97,-87,-77,-65,-62,-59,-50,-44,-39,-35,-31,-27,-24,-21,-19,-19,-19,-19,-18,-16,-15,-15,-15,-15,-14,-14,-14,-13,-12,-10,-9,-9,-9,-9,-8,-7,-8,-8,-8,-10,-12,-12,-11,-11,-11,-11,-10,-10,-11,-11,-11,-11,-10,-10
-87,-160,-202,-231,-235,-207,-160,-98,-40,69,148,189,210,165,172,201,169,107,80,51,23,106,27,-90,-39,-10,-18,-39,-54,-50,-47,-33,-20,-20,-29,-45,-84,-126,-153,-164,-157,-150,-153,-142,-131,-120,-116,-128,-119,-97,-79,-69,-58,-48,-41,-35,-31,-29,-28,-26,-24,-22,-20,-19,-17,-16,-16,-16,-16,-16,-16,-15,-14,-13,-12,-11,-12,-12,-11,-10,-10,-10,-10,-10,-10,-10,-10,-10,-9,-8,-8,-9,-10,-10,-10,-10,-10,-10,-9,-9
-97,-168,-216,-240,-226,-188,-121,-40,22,96,160,195,213,222,202,191,157,96,55,20,-20,11,-2,-78,-91,-84,-65,-63,-71,-68,-55,-39,-22,-20,-17,-33,-69,-92,-113,-131,-145,-141,-126,-112,-107,-100,-85,-68,-57,-47,-42,-38,-33,-27,-21,-17,-14,-12,-11,-10,-9,-8,-7,-7,-7,-6,-6,-6,-6,-6,-7,-8,-8,-8,-8,-9,-10,-9,-9,-8,-9,-8,-8,-8,-8,-8,-8,-7,-7,-7,-6,-6,-6,-5,-5,-6,-6,-6,-6,-6
-81,-143,-192,-220,-218,-215,-183,-115,-33,45,111,169,200,215,206,203,202,147,81,49,38,26,42,35,-60,-81,-41,-43,-70,-81,-78,-67,-57,-48,-41,-36,-48,-79,-87,-111,-131,-146,-156,-154,-154,-142,-124,-105,-93,-82,-70,-61,-54,-48,-45,-46,-46,-40,-34,-31,-31,-30,-29,-25,-22,-22,-22,-21,-21,-21,-22,-23,-23,-21,-21,-20,-20,-19,-18,-17,-17,-17,-17,-16,-16,-16,-16,-16,-15,-16,-15,-16,-16,-16,-16,-16,-16,-16,-16,-16
-92,-174,-219,-242,-242,-213,-164,-93,-9,55,118,171,201,216,217,213,212,193,151,102,73,55,40,74,-7,-92,-58,-35,-67,-88,-91,-81,-77,-67,-49,-36,-31,-28,-36,-60,-86,-101,-132,-167,-172,-162,-156,-138,-115,-95,-78,-69,-63,-56,-49,-41,-34,-28,-23,-20,-18,-16,-14,-13,-13,-13,-14,-14,-12,-13,-12,-11,-11,-12,-12,-12,-12,-12,-11,-10,-10,-11,-12,-12,-12,-12,-11,-10,-10,-10,-11,-11,-11,-11,-11,-10,-10,-9,-9,-9
-102,-170,-211,-238,-251,-241,-171,-64,19,104,166,198,206,197,183,164,124,86,67,59,58,22,-100,-144,-101,-72,-82,-97,-90,-66,-42,-25,-24,-26,-49,-82,-118,-146,-161,-166,-161,-145,-131,-116,-106,-80,-69,-66,-59,-47,-37,-29,-27,-30,-30,-26,-22,-18,-17,-17,-15,-14,-13,-12,-12,-14,-15,-15,-15,-14,-12,-12,-12,-12,-13,-12,-11,-10,-11,-11,-11,-11,-11,-10,-10,-10,-10,-10,-10,-9,-9,-9,-9,-9,-8,-8,-8,-9,-9,-9
-79,-164,-214,-240,-237,-190,-114,-37,20,79,136,182,206,213,190,172,188,171,131,108,66,17,28,-47,-92,-86,-82,-98,-122,-113,-84,-62,-43,-31,-31,-43,-64,-86,-116,-136,-156,-160,-142,-112,-94,-83,-71,-60,-50,-39,-32,-27,-22,-17,-13,-11,-9,-7,-5,-5,-5,-5,-6,-6,-7,-7,-7,-7,-7,-8,-8,-6,-5,-5,-7,-7,-7,-6,-6,-5,-6,-6,-7,-7,-8,-7,-7,-7,-7,-7,-6,-7,-8,-8,-7,-7,-6,-5,-6,-7
-94,-178,-221,-243,-242,-181,-81,1,53,96,156,193,212,219,206,211,179,109,67,66,67,78,107,4,-59,-60,-58,-65,-86,-99,-85,-55,-37,-37,-43,-60,-71,-89,-119,-134,-155,-163,-150,-136,-132,-119,-96,-77,-63,-53,-49,-45,-37,-29,-24,-21,-19,-17,-16,-15,-15,-15,-12,-10,-9,-8,-8,-8,-7,-7,-6,-6,-5,-5,-5,-5,-4,-5,-5,-5,-5,-5,-5,-5,-5,-5,-4,-3,-3,-3,-3,-4,-3,-3,-3,-3,-3,-3,-3,-3
-96,-178,-216,-240,-233,-167,-77,-37,20,77,127,178,204,214,207,194,169,143,97,65,70,46,40,0,-89,-100,-83,-74,-87,-99,-82,-58,-47,-45,-59,-83,-89,-99,-115,-127,-141,-149,-144,-128,-102,-78,-64,-51,-46,-46,-41,-32,-24,-18,-14,-12,-10,-9,-10,-10,-9,-8,-7,-6,-5,-5,-5,-5,-4,-4,-4,-4,-4,-3,-3,-2,-2,-2,-2,-4,-5,-6,-6,-5,-4,-3,-3,-3,-4,-5,-5,-5,-4,-4,-4,-3,-4,-4,-4,-4
-91,-157,-197,-219,-214,-183,-128,-70,-11,31,73,137,183,207,215,198,201,193,170,177,173,170,61,-99,-78,-38,-34,-66,-80,-68,-53,-35,-21,-21,-33,-69,-103,-108,-107,-111,-109,-97,-81,-74,-71,-67,-59,-48,-36,-31,-29,-27,-23,-18,-10,-4,-1,0,0,-1,-2,-2,-2,-3,-3,-3,-3,-3,-2,-3,-4,-3,-3,-2,-3,-3,-4,-5,-6,-7,-5,-6,-5,-5,-5,-6,-6,-6,-5,-4,-3,-3,-2,-2,-3,-3,-3,-2,-1,-1
-54,-151,-149,-109,-35,14,31,34,35,60,105,144,189,216,230,190,121,132,126,76,38,1,-100,-144,-93,-62,-50,-39,-65,-71,-41,-27,-39,-44,-45,-37,-20,-4,0,4,9,10,7,4,7,10,13,16,14,14,14,15,14,10,8,6,5,6,8,11,10,8,7,9,10,11,10,9,8,7,6,6,6,6,5,5,5,7,7,6,6,6,7,7,7,8,8,7,7,6,6,7,7,6,6,6,6,7,8,9
89,105,79,9,-83,-152,-157,-122,-30,28,46,64,93,132,169,205,224,234,190,131,108,102,56,0,-62,-72,-85,-113,-93,-84,-94,-110,-91,-67,-71,-87,-68,-36,-32,-39,-40,-33,-17,-5,0,1,1,3,8,13,15,16,14,12,11,12,12,10,7,7,6,7,8,8,8,7,7,8,8,8,8,8,8,8,7,7,7,6,6,6,6,6,6,6,6,7,7,7,7,7,8,8,8,8,8,8,7,8,8,8
18,-38,-125,-169,-154,-84,-4,32,25,3,2,17,70,143,193,218,231,187,142,110,73,21,-16,-77,-115,-102,-105,-108,-106,-97,-80,-92,-101,-92,-85,-66,-42,-25,-16,-18,-25,-24,-16,-6,2,7,8,9,8,7,7,9,11,13,14,14,13,12,11,10,10,10,9,9,9,9,9,9,9,9,9,9,8,8,8,7,7,7,7,8,7,7,7,7,7,7,7,7,8,8,8,7,7,7,7,7,8,8,8,8
-87,-153,-146,-99,-43,0,0,-18,-31,4,70,150,196,220,227,199,150,99,80,61,19,-14,-30,-53,-70,-87,-90,-111,-123,-94,-101,-105,-97,-93,-69,-51,-39,-28,-30,-41,-32,-14,-2,1,1,2,4,8,12,15,15,15,16,17,17,17,16,14,14,14,12,13,16,20,20,17,15,16,14,13,17,20,17,13,11,10,9,9,9,10,9,9,9,9,9,10,10,10,10,9,8,8,8,8,9,8,8,9,9,9
-56,-86,-118,-116,-73,-26,3,13,17,43,84,116,158,190,214,226,190,140,106,103,102,86,55,25,-12,-35,-61,-92,-98,-113,-104,-102,-104,-97,-75,-67,-47,-32,-30,-39,-50,-41,-20,-2,6,8,6,5,5,7,10,10,10,10,11,12,12,12,13,13,12,12,12,11,10,11,11,11,11,11,11,12,13,13,13,13,13,12,12,12,12,12,12,12,12,11,11,11,11,11,11,11,11,11,12,12,12,12,11,11
33,-17,-105,-165,-153,-98,-30,22,48,20,13,39,55,76,107,106,158,200,215,189,145,118,121,104,63,29,-9,-31,-44,-57,-63,-76,-78,-80,-94,-88,-71,-48,-19,-6,-18,-34,-34,-15,3,10,11,10,9,8,9,9,10,12,14,15,17,18,17,16,14,13,12,11,13,14,14,13,11,10,12,14,15,15,15,14,14,15,16,15,15,14,14,16,16,16,16,16,16,17,17,17,17,17,17,16,16,15,15,14
-78,-110,-121,-70,-18,6,-9,-23,-21,13,64,100,143,170,204,210,206,180,152,135,121,95,52,-13,-64,-65,-56,-58,-111,-124,-84,-65,-52,-36,-39,-41,-35,-28,-23,-17,-10,-3,1,7,11,12,11,10,11,12,15,17,17,18,18,19,19,15,12,11,11,11,10,10,11,10,9,9,9,10,11,12,13,14,14,13,12,11,10,9,8,8,9,9,9,10,10,10,10,10,10,10,10,11,11,11,12,12,12,13
-93,-166,-146,-110,-45,5,9,2,0,20,51,90,152,197,215,197,162,123,86,68,66,59,54,43,13,-13,-55,-63,-59,-64,-73,-107,-95,-70,-54,-46,-50,-48,-30,-15,-11,-10,-6,-2,2,9,13,14,15,16,19,21,22,21,19,19,20,21,20,17,14,14,13,14,16,15,14,13,12,12,13,13,13,13,13,12,12,11,11,11,10,10,11,10,10,11,11,10,10,11,11,11,12,12,12,11,11,12,12,12
-97,-169,-173,-108,-25,39,62,43,20,20,20,51,84,111,172,193,200,158,112,83,66,84,92,77,44,0,-40,-84,-87,-64,-44,-45,-81,-100,-75,-41,-23,-9,-9,-31,-51,-41,-22,-4,1,5,8,9,8,12,16,16,16,17,17,15,12,12,13,13,11,11,12,11,10,9,6,3,3,3,4,7,9,9,8,10,12,12,11,10,9,8,8,9,9,9,8,9,9,10,12,13,15,13,11,11,12,13,12,11
-100,-153,-142,-130,-70,-24,-13,-11,-8,17,69,107,174,208,226,201,142,116,108,59,23,16,-15,-31,-52,-80,-129,-102,-91,-73,-61,-60,-49,-38,-31,-33,-32,-25,-17,-8,0,2,3,6,8,9,9,12,14,15,15,13,15,18,17,16,14,12,9,5,5,11,13,12,10,9,9,10,11,12,11,11,12,12,12,12,16,19,18,16,14,13,12,11,10,10,10,11,11,13,14,15,16,16,15,14,14,13,13,12
-91,-142,-170,-122,-64,-20,-16,-38,-44,-13,35,59,133,146,175,186,178,154,132,109,68,14,-22,-64,-108,-97,-81,-79,-89,-119,-116,-61,-48,-68,-83,-73,-53,-49,-53,-50,-38,-22,-9,-2,2,2,2,4,6,5,0,9,22,23,16,8,4,1,1,2,3,4,4,4,3,2,2,2,1,0,1,2,4,4,4,3,3,3,3,2,3,3,3,4,4,5,6,6,6,6,6,6,6,6,6,6,6,5,4,4
-80,-144,-194,-202,-125,-41,-2,9,-12,-24,1,20,72,156,199,211,159,98,73,76,82,57,28,-4,-49,-66,-76,-102,-119,-121,-90,-72,-67,-63,-67,-59,-36,-16,-19,-34,-36,-15,4,4,3,7,12,17,20,20,20,19,17,16,16,18,20,20,18,15,16,18,15,12,9,6,6,7,8,9,10,10,9,9,9,9,9,9,9,9,9,9,10,11,12,12,13,14,14,13,14,14,14,14,14,14,14,14,14,13
-79,-134,-161,-117,-50,-15,-7,-19,-23,7,31,104,170,206,204,144,86,46,51,47,32,19,5,-26,-42,-59,-95,-94,-95,-92,-95,-94,-84,-73,-61,-43,-26,-19,-21,-26,-25,-17,-3,8,15,18,18,18,19,19,18,18,18,18,19,18,18,22,22,19,19,19,18,17,15,14,14,14,14,14,15,15,15,15,15,15,15,15,15,16,16,17,16,16,16,15,14,14,13,13,13,13,14,14,14,14,14,13,13,13
19,-26,-96,-127,-114,-65,-2,33,33,5,-16,-19,24,47,75,136,151,164,156,128,104,106,78,27,2,-31,-60,-56,-48,-68,-99,-94,-96,-94,-82,-78,-71,-52,-36,-25,-19,-20,-22,-21,-12,-2,3,6,6,7,9,10,11,11,11,11,12,14,14,14,13,11,11,11,10,9,7,7,9,10,10,10,10,10,11,10,10,11,10,10,10,10,10,10,9,9,9,10,10,11,11,11,12,13,14,14,14,13,13,14
69,72,40,-41,-141,-150,-118,-49,23,54,38,28,16,13,37,69,119,177,210,212,157,96,73,33,13,9,-11,-24,-49,-51,-74,-95,-98,-104,-84,-77,-66,-46,-43,-50,-35,-15,-11,-17,-22,-20,-12,-2,6,10,10,12,16,20,21,23,24,25,26,26,24,22,19,23,24,22,21,20,17,17,16,17,17,17,18,18,18,17,17,16,17,18,18,15,15,15,16,17,18,17,17,17,16,15,14,13,13,14,15,15
80,64,42,-1,-94,-165,-177,-133,-53,-3,19,27,19,21,34,52,109,162,202,187,151,106,79,95,78,51,44,10,-16,-28,-19,-54,-55,-32,-67,-70,-35,-9,-10,-25,-47,-50,-32,-13,0,6,7,7,11,16,20,26,27,24,20,18,16,14,14,14,14,14,13,12,11,11,9,9,9,9,9,11,12,14,14,13,13,13,13,12,11,11,11,10,10,10,10,10,11,11,11,12,12,12,13,13,13,13,12,12
79,104,76,-7,-103,-153,-159,-114,-55,-18,-3,-13,-14,8,29,74,132,179,205,186,142,107,91,81,52,26,-10,-35,-51,-57,-75,-80,-74,-91,-82,-78,-81,-66,-53,-47,-39,-34,-32,-26,-18,-11,-6,-3,0,4,8,17,24,25,22,20,19,19,20,20,21,22,20,19,18,17,17,16,15,15,16,17,16,16,16,16,15,14,14,14,14,14,14,14,13,14,14,14,14,14,15,15,15,15,15,14,14,14,13,13
-80,-159,-204,-178,-91,-41,-3,18,34,76,79,132,161,161,178,151,121,96,74,75,71,56,19,-2,-24,-43,-71,-79,-44,-62,-73,-69,-71,-71,-55,-19,-9,-2,-11,-19,-16,-7,1,5,4,4,6,11,15,15,13,14,16,15,15,16,19,18,13,11,15,17,16,13,10,11,14,15,12,11,13,16,16,16,15,15,14,14,14,14,14,14,14,14,15,15,14,15,16,16,17,16,15,16,16,16,16,16,16,16
-106,-121,-131,-10,-26,-44,-15,-30,-33,9,21,107,174,209,226,198,133,80,50,31,16,-1,-13,-42,-64,-78,-85,-94,-102,-101,-112,-123,-101,-68,-48,-32,-28,-22,-19,-26,-29,-22,-12,-3,0,4,8,11,12,13,15,16,19,22,22,18,15,15,15,15,16,15,15,14,14,14,14,14,14,13,13,13,14,14,16,16,15,13,12,12,12,11,10,12,12,9,9,11,13,12,12,12,11,11,11,12,12,13,13,12
-77,-157,-149,-119,-55,-11,0,6,22,50,84,111,161,172,177,162,126,90,70,68,75,59,32,15,-32,-52,-52,-47,-61,-51,-32,-45,-45,-27,-26,-29,-32,-34,-31,-21,-11,-5,-3,-1,1,2,3,6,10,15,19,20,19,17,15,14,13,13,13,13,13,12,11,10,9,9,10,10,10,11,11,11,10,10,10,11,11,10,9,8,8,9,10,10,9,9,9,9,9,9,9,10,9,9,9,9,9,9,9,9
1,3,1,-11,-37,-52,-21,28,61,81,89,72,38,70,-36,-21,-27,-50,-48,-31,-17,-5,-7,-38,-73,-105,-96,-127,-134,-112,-88,-74,-65,-57,-51,-46,-38,-32,-31,-27,-20,-17,-13,-12,-13,-13,-11,-8,-8,-7,-7,-7,-7,-6,-5,-4,-4,-3,-1,0,0,0,0,0,0,0,0,0,0,-1,-1,-1,-2,-2,-2,-1,-2,-3,-1,-1,-1,-1,-1,-1,0,0,0,0,0,0,0,0,0,0,0,0,0,-1,-1,-1
-80,-131,-115,-31,26,37,55,62,21,45,-6,-21,-17,-39,-42,-36,-27,-21,-17,-26,-37,-62,-83,-112,-115,-99,-84,-71,-65,-59,-51,-43,-36,-32,-29,-25,-22,-18,-11,-7,-6,-6,-5,-5,-3,-2,-2,-2,-1,-1,-1,0,0,-1,-1,-2,-2,-1,-1,0,0,0,0,0,0,0,0,0,0,0,0,0,0,0,1,0,0,0,1,0,0,1,1,0,0,0,0,5,9,2,-1,0,0,1,2,2,1,1,1,1
-91,-130,-101,-1,39,34,57,62,42,78,-16,-31,-21,-42,-51,-38,-17,0,-23,-57,-86,-109,-109,-106,-95,-81,-67,-55,-47,-38,-31,-25,-20,-16,-13,-10,-9,-5,0,0,0,-2,-2,-1,-2,-3,-3,-2,-1,0,0,0,0,0,-1,-1,-2,-1,-1,-1,-1,0,0,0,0,-1,-1,-1,-1,-1,-1,-1,-1,-1,-1,-1,-1,-1,-1,-1,-2,-2,-2,-2,-2,-1,-1,0,0,0,0,-1,-1,-1,-1,-1,-1,-1,-1,-2
-94,-153,-123,-45,10,14,39,73,2,94,-16,-29,-16,-33,-34,-31,-15,-23,-56,-80,-98,-122,-122,-113,-97,-77,-61,-52,-47,-40,-33,-27,-23,-16,-12,-10,-8,-2,3,6,7,6,5,4,4,3,2,2,4,5,6,5,6,6,6,6,6,6,6,5,4,4,5,5,5,5,4,3,3,3,2,3,2,2,2,2,3,3,3,3,3,2,2,2,2,2,2,3,2,2,2,2,2,2,2,2,1,1,1,1
-72,-123,-109,-35,-4,12,39,55,61,4,-15,-26,-36,-41,-31,-28,-21,-26,-33,-49,-84,-103,-106,-103,-96,-95,-89,-76,-64,-53,-45,-39,-33,-29,-26,-25,-21,-16,-11,-9,-9,-9,-8,-8,-7,-7,-7,-6,-5,-4,-3,-1,-1,-1,-1,-2,-2,-2,-2,-2,-2,-2,-1,-1,-1,0,0,0,0,0,0,0,0,0,1,1,1,1,1,1,1,1,1,1,1,0,0,1,1,1,1,1,1,1,1,2,2,3,3,3
-86,-124,-91,-1,43,54,66,91,64,58,-23,-17,-32,-41,-31,-18,-14,-34,-63,-92,-106,-110,-111,-100,-87,-77,-65,-52,-41,-35,-30,-27,-24,-20,-14,-13,-14,-11,-7,-5,-5,-4,-4,-3,-2,-2,-1,0,0,0,0,0,0,0,0,0,0,0,1,1,0,0,0,3,4,2,1,0,0,0,0,0,0,0,0,0,0,0,0,1,0,1,1,0,1,2,2,1,1,1,1,2,2,2,2,2,1,1,0,1
-80,-140,-108,-18,27,47,84,96,62,21,-4,-10,-36,-36,-24,-14,-21,-35,-54,-77,-78,-87,-95,-89,-75,-59,-48,-43,-41,-38,-33,-26,-22,-18,-15,-13,-12,-8,-9,-11,-12,-10,-4,-2,-4,-5,-3,-1,-1,-1,-1,-2,-2,-1,-1,-1,-1,-1,-1,-2,-3,-3,-2,-2,-3,-3,-3,-2,-1,-1,-2,-2,-2,-1,0,0,0,0,-1,-1,-1,-1,-1,-2,-1,-2,-2,-1,0,0,0,0,0,0,0,0,-1,-1,0,0
-78,-131,-152,-121,-67,-18,22,55,2,32,-17,-30,-41,-34,-19,-25,-31,-45,-64,-83,-98,-96,-85,-66,-60,-62,-54,-46,-40,-32,-26,-21,-19,-16,-12,-8,-6,-7,-8,-5,0,5,9,11,9,4,1,1,4,8,9,10,9,7,6,5,4,4,3,1,0,0,0,0,0,0,0,0,0,0,0,0,0,0,0,0,0,1,1,1,2,1,0,-1,-1,0,0,0,0,1,1,0,0,0,0,0,0,0,0,1
-91,-161,-134,-41,13,37,61,77,12,34,-45,-43,-27,-27,-22,-14,-23,-28,-55,-71,-75,-81,-77,-67,-65,-54,-43,-39,-32,-28,-26,-23,-20,-16,-13,-10,-8,-5,-4,-4,-5,-4,-3,-1,-2,-3,-2,-1,0,0,0,0,0,0,0,0,0,0,0,-1,-1,-1,-1,-1,-1,-1,-1,-1,-1,0,0,0,0,0,0,0,0,-1,-1,-1,-1,-1,-1,-1,-1,-1,-1,-2,-1,-1,0,0,0,0,0,0,0,0,0,0
-56,-103,-94,-33,35,59,79,96,64,69,20,-4,-20,-23,-18,-18,-16,-21,-26,-42,-59,-64,-71,-70,-64,-56,-48,-41,-33,-27,-29,-31,-30,-23,-15,-10,-7,-3,0,0,-1,-1,0,0,-1,-1,-1,0,-1,-2,-1,0,0,-2,-3,-3,-1,0,0,0,0,-1,-2,-2,-2,-2,-1,-2,-2,-2,-1,-1,-1,-1,0,0,0,0,0,0,0,0,-1,-1,-1,-2,-2,-2,-2,-2,-1,-1,-1,-1,-1,-1,-1,-1,-1,-1
-77,-108,-81,5,49,72,105,112,57,67,0,-17,-22,-32,-23,-2,-10,-29,-59,-70,-78,-71,-67,-68,-56,-51,-49,-37,-23,-16,-13,-18,-21,-17,-11,-10,-6,-3,-3,-4,-3,-2,-3,-4,-4,-2,0,1,3,4,5,4,3,2,1,1,0,0,0,0,1,2,2,2,3,3,3,2,2,2,1,1,1,1,1,2,2,2,2,4,4,3,2,2,3,3,3,3,3,4,4,4,3,3,3,3,3,3,3,2
-82,-112,-89,-25,43,82,104,98,60,34,-7,-20,-34,-28,-21,-24,-35,-41,-50,-61,-74,-69,-78,-83,-76,-60,-36,-24,-29,-36,-36,-32,-24,-15,-10,-8,-4,-2,0,2,2,2,1,2,2,3,3,2,0,0,0,1,1,1,0,0,0,0,0,0,0,0,0,0,0,0,0,1,1,1,1,1,1,1,2,2,2,2,1,1,1,1,0,0,0,0,0,0,0,0,1,1,2,2,1,2,2,2,2,2
-79,-116,-75,1,54,79,90,84,38,8,0,-22,-28,-25,-21,-22,-19,-30,-46,-61,-79,-88,-86,-80,-71,-62,-56,-49,-43,-36,-28,-23,-21,-17,-12,-7,-2,2,4,3,2,2,2,3,3,2,2,2,3,4,3,5,10,13,14,13,10,10,10,10,10,10,10,9,8,8,9,9,9,8,7,5,5,6,5,6,6,7,8,8,9,9,9,9,8,8,7,8,8,8,7,7,8,9,9,10,9,10,10,10
-79,-128,-111,-57,16,51,61,86,-39,-12,-39,-23,-27,-36,-28,-18,-23,-36,-57,-65,-72,-81,-80,-73,-66,-55,-47,-45,-45,-44,-38,-34,-33,-30,-25,-20,-16,-9,-5,-3,-3,-3,-2,-2,-1,-1,-2,-2,-2,-1,0,0,0,0,-2,-3,-4,-3,-3,-2,-1,-1,0,0,0,0,0,0,0,0,0,-1,-1,-1,0,0,0,0,0,0,0,-1,0,0,-1,-1,0,0,0,0,0,0,0,0,0,0,0,0,0,0
-97,-172,-99,12,71,114,124,22,0,-22,-25,-29,-16,-15,-23,-18,-32,-49,-60,-69,-79,-84,-87,-86,-75,-65,-56,-45,-52,-57,-52,-47,-39,-26,-15,-12,-10,-9,-6,-5,-2,0,-1,-3,-4,-6,-4,-1,0,1,-1,-2,-2,-1,-1,0,-2,-2,-3,-3,-2,0,0,-1,-1,-3,-4,-4,-4,-4,-3,-2,-1,-1,-2,-3,-3,-4,-4,-4,-4,-5,-4,-3,-3,-4,-4,-4,-4,-3,-3,-3,-3,-4,-4,-4,-4,-4,-4,-3
-39,-93,-99,-46,14,44,79,100,71,55,-6,5,-22,-29,-22,-7,9,4,-25,-50,-65,-63,-71,-78,-70,-60,-52,-42,-37,-34,-32,-31,-27,-24,-20,-16,-12,-13,-13,-13,-11,-10,-8,-6,-5,-5,-5,-4,-4,-4,-4,-2,-2,-1,-1,0,0,-1,-1,-2,-3,-3,-2,-1,-1,-1,0,0,0,0,-1,-1,0,-1,-1,-1,0,0,0,0,-1,-1,0,-1,-1,-1,-1,0,0,0,0,0,0,0,0,0,0,0,-1,-1
-80,-112,-82,-18,23,47,72,67,83,77,0,0,-13,-16,-18,-21,-27,-42,-61,-74,-80,-90,-94,-89,-78,-61,-45,-39,-38,-35,-30,-24,-19,-15,-10,-6,-3,-1,-1,0,0,0,0,0,0,0,0,-1,-1,0,0,0,0,0,0,0,0,-1,-1,-1,0,0,0,0,0,0,0,0,0,0,0,0,0,0,1,1,1,1,0,0,0,0,0,0,0,0,0,0,0,0,0,0,1,1,1,1,1,2,2,1
-95,-148,-111,-28,48,99,117,59,56,-19,-11,-16,-23,-22,-22,-19,-36,-55,-63,-69,-79,-87,-82,-70,-60,-54,-51,-48,-43,-37,-33,-29,-25,-18,-9,-2,-1,-3,-4,-4,-2,-1,0,0,0,-1,-2,-1,0,0,-2,-5,-6,-5,-3,-2,-3,-4,-4,-4,-2,-1,0,0,-1,-2,-3,-3,-1,0,2,2,0,-2,-4,-4,-3,-2,-1,0,0,0,0,-1,-1,0,0,0,0,0,0,0,0,0,0,0,0,0,0,0
-64,-124,-107,-25,40,66,88,101,167,34,-24,-9,-18,-29,-27,-24,-35,-60,-73,-84,-84,-77,-74,-72,-61,-43,-31,-29,-28,-27,-23,-16,-12,-12,-9,-5,-3,-2,-1,0,0,0,0,0,0,0,0,0,1,1,1,1,1,0,0,0,0,0,0,0,0,0,0,0,0,0,0,0,1,1,1,2,2,1,1,0,1,1,0,0,0,0,0,1,1,1,1,1,0,0,0,0,0,0,1,1,1,0,0,1
-70,-112,-102,-38,21,59,103,99,102,-17,-27,-26,-28,-23,-16,-24,-38,-44,-56,-71,-69,-65,-60,-48,-33,-23,-17,-18,-19,-15,-10,-13,-13,-8,0,12,17,16,12,10,11,8,5,3,1,1,1,1,1,1,2,2,1,1,1,1,1,1,2,2,2,1,1,0,0,0,0,0,0,0,0,0,0,1,1,1,1,1,0,0,0,0,0,0,0,0,0,0,0,0,1,1,2,2,2,2,2,2,2,1
-114,-116,-123,-129,-151,-179,-209,-235,-240,-222,-204,-145,-54,6,40,50,23,5,1,-3,-19,-36,-44,-43,-22,-2,11,18,18,15,4,-43,-93,-116,-144,-147,-128,-109,-97,-85,-76,-62,-50,-40,-34,-27,-22,-19,-18,-16,-14,-12,-9,-8,-8,-7,-5,-6,-6,-6,-5,-5,-5,-5,-6,-6,-6,-6,-4,-4,-6,-7,-8,-9,-9,-10,-10,-10,-9,-8,-7,-7,-6,-7,-7,-7,-7,-7,-8,-8,-8,-8,-8,-8,-8,-8,-8,-8,-7,-7
-80,-171,-218,-227,-191,-96,6,62,84,85,96,110,142,130,71,46,26,-2,-27,-72,-112,-154,-173,-191,-222,-240,-253,-260,-254,-194,-115,-59,-20,-4,-7,0,9,32,31,29,37,31,34,41,26,17,-7,-35,-62,-78,-119,-130,-125,-122,-109,-87,-70,-58,-41,-26,-15,-6,-3,-5,-7,-6,-5,-3,-3,-3,-2,-1,-1,-2,-3,-4,-5,-4,-4,-3,-4,-4,-3,-1,-2,-2,-4,-5,-5,-5,-5,-5,-4,-4,-4,-4,-3,-4,-3,-3
-82,-139,-201,-229,-191,-132,-64,6,46,74,73,72,48,30,20,6,18,21,12,4,-16,-54,-95,-151,-191,-224,-243,-246,-246,-233,-216,-186,-154,-90,-32,5,17,21,39,55,37,28,23,10,0,-8,-20,-31,-41,-68,-88,-119,-127,-111,-123,-128,-120,-134,-133,-115,-99,-80,-61,-43,-31,-24,-17,-14,-13,-10,-8,-7,-5,-5,-4,-4,-4,-3,-2,-2,-1,-1,-2,-3,-4,-4,-5,-5,-5,-4,-4,-5,-5,-5,-5,-5,-4,-4,-3,-3
-91,-147,-197,-231,-220,-162,-85,-2,60,89,86,76,49,21,-5,-20,11,35,26,22,14,-19,-76,-154,-206,-209,-223,-232,-240,-251,-254,-241,-206,-141,-59,1,30,45,52,39,21,3,-28,-55,-65,-64,-41,-33,-28,-27,-44,-61,-85,-110,-142,-165,-161,-142,-132,-113,-96,-86,-80,-66,-52,-37,-27,-21,-17,-11,-6,-6,-6,-6,-4,-1,2,2,0,-1,-2,-2,-3,-3,-3,-2,0,0,-1,-2,-4,-5,-4,-2,-1,0,-1,-2,-1,0
-78,-164,-214,-236,-203,-136,-51,21,59,75,75,63,64,80,67,44,46,37,16,-3,-39,-87,-150,-197,-211,-225,-230,-239,-233,-220,-188,-137,-78,-20,15,24,24,19,11,-2,-13,-13,-20,-25,-27,-20,-23,-30,-33,-50,-59,-86,-108,-103,-145,-163,-139,-116,-114,-111,-98,-89,-74,-63,-57,-40,-23,-12,-6,-3,-1,-1,-2,-2,-2,-1,0,0,0,0,0,0,0,0,0,-1,-1,-1,-1,-1,-1,-1,-1,-1,-2,-1,-1,0,0,0
-76,-133,-198,-227,-219,-185,-114,-33,28,66,64,60,59,54,43,29,22,16,3,-5,-29,-75,-114,-162,-202,-227,-244,-247,-254,-255,-239,-203,-135,-68,-30,-15,-4,5,30,57,50,48,43,28,5,-32,-71,-94,-112,-110,-123,-119,-98,-105,-114,-119,-119,-115,-115,-97,-89,-84,-73,-61,-52,-39,-28,-21,-16,-14,-15,-15,-15,-14,-13,-14,-16,-17,-16,-15,-15,-16,-16,-16,-17,-17,-16,-16,-15,-15,-15,-15,-14,-14,-13,-13,-13,-16,-17,-12
-80,-171,-218,-242,-233,-154,-42,33,75,85,90,103,119,114,67,52,47,26,-6,-45,-88,-128,-162,-187,-216,-241,-253,-260,-263,-249,-207,-146,-56,10,28,36,45,36,23,20,9,-9,-29,-31,-24,-32,-51,-72,-93,-119,-152,-162,-162,-160,-146,-123,-109,-102,-98,-90,-75,-60,-48,-37,-30,-27,-21,-16,-13,-11,-10,-11,-10,-10,-9,-9,-9,-10,-11,-11,-11,-10,-11,-12,-14,-15,-17,-18,-17,-14,-14,-14,-15,-16,-17,-17,-17,-16,-16,-16
-80,-114,-183,-224,-235,-185,-108,-33,15,34,31,38,71,80,77,74,61,43,17,-26,-80,-141,-182,-209,-237,-251,-259,-263,-260,-207,-144,-80,-43,-23,0,26,59,50,37,31,19,7,-10,-38,-79,-108,-136,-138,-144,-130,-114,-132,-143,-148,-144,-130,-111,-93,-78,-66,-58,-49,-37,-32,-33,-30,-28,-29,-30,-29,-25,-24,-25,-25,-25,-26,-25,-23,-22,-21,-21,-21,-21,-23,-25,-27,-26,-24,-21,-21,-22,-23,-24,-23,-22,-21,-20,-19,-19,-19
-92,-177,-221,-236,-209,-121,-32,34,74,79,79,54,18,-4,8,28,26,32,36,26,7,-29,-79,-122,-162,-205,-235,-250,-258,-262,-264,-238,-151,-54,2,42,77,94,92,71,32,1,-25,-42,-52,-66,-76,-97,-114,-122,-143,-150,-133,-117,-105,-114,-116,-101,-81,-63,-51,-39,-29,-27,-24,-21,-20,-19,-19,-21,-22,-21,-19,-18,-19,-20,-19,-19,-18,-17,-16,-16,-15,-14,-14,-14,-13,-13,-13,-13,-13,-12,-12,-12,-11,-11,-11,-11,-11,-11
-93,-176,-220,-243,-231,-181,-104,-10,72,86,69,59,58,29,-4,-16,-13,0,7,8,-7,-35,-81,-121,-151,-201,-233,-249,-258,-262,-264,-253,-170,-42,18,32,46,55,63,55,37,13,-17,-44,-56,-59,-41,-50,-50,-44,-59,-79,-102,-120,-117,-118,-121,-116,-103,-88,-73,-60,-49,-42,-38,-34,-29,-26,-26,-27,-27,-26,-26,-26,-26,-25,-25,-25,-24,-23,-22,-20,-18,-20,-23,-25,-25,-25,-25,-22,-21,-22,-24,-25,-25,-24,-24,-23,-22,-23
-81,-137,-195,-230,-209,-140,-73,-2,60,88,79,70,80,62,51,46,42,29,9,-17,-56,-101,-137,-180,-212,-239,-252,-259,-253,-220,-176,-98,-22,-1,17,40,53,46,31,6,-21,-31,-42,-44,-14,14,-5,-39,-61,-79,-100,-100,-92,-116,-112,-98,-109,-105,-91,-79,-67,-57,-47,-43,-38,-33,-32,-31,-29,-27,-24,-21,-21,-21,-19,-19,-19,-19,-19,-18,-18,-18,-18,-17,-16,-15,-13,-13,-13,-14,-15,-15,-15,-15,-15,-15,-15,-14,-14,-14
-76,-152,-186,-198,-183,-133,-67,-19,38,64,60,57,41,40,60,67,72,70,52,22,-7,-45,-123,-193,-229,-247,-257,-251,-230,-199,-166,-108,-35,2,13,27,38,39,28,17,7,-6,-15,-27,-40,-36,-59,-72,-96,-112,-105,-124,-130,-123,-139,-143,-125,-115,-101,-87,-75,-65,-57,-48,-40,-34,-30,-26,-24,-22,-22,-22,-19,-18,-21,-21,-19,-17,-17,-18,-18,-18,-18,-17,-15,-13,-12,-13,-12,-11,-12,-14,-12,-11,-12,-13,-13,-13,-13,-13
-93,-134,-176,-209,-205,-159,-83,0,71,96,103,100,91,93,70,44,32,13,-11,-36,-67,-121,-163,-185,-203,-225,-236,-247,-248,-231,-179,-104,-35,24,39,49,74,70,39,27,9,-28,-59,-66,-69,-61,-53,-45,-37,-73,-79,-72,-106,-123,-131,-134,-133,-113,-95,-86,-76,-63,-50,-39,-31,-24,-21,-18,-14,-11,-10,-8,-6,-6,-6,-6,-6,-6,-9,-9,-9,-9,-9,-8,-9,-9,-9,-10,-11,-10,-9,-8,-7,-6,-5,-5,-5,-5,-5,-6
-85,-135,-176,-198,-173,-119,-52,14,71,81,70,58,53,60,53,40,56,61,39,25,4,-25,-81,-149,-203,-232,-245,-244,-247,-235,-212,-178,-141,-98,-54,-22,0,18,36,31,25,18,7,9,4,-3,-9,-19,-30,-49,-56,-80,-123,-117,-121,-132,-130,-119,-115,-110,-99,-88,-78,-66,-54,-44,-38,-35,-31,-27,-24,-22,-21,-22,-24,-27,-32,-37,-23,-11,-15,-26,-32,-29,-27,-28,-27,-27,-27,-27,-27,-25,-24,-24,-23,-25,-25,-24,-23,-23
-81,-171,-192,-188,-175,-115,-43,4,45,67,71,50,32,48,46,42,67,80,63,48,17,-20,-56,-107,-153,-197,-231,-247,-256,-253,-247,-235,-205,-143,-75,-21,11,27,45,59,59,32,0,-23,-49,-56,-42,-47,-39,-35,-61,-81,-110,-104,-112,-137,-127,-127,-132,-119,-108,-101,-92,-82,-69,-55,-45,-39,-34,-30,-28,-26,-22,-20,-21,-22,-22,-22,-19,-20,-23,-26,-26,-24,-23,-23,-25,-21,-15,-13,-13,-15,-14,-14,-14,-13,-13,-13,-14,-17
-85,-119,-160,-190,-168,-102,-27,20,77,95,82,61,39,26,11,19,32,38,25,18,2,-21,-63,-124,-188,-217,-227,-233,-223,-221,-208,-178,-136,-73,-6,37,54,63,67,64,59,40,27,14,-6,-34,-47,-67,-85,-74,-85,-101,-95,-109,-119,-123,-129,-122,-108,-93,-81,-70,-60,-51,-41,-30,-23,-18,-17,-16,-15,-15,-15,-16,-18,-18,-18,-19,-21,-23,-25,-25,-24,-22,-21,-21,-20,-19,-19,-18,-18,-18,-17,-16,-15,-14,-14,-13,-14,-14
-76,-130,-179,-198,-175,-122,-58,2,49,65,66,46,21,17,29,17,14,22,32,32,25,15,0,-29,-74,-131,-185,-208,-218,-222,-232,-249,-250,-238,-197,-131,-63,-10,17,28,38,42,23,6,-7,-29,-46,-51,-55,-61,-68,-77,-75,-73,-94,-105,-99,-119,-132,-130,-120,-114,-110,-104,-96,-81,-68,-56,-43,-33,-31,-30,-27,-25,-23,-23,-24,-23,-21,-26,-32,-34,-33,-29,-27,-26,-25,-25,-24,-23,-23,-22,-22,-22,-22,-23,-22,-22,-22,-22
-85,-137,-191,-207,-197,-158,-98,-40,2,41,59,55,35,3,-13,-20,-10,15,24,18,12,-9,-38,-77,-114,-155,-175,-188,-217,-241,-253,-260,-262,-237,-197,-141,-72,-24,-2,9,18,18,12,2,-8,-26,-43,-51,-52,-49,-31,-49,-70,-99,-123,-109,-128,-141,-128,-117,-109,-101,-95,-91,-81,-66,-54,-48,-42,-32,-29,-27,-24,-21,-20,-18,-16,-14,-13,-13,-12,-12,-12,-13,-11,-8,-6,-6,-6,-6,-5,-5,-4,-3,-3,-3,-3,-3,-3,-3
-87,-143,-183,-188,-148,-91,-21,29,53,51,47,30,12,-7,-35,-34,-17,2,21,17,1,-14,-34,-95,-160,-211,-238,-250,-235,-191,-178,-163,-143,-117,-78,-25,14,39,50,48,42,33,16,1,-4,0,-12,-34,-55,-77,-92,-93,-110,-130,-122,-108,-106,-95,-80,-74,-69,-60,-52,-46,-38,-28,-19,-15,-14,-13,-12,-12,-12,-13,-13,-13,-14,-15,-15,-15,-15,-14,-13,-13,-12,-12,-13,-13,-13,-13,-13,-13,-13,-12,-12,-12,-11,-11,-10,-10
-84,-136,-193,-228,-206,-147,-79,-14,43,57,38,30,15,20,47,61,76,78,67,54,31,-8,-79,-158,-206,-234,-250,-256,-246,-223,-189,-144,-87,-39,3,19,26,35,34,28,16,-1,-11,-17,-22,-15,-15,-23,-47,-56,-61,-82,-77,-89,-109,-120,-128,-132,-130,-127,-121,-109,-88,-68,-56,-43,-32,-22,-17,-16,-15,-14,-12,-12,-13,-14,-12,-9,-7,-5,-5,-5,-4,-4,-3,-2,-1,-1,-1,-1,-1,-1,-2,-2,-2,-2,-2,-2,-2,-3
-77,-95,-105,-132,-137,-135,-131,-122,-100,-75,-55,-29,-17,55,146,133,107,112,101,136,171,197,176,144,107,91,47,-14,-59,-78,-81,-96,-107,-90,-61,-46,-26,-21,-35,-37,-27,-36,-49,-60,-92,-123,-142,-146,-137,-129,-113,-91,-72,-61,-54,-51,-49,-46,-38,-30,-26,-21,-16,-11,-7,-6,-6,-5,-2,0,0,1,0,0,-2,-3,-3,-4,-4,-3,-3,-3,-3,-3,-2,-2,-2,-3,-3,-3,-3,-2,-2,-2,-1,-1,-2,-2,-2,-2
-87,-116,-126,-145,-167,-178,-149,-110,-73,-37,-14,15,96,167,133,97,116,113,107,115,133,131,107,89,72,23,-67,-92,-78,-76,-80,-83,-77,-60,-59,-57,-47,-51,-63,-68,-65,-64,-68,-71,-69,-72,-75,-76,-83,-76,-57,-41,-32,-28,-25,-27,-28,-25,-19,-13,-6,0,4,6,5,5,6,5,4,4,4,4,4,4,3,3,3,3,3,2,2,2,2,2,2,2,3,3,3,2,3,3,2,1,1,2,2,2,2,2
-85,-131,-167,-199,-220,-199,-152,-109,-58,38,137,182,158,133,130,132,105,68,52,33,16,-27,-75,-107,-110,-91,-76,-75,-80,-63,-56,-66,-65,-66,-73,-68,-76,-92,-89,-85,-88,-84,-65,-56,-49,-43,-34,-33,-46,-49,-44,-34,-22,-10,-1,3,4,5,4,3,3,3,4,5,6,5,3,0,-1,0,0,2,2,3,3,3,3,2,2,1,0,0,0,0,1,1,2,2,2,2,3,2,2,1,1,1,1,1,1,1
-78,-103,-138,-179,-201,-196,-196,-199,-158,-86,12,120,177,168,140,122,112,102,73,64,40,21,8,-2,-48,-81,-98,-123,-130,-132,-116,-99,-82,-57,-43,-35,-37,-41,-53,-67,-78,-96,-113,-114,-110,-108,-100,-88,-78,-72,-65,-56,-48,-46,-45,-43,-39,-34,-26,-20,-16,-13,-10,-7,-7,-6,-6,-6,-6,-5,-5,-5,-5,-5,-5,-6,-7,-7,-7,-7,-7,-7,-7,-7,-7,-7,-7,-6,-6,-6,-6,-6,-6,-5,-5,-6,-6,-6,-5,-6
-85,-107,-134,-158,-190,-217,-207,-185,-142,-102,-42,70,154,167,142,134,131,115,90,81,58,31,2,-13,-28,-51,-80,-101,-94,-96,-98,-91,-83,-77,-68,-53,-45,-35,-45,-61,-53,-52,-73,-94,-98,-106,-118,-113,-111,-108,-94,-77,-64,-60,-53,-43,-33,-32,-29,-25,-20,-13,-7,-3,-4,-4,-5,-5,-4,-3,-2,-1,-1,-1,-1,-1,-2,-2,-3,-3,-3,-3,-3,-3,-2,-1,-1,-2,-3,-3,-3,-3,-3,-3,-3,-3,-3,-2,-3,-3
-82,-100,-136,-175,-205,-220,-215,-176,-136,-91,-34,37,97,135,144,146,140,119,87,63,40,23,4,-4,-33,-66,-75,-88,-113,-128,-124,-115,-98,-80,-63,-48,-42,-40,-54,-70,-75,-86,-97,-92,-87,-91,-83,-65,-57,-55,-54,-44,-34,-25,-23,-21,-25,-27,-20,-5,7,13,15,14,13,13,13,12,11,10,9,7,7,6,6,6,6,5,5,4,4,4,4,4,3,3,4,5,5,5,4,4,4,4,4,3,3,3,3,3
-81,-119,-164,-170,-200,-218,-207,-170,-126,-75,-18,56,128,155,163,171,164,140,109,71,37,20,18,-4,-91,-125,-123,-101,-99,-101,-102,-96,-82,-70,-61,-56,-51,-60,-70,-72,-71,-83,-84,-77,-62,-56,-50,-48,-44,-46,-44,-33,-35,-29,-19,-10,-5,-6,-6,-5,-4,-3,-3,-3,-1,-1,0,0,0,0,-1,-2,-2,-1,0,0,0,0,-1,0,0,0,-1,-2,-2,-1,-1,-1,-1,-1,-1,-1,-1,-1,-1,-2,-2,-2,-2,-2
-82,-109,-128,-161,-186,-217,-207,-177,-135,-85,-31,28,114,169,188,199,209,210,176,128,73,33,15,-17,-53,-67,-66,-55,-54,-61,-58,-51,-37,-38,-40,-44,-54,-51,-52,-64,-63,-65,-78,-82,-82,-89,-93,-84,-76,-76,-72,-64,-60,-53,-45,-37,-28,-24,-33,-47,-46,-37,-26,-16,-10,-8,-7,-7,-8,-8,-7,-8,-9,-9,-8,-6,-8,-11,-13,-15,-15,-16,-17,-18,-19,-19,-19,-20,-19,-19,-19,-19,-20,-19,-19,-19,-20,-20,-21,-21
-81,-100,-118,-124,-130,-149,-163,-178,-195,-169,-126,-84,-35,20,111,158,138,118,118,125,114,84,55,16,3,0,-13,-35,-70,-87,-102,-114,-111,-99,-101,-108,-85,-71,-56,-47,-44,-38,-46,-58,-61,-65,-80,-84,-83,-97,-93,-86,-90,-81,-72,-69,-54,-45,-38,-36,-34,-30,-23,-19,-17,-13,-8,-6,-3,-1,0,0,-1,-2,-4,-6,-9,-12,-14,-14,-12,-11,-10,-9,-9,-9,-9,-10,-10,-11,-11,-10,-9,-9,-9,-8,-8,-8,-8,-8
-83,-130,-132,-166,-189,-179,-171,-168,-152,-117,-62,8,113,167,149,132,140,143,124,89,58,40,11,-1,-10,-22,-43,-72,-85,-91,-97,-99,-95,-99,-99,-80,-57,-42,-44,-36,-29,-46,-64,-75,-87,-94,-93,-92,-80,-70,-61,-63,-71,-70,-63,-45,-25,-12,-6,-3,0,0,0,0,-2,-3,-4,-4,-4,-5,-5,-4,-3,-3,-3,-3,-3,-2,-1,-1,-1,-1,-1,-1,-1,-1,-2,-2,-1,-1,-1,-1,0,0,-1,-1,-1,-1,-1,-2
-78,-105,-131,-147,-158,-171,-163,-158,-149,-131,-108,-90,-74,-68,-64,-60,-54,-14,71,158,203,186,161,167,155,133,116,84,46,32,30,18,8,-6,-56,-143,-143,-108,-86,-72,-48,-31,-46,-48,-48,-56,-65,-74,-89,-100,-99,-104,-101,-83,-72,-68,-51,-32,-36,-45,-39,-39,-33,-28,-20,-12,-6,0,0,1,6,8,6,6,6,6,4,4,5,3,1,2,3,3,2,1,1,2,3,3,3,3,2,2,2,2,2,1,0,2
-77,-101,-129,-142,-160,-170,-168,-171,-169,-155,-143,-134,-116,-89,-51,-16,0,15,37,63,116,168,199,178,121,102,114,130,131,124,105,78,64,38,22,10,-5,-13,-16,-23,-7,-13,-77,-125,-128,-103,-87,-84,-79,-59,-39,-35,-32,-24,-14,-23,-27,-28,-47,-62,-65,-78,-84,-81,-83,-90,-81,-60,-41,-27,-12,-3,3,2,-6,-13,-14,-12,-7,-3,0,4,6,9,11,11,11,11,10,9,8,8,9,9,9,10,10,9,8,8
-76,-102,-130,-151,-155,-169,-174,-164,-163,-162,-150,-137,-126,-106,-94,-71,-58,-57,-56,-48,-29,0,66,155,201,189,109,81,88,95,91,87,78,57,23,10,10,0,-17,-33,-38,-64,-93,-123,-126,-109,-102,-95,-81,-68,-66,-66,-65,-64,-69,-77,-70,-72,-82,-80,-75,-86,-79,-69,-77,-78,-81,-90,-94,-104,-113,-106,-94,-105,-107,-91,-78,-77,-61,-43,-38,-33,-23,-14,-13,-17,-20,-20,-18,-15,-10,-6,-2,3,5,5,7,8,6,5
-70,-104,-132,-133,-149,-161,-174,-171,-170,-154,-146,-139,-121,-117,-106,-87,-58,-44,-17,-4,0,2,5,39,124,185,196,124,78,101,126,131,120,97,78,52,19,3,-14,-21,-24,-34,-41,-53,-86,-92,-97,-92,-85,-75,-60,-59,-56,-55,-59,-57,-70,-71,-67,-70,-70,-76,-72,-68,-68,-60,-54,-57,-67,-73,-65,-69,-62,-58,-66,-55,-46,-48,-48,-41,-34,-31,-26,-16,-7,0,7,8,8,7,7,8,9,10,10,12,12,11,10,10
-76,-102,-111,-126,-138,-143,-141,-134,-124,-124,-113,-98,-87,-73,-42,-10,16,40,99,173,210,186,156,161,168,145,102,63,37,15,4,11,27,6,-5,7,-32,-93,-102,-88,-74,-64,-60,-52,-39,-43,-41,-46,-47,-47,-51,-51,-57,-70,-77,-82,-100,-94,-68,-60,-68,-67,-56,-40,-27,-21,-21,-13,-6,-1,0,1,0,-1,-3,-4,-3,-3,-3,-2,-2,-1,0,0,0,-1,0,0,0,0,0,0,0,-1,-1,-1,0,0,0,0
-81,-87,-94,-117,-128,-124,-130,-125,-125,-130,-138,-135,-126,-130,-126,-81,-28,19,90,168,208,173,97,101,143,172,164,142,101,61,39,29,22,5,-11,4,-87,-155,-130,-103,-96,-75,-58,-61,-62,-53,-49,-42,-42,-37,-27,-34,-62,-82,-93,-75,-83,-80,-53,-35,-24,-19,-26,-29,-24,-17,-5,2,7,11,13,15,16,12,14,17,17,15,15,17,18,19,19,16,14,14,17,17,16,16,15,14,14,15,16,16,14,15,15,15
-80,-90,-111,-139,-154,-165,-170,-169,-159,-152,-121,-115,-112,-92,-73,-57,-39,-6,67,156,202,202,171,160,144,105,66,36,22,6,-3,-3,-2,0,9,-76,-140,-111,-79,-74,-86,-83,-67,-63,-53,-41,-45,-58,-75,-79,-66,-74,-84,-79,-79,-68,-68,-91,-99,-80,-73,-67,-50,-40,-30,-21,-16,-13,-14,-17,-17,-17,-13,-3,5,9,10,12,13,16,14,15,16,12,8,6,6,10,12,12,12,14,15,11,10,12,12,13,13,11
-80,-105,-119,-126,-142,-164,-153,-156,-164,-147,-136,-119,-99,-71,-42,-34,-19,29,124,185,199,123,88,111,141,152,136,111,90,62,36,28,5,-3,-24,-26,-30,-72,-90,-79,-72,-77,-73,-60,-56,-68,-60,-50,-54,-50,-52,-68,-75,-75,-84,-76,-73,-60,-32,-34,-44,-36,-30,-46,-54,-31,-8,8,8,5,7,10,11,8,6,11,16,16,15,13,13,13,12,11,13,13,11,13,15,14,12,10,12,12,11,12,12,13,12,10
-84,-108,-121,-133,-171,-170,-168,-169,-152,-120,-94,-56,-29,-9,-3,-3,0,20,51,129,188,168,117,111,123,125,109,77,50,25,8,5,-2,-1,16,19,-49,-74,-69,-73,-75,-74,-69,-59,-62,-59,-60,-80,-72,-59,-61,-67,-67,-81,-55,-42,-50,-53,-50,-57,-60,-65,-64,-64,-44,-54,-63,-53,-37,-30,-28,-23,-10,1,4,6,8,7,9,11,12,11,10,8,9,11,11,12,12,11,8,8,8,10,11,10,9,10,10,10
-82,-110,-138,-147,-172,-177,-169,-159,-138,-106,-72,-57,-78,-79,-77,-83,-55,-10,46,140,194,202,113,88,113,118,125,123,100,87,52,14,-11,-26,-40,-28,-48,-131,-140,-114,-106,-105,-90,-73,-59,-49,-41,-26,-33,-33,-26,-39,-63,-72,-74,-72,-75,-66,-45,-38,-30,-31,-29,-56,-56,-30,-6,8,14,17,14,14,13,12,14,15,15,15,15,15,14,13,12,11,11,11,10,10,10,9,9,10,10,11,11,10,10,11,11,10
-77,-102,-129,-152,-171,-172,-137,-138,-152,-145,-141,-139,-119,-81,-61,-42,-31,-3,69,157,202,147,66,102,171,209,220,164,91,42,9,0,-12,-17,-28,-25,-48,-111,-146,-124,-107,-104,-96,-91,-96,-97,-83,-54,-28,-17,-20,-32,-38,-57,-68,-68,-62,-77,-69,-74,-79,-59,-43,-30,-20,-11,-5,-12,-21,-22,-14,-3,7,17,21,22,21,19,16,14,13,13,14,13,12,10,10,11,10,10,11,10,8,8,8,9,10,10,10,10
-82,-96,-103,-117,-125,-121,-124,-130,-128,-141,-148,-126,-104,-82,-48,-4,50,135,191,202,167,146,144,122,63,45,30,5,-7,-7,-11,-19,9,-70,-145,-120,-102,-105,-82,-59,-54,-49,-41,-31,-17,-6,-2,-10,-18,-27,-48,-65,-62,-54,-50,-45,-39,-37,-31,-23,-15,-14,-15,-8,-2,7,12,14,18,20,20,21,20,24,21,18,16,15,14,13,14,13,12,11,12,13,13,12,11,10,11,11,10,9,10,10,10,11,11,12
-78,-101,-117,-122,-139,-145,-145,-144,-128,-114,-107,-86,-54,-31,-10,19,68,146,197,191,142,104,92,78,54,27,16,9,12,10,12,20,48,-3,-80,-116,-117,-97,-84,-79,-62,-43,-39,-40,-32,-31,-23,-22,-36,-38,-44,-51,-50,-47,-46,-39,-31,-24,-24,-29,-29,-19,-11,-5,-4,-4,-2,0,2,4,7,9,10,10,10,10,9,8,7,6,7,7,7,6,6,6,6,6,5,5,6,7,8,8,7,6,5,6,6,7
-81,-111,-120,-120,-123,-137,-151,-157,-152,-144,-124,-95,-84,-62,-31,8,74,159,203,206,169,139,131,111,74,41,14,5,-2,-17,-34,-13,85,-29,-136,-90,-54,-58,-52,-42,-37,-28,-22,-15,-1,4,-6,-20,-40,-55,-53,-60,-63,-56,-51,-54,-42,-33,-22,-9,1,6,4,2,1,0,0,-2,0,5,5,6,7,8,8,8,7,7,5,4,5,6,6,7,7,5,5,5,5,5,5,5,5,5,5,4,3,3,3,5
-86,-116,-122,-134,-141,-143,-153,-154,-129,-79,-49,-31,-22,-18,-5,8,56,131,189,194,172,150,131,104,71,44,13,12,6,-2,1,16,34,-18,-122,-116,-88,-73,-59,-58,-60,-58,-47,-41,-38,-26,-31,-34,-32,-45,-61,-63,-75,-90,-94,-75,-54,-43,-32,-18,-9,-10,-19,-19,-20,-17,-12,-6,-1,1,7,11,14,16,17,20,20,18,17,15,15,14,14,13,13,14,14,14,13,13,13,12,11,11,11,10,12,12,12,12
-78,-106,-127,-111,-130,-150,-141,-144,-146,-115,-77,-62,-51,-70,-110,-111,-66,-14,38,121,184,216,196,156,114,75,47,22,-1,-13,-7,-2,-2,-6,-53,-116,-147,-118,-106,-103,-87,-80,-76,-63,-53,-52,-49,-36,-29,-51,-70,-80,-82,-88,-92,-84,-79,-67,-59,-51,-40,-31,-29,-25,-16,-6,-1,-1,1,-3,-11,-13,-10,-4,1,6,8,11,12,13,12,11,10,10,9,9,11,11,11,11,11,10,10,10,10,10,9,9,10,10
-80,-117,-133,-148,-163,-157,-143,-141,-137,-120,-109,-100,-89,-71,-55,-26,-1,17,43,76,133,190,202,176,139,107,88,69,53,28,2,-16,-27,-21,0,53,45,-77,-120,-86,-69,-56,-43,-40,-30,-34,-35,-28,-42,-47,-52,-66,-66,-60,-68,-74,-78,-79,-81,-84,-83,-76,-68,-61,-54,-49,-44,-38,-31,-26,-25,-31,-19,-8,0,1,0,0,-3,-6,-8,-9,-8,-6,-5,-3,-3,-4,-5,-5,-4,-4,-4,-5,-5,-5,-4,-4,-3,-3
-82,-109,-119,-123,-124,-146,-157,-154,-152,-144,-120,-98,-86,-72,-56,-30,-1,44,112,179,214,195,159,142,131,105,82,58,28,-2,-24,-23,-10,-2,0,16,10,-82,-156,-135,-111,-103,-83,-61,-49,-34,-27,-29,-22,-32,-34,-47,-64,-75,-74,-64,-58,-46,-37,-30,-23,-10,-3,-2,-4,-3,-2,-1,-2,-6,-6,-2,2,6,8,10,11,10,11,12,12,11,10,9,9,9,9,8,8,8,8,7,8,9,9,8,8,8,9,9
-76,-111,-128,-142,-147,-147,-142,-138,-136,-126,-113,-95,-77,-55,-33,-16,1,17,35,66,137,192,207,151,97,98,109,89,64,45,24,5,-4,-8,-11,-6,15,66,-6,-124,-130,-88,-74,-54,-39,-44,-45,-42,-40,-47,-68,-70,-61,-58,-59,-63,-63,-59,-52,-45,-45,-44,-42,-35,-28,-22,-14,-9,-4,-1,-2,-9,-15,-10,-3,0,2,4,7,8,9,8,7,6,5,3,2,4,6,8,9,10,10,9,7,6,6,5,5,6
-77,-91,-111,-136,-135,-127,-126,-123,-105,-111,-104,-76,-56,-32,11,72,151,199,219,164,108,125,140,137,104,67,42,26,10,-2,-15,-22,-8,-66,-151,-143,-110,-99,-93,-83,-71,-62,-51,-47,-55,-61,-66,-49,-39,-59,-68,-78,-95,-106,-106,-94,-93,-113,-112,-92,-91,-88,-71,-54,-48,-41,-33,-28,-24,-22,-21,-21,-22,-21,-20,-13,-7,-3,0,1,2,4,3,3,3,2,1,2,3,4,3,3,3,3,2,2,2,1,1,1
-76,-97,-114,-134,-139,-143,-142,-149,-152,-135,-119,-98,-88,-70,-46,-41,-38,-10,-8,12,-6,-27,-49,-45,-21,-11,4,17,20,24,-6,-32,-86,-87,-106,-114,-93,-87,-76,-69,-70,-67,-54,-49,-38,-38,-40,-23,-9,3,9,9,14,12,8,9,8,8,6,2,2,6,7,6,5,4,5,3,4,5,4,2,4,7,3,1,1,2,5,8,11,11,10,9,7,4,6,7,5,5,7,7,6,5,4,5,4,5,5,4
-80,-89,-88,-82,-69,-71,-103,-126,-132,-137,-123,-106,-91,-63,-55,-31,-3,35,61,31,-6,-35,-37,-37,-43,-36,-29,-8,-5,0,10,12,-16,-17,-47,-76,-66,-79,-94,-87,-76,-69,-60,-52,-62,-67,-62,-60,-57,-45,-32,-16,-6,-1,2,6,19,17,16,15,13,13,15,12,11,11,10,10,11,9,6,7,8,7,8,9,8,9,10,8,7,7,7,8,8,8,9,9,7,7,8,8,6,5,6,8,7,7,10,9
-77,-92,-98,-119,-132,-158,-162,-144,-135,-116,-102,-88,-72,-51,-47,-8,50,61,47,0,-27,-38,-32,-28,-35,-28,-11,15,29,-7,8,-7,-12,0,-26,-47,-62,-77,-87,-79,-80,-80,-63,-49,-45,-36,-31,-33,-31,-23,-12,-11,-8,-4,-5,-6,-4,-2,0,2,4,5,2,0,0,0,-2,-1,-1,-1,0,-1,-2,-1,0,0,-2,-1,-1,-1,-1,0,-2,-1,0,-2,-3,-2,-3,-4,-3,-2,-3,-1,-1,-2,-1,-1,0,-1
-44,-96,-116,-126,-131,-134,-146,-148,-136,-124,-100,-75,-56,-44,-22,-18,-6,-19,-10,-38,-73,-74,-61,-46,-34,-36,-35,-28,-13,-2,-23,-28,-3,-78,-113,-86,-119,-133,-117,-110,-97,-93,-77,-64,-60,-54,-47,-45,-46,-41,-31,-23,-19,-16,-14,-13,-12,-10,-8,-4,-1,-4,-4,-4,-7,-10,-12,-12,-8,-7,-6,-3,-5,-10,-12,-13,-13,-14,-14,-11,-10,-10,-10,-9,-10,-12,-11,-11,-12,-13,-13,-13,-13,-12,-13,-14,-14,-14,-14,-14
-82,-91,-93,-116,-132,-137,-147,-152,-147,-139,-117,-108,-90,-77,-59,-47,-25,7,0,3,-25,-54,-58,-51,-43,-40,-35,-26,-15,-7,-12,-31,-59,-72,-66,-91,-113,-109,-112,-115,-131,-131,-117,-99,-90,-80,-69,-58,-56,-53,-52,-53,-50,-37,-28,-22,-19,-15,-10,-7,-6,-5,-4,-2,-1,-3,-4,-3,-4,-4,-5,-6,-5,-6,-8,-8,-9,-10,-8,-7,-8,-7,-6,-7,-7,-6,-5,-5,-6,-5,-5,-6,-5,-7,-7,-6,-6,-7,-6,-5
-76,-82,-99,-117,-131,-136,-131,-120,-100,-83,-67,-51,-62,-46,-19,1,41,52,30,19,2,-10,-3,6,16,11,0,-26,-58,-62,-56,-66,-55,-65,-83,-76,-130,-111,-101,-118,-96,-80,-83,-71,-56,-47,-46,-43,-40,-38,-31,-23,-18,-15,-12,-10,-7,-7,-7,-6,-6,-8,-6,-3,-5,-9,-10,-12,-14,-14,-12,-10,-8,-8,-14,-15,-14,-14,-12,-9,-10,-12,-11,-11,-11,-9,-8,-8,-7,-8,-10,-10,-9,-9,-9,-10,-7,-7,-7,-7
-65,-64,-56,-63,-77,-90,-109,-134,-126,-118,-113,-92,-85,-60,-36,-9,34,82,47,-5,-44,-66,-47,-23,1,7,-9,-14,-8,-20,-31,-34,-49,-57,-103,-121,-115,-132,-150,-127,-111,-99,-88,-85,-73,-63,-48,-37,-37,-38,-35,-23,-18,-16,-11,-4,-4,-7,-14,-19,-16,-15,-16,-15,-13,-14,-12,-11,-16,-19,-18,-14,-13,-10,-10,-12,-13,-14,-14,-13,-14,-15,-15,-14,-15,-16,-15,-16,-16,-15,-15,-15,-14,-14,-14,-14,-14,-14,-14,-15
-93,-129,-141,-163,-163,-181,-192,-185,-179,-152,-127,-103,-83,-79,-77,-52,-22,8,36,34,30,8,-6,-4,-4,-5,-7,-29,-44,-43,-72,-55,-63,-76,-87,-114,-122,-128,-112,-104,-94,-74,-56,-59,-65,-57,-54,-54,-47,-34,-24,-22,-17,-7,-3,-5,-6,-6,-5,-1,0,-1,-2,-4,-4,-4,-5,-4,-4,-3,-3,-5,-5,-6,-7,-5,-4,-4,-4,-3,-4,-6,-4,-2,-4,-5,-3,-4,-5,-5,-5,-6,-6,-6,-5,-6,-6,-5,-6,-5
-77,-98,-110,-108,-94,-120,-153,-172,-190,-179,-160,-140,-118,-89,-48,-33,8,50,56,50,34,21,15,21,29,31,29,20,-21,-32,-56,-92,-94,-99,-119,-120,-123,-145,-132,-112,-100,-87,-76,-61,-51,-51,-45,-35,-39,-44,-34,-24,-18,-10,-9,-8,-5,-6,-5,-4,-5,-4,-3,-4,-5,-3,-3,-5,-6,-6,-5,-4,-3,-4,-7,-7,-7,-6,-6,-7,-8,-8,-8,-7,-4,-6,-8,-7,-6,-6,-5,-5,-6,-6,-7,-8,-6,-4,-6,-8
-82,-108,-119,-117,-121,-120,-118,-118,-104,-83,-72,-55,-34,1,31,52,42,12,-11,-14,-2,1,-21,-14,-22,-28,-37,-71,-77,-70,-103,-101,-108,-133,-110,-114,-111,-88,-70,-59,-59,-56,-60,-62,-65,-53,-38,-25,-14,-7,-4,-6,-8,-9,-9,-8,-6,-6,-10,-12,-9,-8,-10,-11,-11,-10,-9,-10,-12,-12,-11,-11,-13,-12,-11,-7,-8,-12,-15,-15,-14,-14,-14,-13,-12,-12,-12,-12,-12,-13,-14,-14,-13,-12,-13,-14,-13,-12,-13,-13
-85,-109,-114,-133,-144,-163,-176,-176,-155,-130,-105,-82,-53,-41,-24,13,39,53,18,-6,-17,-7,15,32,30,44,21,-8,-17,-52,-53,-81,-126,-134,-137,-143,-129,-124,-120,-110,-98,-92,-77,-74,-70,-52,-36,-32,-32,-29,-27,-27,-27,-25,-19,-12,-7,-6,-7,-8,-8,-8,-9,-10,-10,-11,-10,-10,-10,-10,-10,-9,-8,-8,-8,-8,-9,-10,-10,-10,-10,-9,-8,-8,-8,-8,-9,-9,-9,-10,-9,-10,-10,-10,-9,-10,-10,-9,-10,-9
-84,-125,-142,-149,-164,-174,-168,-155,-124,-98,-76,-58,-37,-36,-14,-3,3,2,0,-3,-11,-14,-12,-14,-7,-10,-17,0,-33,-46,-88,-93,-110,-125,-134,-140,-119,-111,-109,-96,-81,-80,-92,-83,-59,-42,-35,-40,-37,-31,-24,-24,-27,-22,-18,-18,-18,-18,-19,-19,-19,-20,-21,-22,-23,-23,-22,-22,-21,-22,-22,-21,-21,-21,-21,-20,-20,-21,-22,-22,-22,-22,-22,-21,-21,-21,-22,-22,-22,-22,-22,-22,-21,-20,-21,-21,-21,-21,-21,-21
-86,-110,-115,-134,-162,-177,-177,-174,-171,-148,-119,-80,-49,-19,-28,38,12,-8,-20,-28,-11,5,16,33,24,1,-18,-65,-64,-97,-117,-110,-114,-126,-136,-103,-81,-79,-71,-67,-61,-52,-47,-48,-44,-38,-31,-24,-17,-11,-10,-9,-7,-3,0,-2,-5,-5,-4,-4,-3,-2,-2,-6,-9,-8,-7,-8,-8,-6,-6,-7,-8,-7,-6,-7,-8,-8,-6,-5,-6,-7,-6,-7,-8,-7,-6,-6,-7,-9,-8,-6,-6,-7,-7,-7,-7,-8,-8,-6
-80,-105,-105,-111,-115,-117,-127,-123,-115,-96,-83,-68,-53,-46,-29,-14,-3,-6,-14,-12,-11,-22,-7,14,22,12,-6,-31,-50,-67,-69,-93,-105,-97,-102,-122,-105,-90,-92,-82,-79,-71,-55,-54,-56,-51,-40,-34,-30,-27,-24,-21,-12,-10,-9,-8,-9,-7,-6,-6,-8,-9,-9,-10,-12,-12,-12,-11,-11,-11,-11,-10,-11,-11,-11,-11,-11,-11,-11,-10,-11,-11,-12,-12,-12,-13,-12,-12,-12,-11,-11,-11,-11,-11,-11,-11,-12,-12,-12,-12
-80,-97,-98,-112,-128,-146,-157,-165,-162,-147,-128,-105,-85,-57,-35,-25,-18,-10,-4,1,8,22,27,11,6,4,-17,-13,-14,-43,-64,-66,-65,-78,-80,-95,-105,-133,-125,-98,-108,-101,-92,-82,-69,-60,-47,-39,-39,-40,-38,-33,-31,-28,-21,-16,-12,-11,-12,-12,-13,-14,-14,-14,-14,-13,-13,-13,-13,-14,-14,-14,-14,-14,-14,-13,-13,-13,-13,-13,-14,-14,-14,-15,-15,-15,-16,-18,-14,-11,-12,-13,-14,-15,-15,-14,-14,-14,-14,-14
-78,-107,-133,-142,-149,-161,-173,-162,-139,-107,-70,-54,-40,-29,-20,-15,-3,0,9,9,0,-7,-6,3,4,-3,-7,-28,-49,-57,-83,-87,-96,-133,-109,-118,-118,-107,-98,-99,-99,-83,-72,-72,-68,-62,-54,-44,-34,-26,-22,-20,-17,-15,-14,-15,-14,-12,-9,-9,-10,-12,-11,-11,-13,-15,-15,-15,-15,-15,-15,-14,-14,-13,-13,-13,-12,-13,-12,-12,-12,-12,-12,-13,-13,-13,-13,-13,-13,-13,-13,-13,-12,-12,-13,-13,-13,-13,-13,-13
-78,-103,-110,-115,-127,-141,-146,-143,-127,-105,-85,-57,-57,-45,-50,-49,-27,-3,18,39,30,12,-1,-8,-9,-4,6,18,30,22,7,-7,-30,-72,-96,-107,-115,-140,-127,-117,-120,-104,-87,-84,-86,-69,-53,-47,-41,-35,-33,-34,-30,-25,-20,-13,-3,-1,-1,-1,-2,-2,-2,-3,-3,-3,-3,-3,-5,-5,-5,-5,-6,-6,-6,-6,-6,-7,-6,-6,-6,-6,-5,-5,-5,-6,-6,-6,-6,-6,-6,-6,-6,-5,-5,-5,-5,-6,-6,-6
-79,-88,-103,-113,-122,-123,-122,-109,-92,-78,-72,-62,-50,-36,-21,-15,-6,-7,-8,-7,-6,0,2,6,15,13,-5,-32,-44,-53,-67,-84,-89,-118,-114,-92,-108,-103,-93,-100,-91,-70,-58,-50,-47,-45,-42,-37,-31,-26,-21,-18,-15,-14,-16,-14,-12,-11,-9,-8,-7,-7,-8,-10,-12,-14,-15,-15,-15,-15,-14,-12,-12,-12,-12,-12,-13,-13,-14,-14,-15,-15,-14,-14,-14,-14,-13,-13,-13,-13,-13,-14,-14,-14,-14,-14,-15,-15,-14,-14
-82,-104,-117,-129,-140,-145,-144,-137,-130,-117,-93,-74,-52,-29,-18,-29,-28,-24,-22,-7,3,0,-2,4,14,9,-2,-10,-13,-31,-54,-73,-90,-105,-119,-109,-120,-108,-75,-65,-66,-61,-69,-78,-78,-52,-33,-26,-20,-15,-14,-13,-13,-14,-12,-9,-6,-5,-6,-7,-8,-9,-11,-12,-13,-12,-13,-12,-11,-10,-10,-12,-12,-12,-12,-12,-11,-11,-12,-12,-12,-11,-11,-12,-12,-12,-12,-12,-12,-13,-12,-12,-12,-12,-12,-11,-11,-11,-12,-12
-78,-94,-124,-146,-177,-176,-160,-144,-124,-109,-90,-74,-68,-69,-52,-46,-31,3,25,33,37,28,26,29,20,14,31,17,-26,-37,-60,-115,-136,-135,-146,-142,-105,-96,-94,-86,-83,-90,-98,-80,-59,-42,-27,-21,-23,-21,-18,-15,-11,-9,-8,-11,-13,-18,-20,-22,-23,-23,-21,-20,-20,-21,-21,-21,-21,-23,-23,-22,-21,-20,-20,-20,-20,-19,-19,-19,-19,-19,-20,-20,-20,-21,-21,-21,-21,-20,-20,-20,-20,-20,-20,-19,-18,-19,-20,-19
-83,-94,-93,-80,-58,-35,-6,15,41,83,119,98,101,13,-21,-15,-16,-9,2,-1,1,-12,-42,-29,-20,-35,-24,-36,-35,-25,-15,-16,-26,-30,-34,-47,-53,-45,-26,-12,-2,7,11,13,13,13,17,18,16,14,16,18,18,16,16,18,18,16,14,13,12,12,13,14,14,14,12,13,14,13,13,14,13,11,12,12,12,13,12,9,9,9,9,9,11,12,12,12,11,11,9,9,9,10,10,10,11,11,10,10
-76,-84,-71,-58,-43,-7,19,29,37,50,41,-26,33,22,-12,-10,5,0,2,11,12,11,7,4,-15,-37,-33,-25,-20,-4,-22,-5,-12,-31,-28,-44,-68,-67,-53,-42,-40,-38,-41,-44,-35,-21,-10,-6,-7,-7,5,15,19,16,10,8,6,5,8,11,10,9,10,7,7,10,11,11,9,8,7,7,8,7,5,7,7,6,7,8,6,5,5,6,6,5,7,8,6,6,6,5,5,5,6,6,5,6,7,5
-78,-81,-71,-54,-33,-7,12,11,22,74,77,-36,-15,1,9,-6,2,14,13,18,14,5,-2,-12,-18,-29,-18,-5,-14,7,20,12,0,-2,-13,-10,-5,2,1,2,2,2,1,-1,0,8,13,18,18,16,22,24,22,26,31,28,25,22,23,25,24,24,26,26,26,24,23,22,22,20,20,22,23,21,21,21,21,20,19,19,20,20,21,21,20,19,17,16,16,17,20,19,18,19,20,19,19,18,17,19
-44,-69,-53,-34,-11,10,29,41,28,33,66,117,90,22,-3,-26,-8,0,14,21,22,22,15,8,0,-4,-18,-27,-27,-19,-12,-22,-32,-38,-43,-40,-40,-35,-35,-40,-42,-40,-32,-23,-18,-16,-11,-5,-2,3,13,18,17,16,17,18,19,17,13,10,10,12,12,14,15,16,14,16,17,16,14,13,15,15,14,14,14,13,13,15,17,16,14,15,13,10,11,13,12,13,14,15,13,14,14,15,14,13,13,13
-76,-82,-84,-57,-29,-3,19,44,62,90,105,52,-12,-41,-44,-27,-21,2,13,7,-1,-8,-4,-11,-20,-18,-18,-7,3,-16,7,-18,-32,-21,-33,-27,-19,-28,-33,-32,-24,-19,-19,-19,-19,-18,-14,-7,0,5,6,9,10,10,10,17,17,9,7,6,6,7,10,11,10,9,9,8,8,9,8,6,6,7,8,6,6,6,5,6,6,4,4,6,6,6,7,7,5,4,4,5,7,6,7,8,7,7,9,4
-67,-51,-29,-3,19,16,25,50,61,43,-34,32,0,-15,-17,-13,-5,1,13,18,21,12,9,3,-8,-15,-13,-8,-5,-2,-10,-28,-25,-37,-37,-35,-40,-32,-24,-19,-14,-11,-9,-9,-11,-15,-19,-22,-19,-11,-4,0,5,10,14,16,20,19,15,13,10,7,4,2,2,3,2,0,-2,-2,0,1,2,3,4,6,6,6,6,6,5,7,9,8,7,7,7,6,6,7,8,6,4,5,5,5,7,8,6,4
-80,-103,-89,-25,22,29,55,72,86,90,111,116,67,-9,-41,-20,-3,11,29,34,32,23,22,20,20,24,16,10,4,-3,-4,7,14,2,10,0,-27,-21,-19,-35,-21,-24,-34,-26,-18,-17,-17,-12,-9,-7,-2,4,5,5,6,11,17,17,14,12,12,13,14,15,15,15,15,14,12,11,10,11,12,12,10,10,10,10,10,10,8,9,10,10,10,11,11,10,10,10,10,9,9,9,9,9,8,10,11,10
-76,-90,-95,-93,-69,-31,-5,9,35,72,2,83,53,-35,-30,-24,0,18,31,32,27,22,18,17,18,17,11,4,-1,-1,-8,0,8,8,-19,-19,-24,-30,-31,-55,-61,-41,-12,-5,-13,-22,-28,-26,-16,-5,-3,-1,6,11,8,8,10,12,12,11,11,8,10,18,17,11,8,7,7,6,6,7,9,8,6,6,6,4,5,5,4,7,9,9,7,9,10,10,10,10,10,10,10,10,8,7,8,8,8,6
-42,-57,-66,-58,-27,11,41,75,6,25,15,-32,-17,-17,-14,-14,-11,-12,-11,-8,-4,4,3,-1,-7,-19,-23,-9,-3,-28,-29,-55,-58,-50,-53,-47,-37,-34,-19,-8,-9,-10,-14,-20,-24,-22,-16,-8,-3,1,6,7,9,11,11,11,12,9,6,7,7,6,5,3,3,4,4,2,1,1,2,3,2,2,4,4,4,3,4,4,3,2,3,3,2,3,3,3,3,4,5,4,4,4,4,4,3,4,3,4
-76,-100,-100,-91,-78,-44,-2,31,42,66,74,53,40,-37,-55,-14,2,11,16,12,5,2,4,6,2,1,-3,-13,-16,-20,-22,-21,-9,-12,-17,-20,-54,-53,-31,-20,-20,-15,-18,-19,-14,-7,-2,3,9,11,10,11,12,13,16,19,19,18,17,15,16,17,15,13,13,13,12,12,12,13,12,11,10,9,9,9,10,11,10,11,11,10,9,10,11,10,10,10,10,10,9,10,10,10,10,11,9,6,8,10
-81,-110,-99,-66,-37,-6,30,49,75,22,39,74,-19,-58,-39,-27,-19,1,15,11,3,0,1,-9,1,31,-3,4,-5,-23,-10,-9,-22,-10,0,-5,-14,-21,-22,-15,-6,-3,-2,2,8,10,12,12,13,17,21,21,16,17,20,18,16,16,17,15,15,17,17,14,14,14,14,14,14,15,15,15,15,15,14,15,15,15,15,14,13,13,15,14,13,14,14,14,14,14,15,15,15,14,14,14,14,14,14,15
-91,-109,-93,-83,-61,-23,15,26,36,55,27,80,28,-33,-21,-8,0,4,8,9,-3,-3,-12,-25,-7,-8,-2,-10,-19,-19,-41,-39,-24,-25,-25,-21,-17,-14,-14,-14,-10,-5,1,6,7,9,9,8,12,13,12,10,10,10,9,9,8,7,7,7,8,8,7,7,7,7,7,7,7,7,7,7,7,6,6,6,7,7,8,8,7,6,6,5,5,6,6,6,5,6,6,7,7,6,6,7,7,7,6,6
-81,-99,-85,-86,-65,-12,45,57,71,87,-17,50,14,-49,-37,0,10,10,9,9,3,11,-3,-18,-20,-29,-35,-26,-32,-45,-26,-31,-39,-49,-64,-52,-38,-29,-22,-17,-9,-3,0,1,6,10,10,7,4,3,1,0,0,0,0,2,2,2,1,0,0,1,2,1,1,2,3,2,1,0,0,0,0,0,0,1,1,1,1,1,1,1,2,1,1,1,0,0,0,0,0,0,0,1,2,2,2,2,2,1
-66,-111,-96,-46,6,41,73,83,88,81,51,79,1,-38,-21,-11,-7,-4,-3,0,1,-21,-4,-1,-43,-32,-40,-55,-59,-40,-22,-25,-28,-28,-26,-21,-15,-8,-2,2,6,8,7,8,11,14,16,20,21,19,15,13,12,11,11,11,11,10,10,9,8,8,9,10,10,10,11,11,10,8,8,8,7,6,7,9,9,9,9,9,8,8,7,7,6,7,8,8,9,9,8,7,7,7,8,8,8,7,6,6
-74,-85,-58,-15,0,0,38,64,93,51,60,29,-33,-16,13,24,31,25,15,7,11,8,1,0,-4,-1,-6,-18,-3,-26,-20,-20,-24,-26,-32,-33,-18,-11,-11,-10,-6,-1,4,7,10,8,10,13,13,13,12,13,13,12,11,10,10,10,9,9,8,8,7,6,6,5,5,6,6,6,6,6,6,6,6,6,6,6,5,5,5,5,6,5,5,4,4,4,5,4,5,5,5,5,6,6,5,4,4,5
-62,-60,-59,-31,27,69,79,72,70,3,65,54,-22,-38,-17,-6,-1,0,-14,-25,-38,-35,11,24,30,-2,-47,-43,-42,-37,-44,-100,-86,-47,-31,-24,-12,-1,2,5,4,2,2,4,3,2,7,9,3,1,1,3,6,7,6,4,4,3,1,0,0,0,0,0,1,1,2,2,1,0,0,0,0,0,1,1,1,1,1,0,0,0,1,1,0,0,0,0,0,0,0,0,0,0,0,0,0,1,0,0
-94,-128,-121,-111,-69,-37,-14,12,22,23,-8,47,17,-39,-45,-18,-1,8,11,0,10,5,-5,23,3,-13,-10,-34,-32,-14,-17,-29,-27,-26,-36,-36,-27,-16,-5,3,7,9,10,11,11,10,10,10,12,12,12,12,13,12,12,12,13,13,13,13,16,13,10,9,9,9,9,9,10,11,11,11,12,13,13,13,12,12,11,11,10,10,10,9,10,10,11,11,11,11,10,10,10,11,11,10,10,10,10,10
-87,-97,-85,-67,-34,5,38,52,74,86,90,92,30,-21,-5,13,23,24,13,-3,-22,-24,-32,-9,17,20,-6,-58,-79,-59,-28,-35,-48,-49,-39,-33,-30,-27,-20,-6,4,7,6,6,7,7,7,9,12,14,13,13,12,11,9,8,8,8,10,10,11,10,9,9,9,9,9,9,9,9,8,8,8,8,8,7,8,9,9,9,9,7,7,7,8,8,8,8,8,8,8,8,8,8,8,8,8,8,6,5
-76,-71,-58,-18,24,55,58,52,38,48,58,-17,-28,-12,-9,-3,4,-9,-27,-15,-7,9,-10,-38,-41,-44,-52,-46,-39,-45,-44,-31,-19,-17,-21,-23,-18,-12,-3,3,9,11,13,13,13,13,11,9,6,4,4,6,7,6,5,6,5,4,4,4,2,1,1,1,3,4,5,7,6,5,5,5,5,4,4,4,3,4,4,4,4,4,4,4,5,5,5,5,4,4,5,4,3,4,4,5,5,5,5,5
-29,-16,-10,23,63,94,102,80,84,111,82,165,35,-26,-6,4,16,20,10,3,-7,-8,0,2,5,-26,-14,-42,-36,-31,-25,-25,-28,-21,-18,-18,-14,-10,-3,2,4,7,11,13,17,19,18,18,21,20,15,11,14,18,19,20,20,20,18,18,17,14,14,17,16,15,15,14,12,11,10,10,10,10,10,11,11,12,12,12,11,11,11,11,11,10,10,10,9,10,10,11,10,11,10,10,10,10,10,10
-76,-100,-111,-134,-129,-120,-110,-95,-72,-56,-47,-29,-10,6,18,13,10,14,17,20,12,-10,-35,-88,-105,-107,-114,-99,-91,-108,-131,-132,-106,-103,-76,-26,12,24,10,0,-9,-12,-24,-31,-36,-38,-46,-46,-41,-36,-31,-28,-25,-24,-22,-16,-12,-11,-12,-15,-19,-21,-20,-21,-20,-19,-19,-19,-18,-16,-14,-14,-14,-12,-12,-13,-14,-13,-13,-14,-16,-16,-15,-13,-10,-11,-12,-13,-13,-12,-12,-12,-13,-15,-16,-16,-16,-16,-15,-14
-73,-11,34,-95,-142,-141,-143,-131,-103,-62,-28,9,23,37,37,25,35,41,67,85,61,38,32,5,-23,-51,-102,-110,-73,-71,-78,-91,-108,-113,-125,-127,-87,-62,-43,-22,-5,1,-1,-18,-28,-33,-35,-37,-39,-37,-33,-27,-27,-30,-31,-29,-25,-22,-18,-14,-11,-9,-13,-17,-18,-18,-17,-14,-13,-12,-13,-14,-14,-12,-12,-14,-13,-12,-11,-12,-11,-10,-9,-9,-11,-11,-11,-10,-11,-11,-11,-14,-14,-13,-13,-14,-13,-12,-12,-12
-96,-131,-100,-87,-105,-139,-182,-183,-167,-113,-69,-42,-28,1,29,39,38,45,43,35,10,-24,-45,-77,-103,-102,-89,-79,-92,-72,-71,-80,-78,-92,-117,-105,-96,-76,-42,-30,-35,-31,-20,-10,-8,-17,-27,-28,-24,-21,-19,-20,-20,-19,-17,-15,-17,-19,-22,-24,-24,-23,-21,-19,-19,-18,-16,-15,-13,-12,-12,-14,-14,-14,-15,-16,-16,-14,-13,-13,-15,-16,-15,-15,-15,-15,-13,-12,-11,-13,-14,-14,-13,-12,-11,-11,-12,-13,-14,-14
-77,-93,-98,-101,-99,-87,-87,-89,-84,-78,-58,-46,-18,14,35,50,57,47,31,21,12,-1,-15,-28,-45,-74,-98,-127,-150,-168,-165,-146,-109,-54,-12,14,26,31,24,9,-8,-15,-22,-35,-42,-41,-39,-42,-43,-43,-45,-45,-42,-37,-30,-26,-27,-26,-21,-16,-16,-19,-19,-18,-17,-16,-15,-13,-12,-12,-12,-11,-10,-10,-10,-10,-11,-10,-10,-11,-11,-11,-12,-13,-14,-14,-12,-10,-11,-11,-9,-8,-7,-7,-6,-8,-9,-11,-12,-14
-81,-94,-104,-107,-90,-77,-62,-53,-40,-32,-27,-15,0,11,20,37,46,46,33,25,24,1,-12,-24,-41,-58,-47,-71,-81,-100,-113,-100,-107,-88,-47,-25,0,43,61,56,32,8,-15,-34,-42,-51,-59,-58,-52,-46,-39,-34,-28,-25,-28,-32,-32,-31,-29,-27,-24,-20,-18,-17,-17,-15,-15,-16,-13,-10,-10,-11,-12,-11,-11,-10,-9,-9,-9,-9,-10,-11,-12,-13,-13,-15,-17,-18,-17,-16,-15,-14,-13,-13,-12,-11,-12,-13,-14,-15
-44,-41,-77,-95,-74,-64,-63,-49,-39,-36,-28,-16,-9,-10,-4,3,8,12,16,28,38,37,33,21,-5,-35,-77,-118,-143,-149,-152,-143,-136,-118,-90,-71,-53,-23,-8,-4,-7,-20,-30,-36,-38,-38,-39,-42,-41,-39,-36,-31,-28,-27,-29,-29,-27,-25,-25,-25,-24,-22,-20,-18,-16,-13,-13,-13,-13,-13,-13,-14,-14,-15,-16,-17,-17,-18,-18,-19,-19,-18,-17,-17,-16,-15,-14,-13,-13,-13,-12,-12,-12,-12,-13,-14,-15,-15,-15,-16
-76,-95,-93,-75,-72,-76,-97,-92,-82,-72,-53,-49,-47,-38,-28,-25,-18,-10,9,29,43,54,58,49,39,28,9,0,-16,-40,-73,-129,-131,-159,-149,-120,-101,-80,-50,11,49,51,39,25,12,-4,-23,-27,-30,-37,-40,-37,-34,-33,-32,-29,-25,-25,-31,-26,-19,-17,-18,-19,-20,-18,-14,-11,-11,-11,-11,-12,-14,-15,-15,-15,-14,-13,-13,-12,-12,-11,-11,-11,-11,-13,-14,-14,-14,-14,-14,-14,-14,-14,-14,-14,-14,-14,-14,-14
-85,-134,-135,-128,-115,-94,-68,-45,-30,-22,-18,-1,16,28,58,86,90,82,64,47,22,-31,-90,-167,-182,-182,-153,-123,-91,-47,-23,0,17,7,-2,-5,-27,-38,-39,-39,-40,-43,-44,-44,-43,-44,-43,-38,-35,-32,-29,-26,-25,-23,-20,-16,-14,-12,-9,-9,-10,-11,-12,-12,-11,-11,-11,-11,-12,-12,-13,-14,-14,-13,-13,-12,-11,-10,-10,-11,-10,-9,-10,-11,-12,-12,-12,-12,-13,-13,-12,-11,-10,-10,-10,-10,-10,-10,-10,-11
-91,-131,-136,-138,-112,-59,-24,-18,-20,-15,-2,3,10,36,59,73,67,78,69,47,17,-25,-70,-100,-135,-132,-125,-109,-100,-82,-75,-74,-28,29,35,17,4,-13,-22,-28,-40,-46,-48,-50,-49,-47,-45,-44,-42,-40,-36,-33,-33,-32,-30,-28,-28,-29,-27,-25,-25,-22,-22,-23,-23,-21,-18,-16,-15,-14,-14,-14,-13,-12,-13,-14,-14,-14,-16,-17,-19,-19,-18,-18,-18,-17,-18,-17,-17,-16,-16,-16,-15,-15,-15,-16,-16,-16,-16,-16
-93,-120,-126,-120,-101,-74,-53,-42,-21,-10,1,6,7,7,8,19,46,66,70,66,62,55,49,28,-9,-31,-84,-99,-110,-97,-83,-73,-30,-5,9,28,27,7,-10,-18,-27,-35,-37,-33,-35,-36,-34,-31,-29,-29,-30,-31,-30,-31,-34,-34,-33,-32,-33,-31,-25,-21,-19,-16,-14,-13,-11,-11,-11,-12,-14,-15,-15,-16,-18,-18,-18,-17,-16,-18,-19,-18,-17,-18,-18,-18,-18,-17,-17,-17,-18,-20,-20,-19,-18,-18,-18,-18,-18,-18
-79,-111,-133,-150,-129,-116,-88,-61,-42,-17,0,14,35,59,78,85,69,68,44,13,-16,-54,-75,-84,-95,-106,-103,-127,-113,-118,-106,-59,-49,-19,9,45,51,34,5,-11,-27,-44,-54,-58,-57,-54,-55,-54,-52,-54,-52,-48,-46,-45,-42,-39,-37,-36,-35,-35,-33,-30,-27,-24,-22,-23,-24,-24,-24,-22,-19,-19,-21,-21,-20,-20,-20,-21,-21,-22,-21,-22,-24,-24,-24,-22,-20,-21,-23,-23,-22,-22,-23,-23,-22,-20,-21,-23,-23,-22
-79,-90,-96,-98,-110,-102,-83,-64,-41,-19,-15,-13,6,22,49,86,100,91,77,51,43,45,18,-14,-49,-82,-134,-136,-105,-73,-60,-13,31,44,45,23,-6,-15,-23,-35,-45,-46,-48,-48,-51,-61,-62,-57,-53,-46,-39,-37,-36,-36,-34,-34,-35,-33,-36,-39,-40,-38,-36,-36,-34,-31,-27,-23,-22,-23,-24,-24,-24,-23,-23,-25,-25,-24,-22,-20,-17,-16,-17,-17,-17,-17,-16,-16,-16,-16,-19,-23,-20,-14,-16,-17,-16,-15,-15,-15
-87,-126,-123,-110,-87,-51,-31,-25,-10,10,26,62,87,102,70,65,48,24,6,-25,-46,-57,-71,-105,-126,-103,-106,-80,-44,-17,26,64,112,96,52,23,3,-4,-9,-22,-32,-30,-28,-27,-25,-25,-22,-18,-17,-16,-14,-11,-9,-11,-11,-9,-8,-8,-8,-7,-7,-7,-7,-8,-9,-8,-8,-8,-8,-7,-7,-7,-7,-7,-7,-6,-5,-5,-5,-5,-6,-6,-7,-8,-8,-8,-8,-8,-8,-8,-8,-8,-8,-8,-7,-8,-8,-8,-8,-7
-76,-103,-131,-142,-128,-116,-98,-80,-67,-67,-48,-26,-15,-7,-4,2,14,17,10,15,14,13,16,18,19,-3,-69,-148,-202,-229,-224,-198,-164,-128,-95,-48,-19,-5,6,0,-13,-16,-23,-32,-25,-24,-35,-38,-38,-41,-47,-47,-43,-39,-32,-21,-11,-3,0,0,3,4,5,6,6,6,5,6,6,5,4,3,2,1,1,1,1,1,2,2,2,2,2,2,1,0,0,1,2,2,1,0,0,1,2,1,0,0,0,0
-82,-117,-150,-146,-107,-50,-27,4,22,39,58,66,68,63,62,71,90,101,77,53,31,10,-15,-59,-92,-119,-139,-123,-87,-50,-29,20,28,16,43,51,38,19,2,-12,-22,-31,-42,-47,-45,-42,-39,-38,-38,-36,-33,-30,-28,-26,-22,-21,-22,-23,-19,-13,-8,-5,-3,0,1,0,0,0,0,0,0,0,0,-1,0,0,0,0,0,0,0,0,-1,-2,-3,-3,-3,-3,-3,-3,-2,-2,-2,-2,-3,-4,-3,-3,-3,-3
-78,-88,-91,-94,-74,-62,-112,-164,-134,-112,-102,-84,-65,-42,-28,-18,-8,13,46,63,63,52,36,31,23,0,-36,-86,-123,-121,-134,-112,-104,-78,-51,-35,-9,5,13,28,30,18,-7,-18,-16,-20,-36,-51,-56,-51,-44,-41,-40,-39,-37,-32,-29,-28,-27,-25,-21,-18,-17,-15,-13,-11,-9,-8,-9,-11,-10,-9,-9,-8,-9,-10,-10,-10,-9,-9,-8,-7,-7,-7,-8,-9,-10,-10,-11,-11,-11,-11,-12,-12,-12,-13,-12,-11,-11,-10
-67,-69,-73,-76,-74,-120,-172,-134,-100,-88,-84,-69,-39,-13,3,20,39,53,61,54,44,34,27,9,-28,-50,-79,-100,-126,-122,-118,-109,-92,-57,-45,-30,1,16,20,23,17,7,-5,-13,-23,-33,-40,-44,-48,-49,-46,-41,-35,-34,-35,-33,-30,-27,-26,-27,-27,-26,-22,-19,-17,-16,-15,-13,-13,-13,-12,-11,-8,-6,-5,-4,-4,-5,-6,-8,-10,-11,-11,-11,-10,-10,-10,-9,-9,-9,-9,-9,-9,-10,-10,-9,-9,-10,-10,-10
-84,-104,-102,-97,-95,-129,-112,-78,-82,-67,-51,-59,-48,-11,12,14,5,5,23,46,61,68,64,55,46,17,-22,-31,-78,-138,-121,-134,-119,-95,-55,-38,-54,-9,47,42,25,11,3,0,-6,-22,-33,-38,-40,-40,-40,-41,-42,-41,-40,-39,-36,-30,-27,-27,-25,-23,-21,-20,-20,-19,-18,-15,-11,-7,-8,-11,-11,-10,-7,-6,-7,-8,-8,-7,-6,-7,-7,-8,-8,-9,-9,-10,-12,-13,-12,-12,-11,-12,-13,-12,-12,-11,-12,-11
-88,-129,-167,-168,-150,-156,-144,-109,-82,-60,-29,-2,13,43,66,71,69,73,62,42,30,23,6,-23,-41,-80,-95,-110,-111,-110,-86,-53,-30,-14,11,39,46,50,44,27,12,-1,-10,-18,-24,-32,-36,-38,-38,-40,-38,-33,-31,-32,-30,-26,-24,-23,-21,-19,-18,-17,-17,-15,-10,-4,0,0,0,0,1,1,2,1,0,-1,-2,-2,-2,-3,-3,-3,-3,-4,-4,-5,-5,-5,-5,-5,-6,-6,-6,-7,-7,-7,-7,-6,-6,-6
-55,-47,-40,-19,-4,-33,-110,-147,-122,-82,-79,-52,-21,-11,-5,-5,1,10,5,0,-4,-4,4,12,8,3,-4,-9,-11,-13,-43,-92,-129,-135,-127,-117,-94,-79,-63,-37,-10,13,33,37,26,13,8,7,4,-4,-12,-17,-24,-30,-32,-30,-30,-33,-35,-33,-32,-30,-27,-24,-22,-19,-17,-13,-12,-11,-3,6,8,6,3,1,0,-3,-4,-6,-9,-11,-13,-14,-13,-12,-10,-8,-7,-6,-7,-8,-8,-9,-10,-10,-10,-10,-10,-9
5,13,8,3,7,11,11,11,11,11,8,0,-18,-30,-29,-28,-30,-30,-25,-19,-15,-9,-4,-4,-5,-11,-16,-14,-8,2,13,21,22,18,13,9,6,3,-2,-3,3,9,10,3,-9,-21,-25,-20,-7,5,10,9,6,9,11,11,10,9,7,5,4,0,0,0,-3,-5,-6,-7,-6,-5,-6,-6,-7,-8,-10,-11,-11,-11,-9,-8,-8,-9,-10,-11,-12,-11,-10,-12,-11,-10,-10,-8,-9,-9,-9,-8,-8,-8,-8,-9
-9,-3,5,11,12,13,14,14,10,5,0,-4,-9,-11,-13,-12,-10,-7,-5,-4,-4,-4,-5,-4,-2,-4,-5,-5,-5,-6,-6,-5,-3,-1,2,4,6,7,8,9,11,13,14,16,16,16,15,14,12,8,4,1,0,1,2,3,0,-2,0,0,-3,0,3,5,2,-7,-10,-11,-13,-16,-14,-10,-5,1,4,4,5,7,10,14,19,18,13,6,2,6,9,8,5,2,1,1,0,-3,-5,-8,-12,-13,-12,-10
6,10,13,16,19,22,23,19,12,7,-2,-10,-13,-21,-25,-32,-24,0,0,-8,0,7,7,6,7,9,5,-2,-3,0,0,0,2,1,0,1,6,6,7,8,8,10,13,14,11,5,3,3,4,5,4,0,-1,0,1,1,-2,-6,-6,-3,0,0,-6,-10,-10,-8,-1,4,5,2,-1,-5,-9,-7,-5,-3,-3,-2,-1,-2,0,6,10,4,-2,-3,-1,1,1,0,-1,-1,-1,-2,-3,-4,-3,-3,-5,-4
-33,-21,-8,4,15,24,31,31,22,14,9,0,-4,5,3,-9,-16,-8,-12,-15,-16,-17,-21,-27,-33,-36,-33,-28,-20,-10,-2,0,6,9,10,10,11,15,20,23,24,23,20,15,10,9,7,3,0,-1,-15,-33,-12,-1,-1,-9,-15,-15,-15,-17,-16,-10,-3,3,7,6,6,8,11,11,10,8,6,7,8,9,9,4,-4,-8,-1,5,4,-6,-7,-1,3,4,3,3,4,2,-4,-9,-13,-17,-19,-16,-8,-2
-19,-12,-5,0,2,2,1,2,2,1,2,-3,-18,-26,-29,-33,-33,-31,-27,-19,-9,-10,-16,-17,-14,-12,-9,-5,-3,0,1,1,3,6,9,10,11,11,11,11,9,8,7,6,6,6,5,4,2,1,1,1,1,1,1,1,1,2,3,3,3,4,5,5,3,2,2,2,2,2,3,3,4,5,6,6,6,5,5,5,6,6,5,4,3,3,1,1,2,1,0,0,0,1,1,2,2,2,3,3
-52,-35,-9,-10,-37,-52,-55,-52,-58,-80,-90,-83,-79,-79,-60,-34,-22,-32,-37,-36,-29,-16,-6,0,5,3,0,-2,-3,-6,-8,-9,-9,-9,-7,-6,-3,0,1,1,1,1,2,4,4,5,4,4,5,5,6,6,5,4,3,3,2,1,1,1,0,0,1,1,1,2,3,3,4,4,4,4,4,4,3,3,3,2,2,2,1,1,1,2,2,2,2,3,3,3,3,3,4,4,4,3,3,2,2,2
0,-4,-9,-9,-7,-2,4,7,2,-3,-5,-6,-9,-9,-15,-23,-30,-33,-33,-30,-20,-10,-7,-8,-8,-10,-16,-18,-16,-11,-5,-2,-1,-1,-2,-2,0,4,6,6,6,6,6,8,9,7,3,2,1,0,0,0,-1,-2,-2,-3,-2,-1,0,0,1,1,1,1,2,2,2,2,3,4,5,6,7,7,7,7,6,4,4,2,3,6,8,9,9,8,6,7,9,10,10,9,8,8,7,6,4,4,5,6
-14,-6,2,9,10,9,9,11,12,10,6,3,-2,-11,-16,-17,-17,-15,-16,-17,-17,-2,-1,-10,-14,-12,-2,0,0,-4,-8,-10,-9,-6,-2,0,4,10,10,18,26,25,21,12,6,6,8,8,6,3,2,0,0,0,0,0,0,-1,-1,0,0,1,2,2,2,2,1,2,2,1,2,1,1,1,2,4,5,6,6,5,5,6,5,5,4,5,5,5,5,5,5,6,6,5,6,6,6,5,4,5
-43,-42,-41,-42,-42,-36,-32,-34,-35,-30,-33,-37,-38,-47,-57,-56,-51,-46,-40,-33,-27,-25,-25,-24,-22,-19,-13,-10,-6,-2,0,1,2,3,4,5,8,13,15,13,10,8,8,8,9,8,8,9,9,8,8,7,8,9,9,8,8,10,10,9,7,6,6,5,5,5,6,7,8,8,7,7,6,6,5,5,5,5,6,6,7,7,7,7,7,7,7,6,6,6,6,7,7,6,7,7,6,6,6,5
-21,-33,-40,-44,-35,-21,-15,-20,-19,-14,-6,-2,-4,-6,-9,-9,-10,-15,-12,-9,-11,-10,-6,0,-3,-10,-13,-14,-6,0,3,2,0,-4,-2,0,3,5,4,1,-1,-1,0,2,4,6,6,3,0,1,4,5,6,7,7,6,5,3,3,4,4,4,4,3,3,3,4,4,4,4,7,6,3,3,3,3,4,4,5,4,5,5,4,3,4,5,4,4,4,4,3,2,2,3,4,4,4,5,4,3
-33,-31,-36,-43,-37,-31,-27,-21,-25,-29,-43,-61,-73,-83,-96,-100,-95,-90,-83,-78,-73,-68,-65,-63,-59,-50,-50,-51,-43,-47,-47,-39,-32,-30,-27,-26,-25,-27,-29,-30,-29,-24,-22,-14,-7,-2,-4,-4,-1,4,2,0,2,3,-1,0,0,-4,-5,-5,-6,-4,-1,3,4,3,0,-3,-3,-2,-3,-4,-4,-6,-5,-5,-4,-3,-4,-6,-6,-7,-8,-5,-5,-4,-3,-4,-6,-7,-6,-5,-7,-7,-4,-4,-7,-6,-6,-6
5,8,11,11,11,14,18,20,20,16,12,7,1,-4,-11,-18,-21,-22,-20,-15,-12,-11,-9,-10,-7,-1,4,9,15,13,13,11,10,13,17,19,19,20,19,17,16,16,12,8,5,3,2,0,0,0,-3,-8,-11,-11,-10,-5,-2,0,3,4,3,2,4,7,12,18,17,13,9,6,5,5,6,5,2,0,0,1,2,0,0,0,1,2,2,2,1,1,1,4,6,7,8,8,8,7,5,5,5,5
30,28,25,26,29,31,31,21,-5,-18,-14,-11,-9,-9,-7,-5,-5,-9,-11,-13,-16,-20,-22,-23,-23,-19,-12,-9,-6,2,15,24,24,19,16,14,10,6,5,7,5,1,0,-4,-10,-14,-16,-15,-12,-10,-8,-3,-1,-1,-2,-2,-7,-10,-11,-13,-16,-17,-17,-16,-14,-11,-6,0,7,12,12,10,9,10,12,14,15,15,15,10,2,-2,-5,-9,-11,-7,-2,0,-2,0,6,4,0,-1,-2,-1,0,0,0,1
-1,5,12,17,18,14,13,15,17,17,12,7,4,4,3,0,-4,-9,-10,-9,-6,-3,-2,-2,-2,-3,-6,-10,-14,-18,-19,-18,-16,-13,-7,-4,-6,-5,-2,4,7,7,6,13,31,38,28,14,7,6,8,11,11,10,10,8,4,3,0,-6,-12,-16,-19,-21,-21,-19,-16,-13,-9,-6,-4,-1,6,6,13,21,22,18,14,12,13,15,16,17,15,12,11,11,12,7,0,-4,-5,-9,-16,-22,-22,-20,-15,-11
11,14,19,24,25,24,25,24,24,20,16,14,12,5,-6,-11,-11,-15,-24,-30,-28,-22,-16,-10,-8,-11,-14,-20,-22,-22,-14,-9,-7,-6,-3,2,8,10,11,12,11,11,11,12,12,11,5,-2,-9,-13,-14,-19,-25,-28,-30,-32,-32,-30,-25,-19,-13,-8,-7,-7,-12,-20,-24,-22,-15,-8,-2,1,4,3,3,2,0,-3,-6,-6,-7,-8,-9,-10,-10,-10,-8,-8,-10,-11,-10,-9,-8,-8,-9,-10,-10,-11,-11,-10
-8,-13,-17,-19,-18,-15,-14,-14,-13,-13,-13,-12,-10,-7,-3,2,9,17,25,32,31,26,23,20,18,15,11,6,0,-3,-6,-10,-15,-16,-17,-19,-20,-20,-20,-18,-15,-13,-11,-8,-4,0,2,2,3,4,5,5,5,6,6,6,5,4,2,0,0,-1,-3,-5,-6,-7,-7,-7,-5,-3,-2,-1,0,0,0,0,0,0,1,2,3,4,5,5,5,4,3,2,1,0,0,0,-1,-2,-3,-4,-4,-5,-5,-2
-44,-40,-38,-33,-29,-25,-25,-24,-20,-18,-23,-26,-31,-37,-39,-40,-44,-44,-39,-35,-35,-33,-31,-24,-19,-21,-19,-16,-21,-25,-30,-35,-38,-40,-35,-31,-25,-20,-19,-23,-17,-10,-14,-12,-5,-3,-3,-5,-8,-15,-21,-27,-35,-38,-39,-33,-37,-43,-45,-46,-42,-37,-34,-32,-28,-26,-22,-17,-14,-16,-17,-14,-12,-9,-5,-4,-5,-5,-8,-11,-12,-12,-12,-11,-9,-8,-7,-5,-5,-5,-4,-5,-4,-4,-5,-7,-10,-13,-14,-12
0,-14,-24,-29,-32,-32,-29,-20,-9,0,3,8,10,11,12,13,16,17,18,21,21,18,11,6,0,-9,-14,-16,-19,-20,-18,-13,-6,-3,-5,-8,-7,-4,-2,-1,0,16,30,30,37,28,9,-8,-13,-9,-8,-5,1,6,9,13,16,16,15,16,16,13,9,7,5,4,3,2,0,-1,-4,-8,-11,-11,-8,-5,-1,1,1,2,3,8,14,16,14,11,8,6,6,9,9,5,-1,-9,-11,-4,-2,-6,-7,-6
-10,-3,3,7,2,3,4,1,4,11,8,1,-6,-9,-12,-16,-14,-15,-21,-24,-23,-21,-20,-19,-13,-6,-5,-10,-10,-5,-13,-25,-27,-21,-20,-27,-19,-11,-4,1,1,-2,0,0,-2,-6,-7,-10,-13,-13,-12,-9,-10,-10,-5,-3,-1,-6,-16,-20,-26,-30,-33,-34,-34,-27,-19,-11,-4,-1,1,6,8,5,1,-3,-10,-14,-15,-23,-29,-29,-28,-26,-24,-21,-17,-12,-10,-10,-10,-9,-9,-11,-12,-12,-11,-10,-9,-8
-15,0,16,22,11,0,-8,-11,-11,-10,-9,-8,-6,0,7,11,10,10,10,8,6,3,-1,-6,-7,-5,-3,-1,1,3,5,8,8,3,0,-3,-5,-1,0,-3,-2,13,29,33,25,14,9,2,-5,-10,-6,5,14,18,17,13,14,22,44,31,-4,-40,-72,-40,1,6,10,25,37,29,15,5,-1,-1,2,4,2,0,-4,-6,0,0,-4,-5,-2,0,3,5,5,6,7,8,7,6,4,2,1,0,0,0
