-26,-35,-47,-68,-74,-72,-68,-68,-72,-74,-66,-41,-34,-56,-72,-91,-126,-171,-202,-209,-183,-98,54,155,138,195,222,190,211,183,123,79,56,50,46,40,38,38,31,25,17,8,-8,-19,-16,-22,-23,-27,-38,-34,-43,-44,-35,-31,-36,-43,-46,-44,-36,-35,-37,-34,-30,-28,-29,-29,-30,-30,-30,-30,-31,-31,-31,-31,-30,-29,-29,-29,-29,-29,-29,-29,-28,-28,-29,-29,-29,-29,-29,-29,-29,-29,-29,-28,-29,-29,-28,-29,-29,-28
-49,-64,-82,-94,-100,-103,-107,-107,-105,-100,-88,-65,-42,-47,-85,-153,-193,-209,-167,-75,-35,57,157,189,170,194,188,178,196,191,160,133,115,101,82,66,56,43,29,17,14,24,38,42,42,49,45,31,25,17,15,13,6,4,-2,-16,-20,-18,-29,-30,-38,-36,-28,-21,-22,-22,-16,-16,-20,-21,-19,-21,-24,-22,-19,-19,-21,-22,-22,-21,-21,-21,-20,-20,-20,-21,-20,-20,-21,-21,-21,-20,-20,-21,-22,-21,-21,-21,-22,-22
-26,-41,-53,-64,-66,-70,-68,-65,-65,-74,-80,-78,-56,-42,-56,-82,-120,-149,-151,-120,-71,-28,6,61,140,185,193,208,188,174,168,146,104,63,37,32,31,36,35,20,10,19,20,12,13,17,7,0,0,-3,-9,-19,-21,-22,-26,-28,-25,-24,-27,-28,-25,-22,-22,-21,-21,-23,-25,-26,-27,-27,-27,-27,-26,-26,-26,-27,-26,-26,-27,-27,-26,-26,-26,-26,-27,-26,-26,-26,-26,-26,-26,-26,-26,-26,-26,-26,-26,-26,-26,-26
-42,-49,-65,-76,-85,-83,-78,-75,-76,-78,-72,-52,-53,-59,-73,-116,-141,-138,-97,-31,-6,39,141,177,195,218,194,172,163,138,105,78,68,61,57,56,50,48,33,25,22,14,26,32,12,-1,-7,-15,-15,-8,-18,-28,-29,-30,-35,-38,-39,-39,-34,-27,-24,-24,-25,-24,-21,-20,-20,-19,-21,-23,-24,-25,-27,-27,-26,-26,-26,-25,-24,-25,-25,-25,-25,-25,-25,-25,-25,-24,-25,-25,-24,-25,-25,-25,-25,-25,-25,-25,-25,-24
-32,-44,-53,-61,-68,-73,-70,-67,-74,-79,-79,-66,-44,-33,-35,-48,-79,-107,-99,-79,-45,-18,-9,26,116,185,196,210,200,165,143,125,113,102,86,76,66,66,75,61,45,39,35,40,34,27,25,14,10,9,2,-2,-10,-14,-8,-11,-20,-17,-11,-13,-20,-23,-18,-17,-22,-24,-21,-22,-24,-23,-19,-21,-24,-24,-23,-24,-26,-25,-24,-23,-22,-22,-22,-23,-24,-22,-22,-23,-22,-20,-21,-23,-22,-23,-23,-23,-23,-24,-24,-24
-31,-31,-40,-48,-47,-41,-33,-30,-36,-52,-66,-62,-50,-45,-50,-72,-100,-113,-111,-96,-47,-25,-4,59,153,202,226,221,208,189,156,122,109,96,73,60,52,41,42,44,27,19,20,19,13,4,9,7,-5,-16,-9,-15,-22,-20,-18,-22,-24,-24,-26,-28,-27,-24,-22,-23,-22,-20,-23,-24,-25,-25,-27,-28,-28,-26,-26,-26,-26,-26,-26,-26,-26,-26,-25,-25,-26,-25,-25,-26,-26,-26,-26,-26,-27,-27,-26,-26,-27,-27,-26,-26
-34,-34,-41,-49,-61,-65,-64,-62,-62,-61,-67,-61,-40,-24,-29,-43,-65,-90,-109,-122,-90,-75,-38,-16,93,173,184,203,202,193,167,123,100,95,80,68,56,42,39,43,39,37,45,40,30,22,6,0,-2,-18,-19,-19,-30,-39,-32,-35,-42,-42,-35,-37,-34,-28,-24,-26,-27,-28,-26,-25,-24,-19,-14,-17,-22,-22,-22,-24,-24,-24,-23,-24,-24,-22,-22,-22,-22,-22,-23,-23,-23,-24,-23,-22,-23,-23,-22,-23,-24,-23,-23,-24
-36,-45,-64,-71,-65,-54,-47,-42,-48,-51,-49,-37,-34,-50,-65,-83,-98,-127,-155,-150,-86,-51,-2,120,175,193,211,203,194,178,145,135,114,83,69,71,62,44,32,36,28,21,22,10,-8,-15,-14,-5,1,-6,-16,-15,-16,-24,-30,-30,-27,-28,-31,-31,-28,-25,-25,-29,-31,-29,-19,-10,-15,-17,-19,-22,-25,-24,-22,-22,-22,-21,-22,-22,-23,-23,-22,-21,-22,-22,-23,-23,-23,-23,-23,-22,-22,-23,-23,-23,-23,-23,-22,-22
-24,-29,-52,-69,-68,-60,-60,-63,-79,-86,-76,-54,-31,-24,-40,-65,-85,-96,-106,-96,-74,-9,63,160,188,190,191,170,147,121,96,95,80,66,58,51,48,48,46,42,38,33,28,20,13,7,1,-2,-3,-10,-23,-26,-25,-32,-40,-33,-21,-34,-32,-25,-27,-27,-28,-28,-27,-26,-25,-26,-26,-27,-27,-28,-28,-27,-26,-25,-25,-25,-25,-25,-25,-24,-24,-25,-25,-24,-24,-24,-24,-23,-23,-24,-24,-24,-23,-24,-24,-24,-24,-24
-36,-45,-63,-70,-72,-65,-55,-53,-52,-52,-48,-44,-39,-31,-39,-57,-73,-81,-87,-92,-83,-55,-40,-27,53,151,163,187,177,157,148,133,102,83,68,48,39,40,42,46,45,39,29,4,-24,-36,-31,-28,-32,-38,-38,-38,-51,-62,-66,-61,-56,-56,-54,-47,-35,-33,-32,-33,-31,-33,-31,-30,-30,-29,-30,-31,-31,-31,-31,-31,-32,-32,-31,-31,-31,-31,-31,-30,-31,-30,-31,-30,-30,-31,-31,-30,-31,-31,-31,-31,-31,-31,-31,-31
-44,-45,-64,-82,-86,-85,-72,-74,-84,-92,-89,-69,-58,-84,-108,-148,-177,-178,-149,-89,-69,-32,108,157,196,216,193,165,158,142,117,89,66,61,56,48,53,53,43,42,49,42,25,16,9,-10,-7,-11,-26,-28,-27,-38,-43,-40,-31,-41,-45,-43,-39,-36,-34,-35,-34,-32,-30,-27,-28,-29,-29,-30,-30,-30,-30,-29,-29,-28,-29,-29,-29,-29,-29,-29,-28,-29,-29,-29,-28,-28,-29,-29,-29,-29,-28,-28,-29,-28,-28,-29,-29,-29
-42,-53,-59,-55,-58,-67,-67,-68,-70,-74,-78,-78,-66,-48,-35,-40,-72,-115,-131,-126,-105,-79,-32,0,118,138,173,195,187,185,180,165,145,119,93,80,70,60,54,53,50,53,55,49,41,33,28,22,15,12,12,15,11,0,-5,-7,-16,-20,-18,-20,-26,-25,-30,-26,-29,-24,-27,-32,-30,-29,-28,-27,-27,-29,-30,-31,-31,-31,-31,-30,-30,-31,-30,-30,-30,-31,-30,-30,-30,-29,-30,-30,-30,-29,-29,-30,-29,-29,-29,-29
-38,-45,-54,-54,-54,-60,-64,-61,-66,-62,-56,-57,-56,-55,-64,-67,-72,-58,-34,-9,-3,14,30,41,72,132,157,158,141,136,125,99,83,77,69,67,69,67,57,54,47,39,34,30,24,16,10,11,11,6,-1,-1,0,2,-1,-9,-15,-22,-30,-36,-37,-19,-44,-55,-44,-41,-43,-39,-32,-29,-29,-29,-45,-37,-34,-31,-30,-29,-29,-29,-29,-29,-29,-29,-29,-28,-29,-29,-29,-29,-29,-29,-29,-29,-29,-29,-29,-29,-30,-29
-44,-49,-46,-47,-53,-48,-50,-59,-53,-49,-48,-45,-34,-31,-39,-62,-71,-71,-51,-29,2,25,52,63,121,165,135,133,141,148,152,148,119,106,100,78,69,73,68,60,64,62,56,53,52,48,48,38,35,37,27,17,14,11,4,-18,-9,-4,-4,-14,-21,-24,-26,-25,-22,-24,-26,-23,-17,-18,-19,-19,-20,-22,-22,-21,-21,-21,-21,-21,-22,-22,-22,-22,-22,-22,-21,-22,-22,-21,-21,-21,-22,-21,-22,-22,-21,-21,-22,-23
-28,-32,-42,-49,-53,-54,-66,-76,-85,-92,-93,-82,-65,-53,-52,-54,-57,-52,-40,-17,-9,8,12,28,72,120,152,152,149,148,138,122,100,82,66,57,62,58,48,40,42,39,30,32,23,8,0,-5,-3,-2,-11,-13,-8,-11,-18,-22,-27,-28,-33,-37,-34,-30,-36,-37,-35,-35,-36,-35,-34,-33,-32,-31,-30,-30,-32,-31,-31,-31,-30,-30,-31,-31,-31,-31,-30,-31,-30,-30,-30,-30,-30,-30,-30,-30,-31,-30,-30,-30,-31,-31
-43,-52,-68,-77,-83,-73,-76,-90,-96,-82,-69,-66,-60,-44,-37,-42,-60,-71,-67,-44,-32,-13,1,18,39,74,144,149,149,166,167,154,143,126,101,76,54,57,52,50,49,56,48,39,44,38,29,26,26,25,23,17,14,12,8,7,5,2,-2,-6,-9,-17,-22,-30,-29,-31,-37,-33,-25,-25,-24,-24,-24,-25,-27,-25,-25,-25,-24,-24,-24,-24,-25,-25,-25,-25,-25,-25,-26,-26,-25,-24,-25,-25,-25,-25,-26,-25,-25,-26
-44,-52,-61,-62,-69,-78,-74,-74,-74,-69,-60,-52,-58,-69,-92,-108,-104,-86,-53,-40,-25,10,116,159,145,172,171,158,152,122,90,79,63,50,53,42,26,16,18,16,7,-2,-7,-16,-21,-24,-31,-34,-29,-29,-36,-38,-35,-34,-27,-32,-34,-34,-33,-34,-34,-33,-27,-27,-27,-25,-28,-29,-28,-26,-27,-27,-27,-27,-27,-28,-28,-27,-26,-27,-27,-27,-27,-27,-27,-27,-27,-27,-27,-28,-27,-27,-28,-28,-27,-27,-28,-27,-27,-28
-35,-40,-52,-60,-68,-66,-64,-61,-63,-67,-67,-61,-53,-48,-50,-60,-68,-63,-62,-47,-34,-13,0,37,136,183,170,166,158,146,137,108,93,87,76,75,71,60,48,39,28,18,11,6,0,-14,-22,-23,-31,-34,-36,-33,-30,-24,-26,-26,-21,-18,-23,-24,-18,-20,-24,-18,-19,-24,-27,-25,-24,-22,-20,-20,-24,-23,-23,-23,-22,-22,-23,-23,-23,-21,-22,-21,-21,-23,-23,-22,-22,-22,-22,-22,-23,-23,-23,-22,-24,-23,-22,-23
-31,-49,-66,-75,-85,-86,-80,-76,-68,-59,-49,-39,-29,-23,-24,-35,-48,-54,-59,-61,-46,-32,-1,13,26,58,119,160,149,153,154,142,119,95,86,75,66,56,49,43,32,27,25,26,21,10,5,3,0,0,1,-3,-6,-2,-19,-16,-10,-6,-11,-15,-16,-14,-9,-9,-5,0,-12,-21,-22,-23,-22,-22,-23,-24,-22,-21,-23,-24,-22,-22,-24,-24,-23,-23,-23,-23,-24,-23,-24,-23,-23,-24,-25,-23,-24,-25,-24,-23,-24,-25
-34,-33,-41,-47,-48,-46,-45,-44,-45,-44,-43,-42,-42,-39,-34,-37,-46,-64,-75,-70,-61,-37,-15,3,20,41,55,79,130,146,148,151,149,132,111,99,90,79,59,45,37,24,21,22,13,4,0,0,-3,-8,-14,-10,-8,-11,-7,-4,-7,-9,-9,-10,-12,-17,-21,-22,-23,-26,-24,-5,-16,-21,-21,-26,-28,-22,-23,-23,-23,-25,-25,-25,-25,-24,-24,-24,-24,-23,-24,-24,-24,-24,-24,-23,-23,-24,-24,-24,-24,-24,-23,-23
-66,-75,-76,-77,-93,-106,-109,-123,-126,-134,-136,-122,-104,-71,-37,-21,-2,21,42,59,64,67,59,58,54,39,35,41,49,59,62,58,57,58,54,44,17,-8,-14,-56,-79,-91,-109,-118,-122,-126,-122,-104,-100,-94,-88,-89,-93,-87,-79,-71,-62,-56,-51,-43,-36,-31,-32,-30,-26,-26,-27,-25,-24,-25,-24,-22,-24,-25,-24,-24,-25,-23,-22,-24,-24,-23,-22,-23,-22,-20,-21,-21,-20,-21,-21,-21,-21,-21,-21,-20,-20,-20,-19,-18
-68,-74,-84,-90,-96,-99,-99,-94,-87,-76,-64,-49,-39,-26,-15,-9,-3,1,12,21,29,42,50,53,52,55,54,55,55,59,61,64,67,69,63,53,50,37,19,21,0,-15,-21,-44,-47,-50,-67,-62,-67,-79,-75,-75,-81,-83,-93,-96,-91,-81,-74,-72,-69,-64,-60,-55,-43,-33,-32,-31,-29,-28,-27,-27,-24,-21,-22,-23,-21,-20,-21,-19,-19,-21,-21,-18,-20,-21,-19,-19,-22,-20,-19,-20,-20,-19,-19,-19,-19,-18,-20,-19
-81,-100,-117,-125,-137,-141,-138,-133,-116,-96,-71,-49,-29,-19,-15,-4,6,26,50,71,83,90,85,81,80,81,83,81,82,87,88,76,59,49,34,18,0,-4,-25,-48,-55,-86,-95,-101,-119,-112,-103,-106,-100,-95,-96,-92,-82,-82,-79,-68,-62,-67,-62,-50,-47,-41,-33,-31,-29,-24,-26,-28,-26,-27,-28,-27,-26,-27,-26,-23,-25,-24,-23,-23,-24,-24,-25,-25,-25,-25,-25,-24,-24,-26,-25,-25,-25,-24,-23,-25,-25,-24,-24,-24
-66,-73,-88,-109,-119,-125,-126,-118,-113,-101,-94,-76,-51,-36,-19,-1,10,22,38,54,68,78,80,80,81,78,78,81,87,86,82,73,60,59,51,36,35,26,0,-7,-25,-51,-56,-62,-83,-87,-91,-100,-97,-97,-94,-86,-77,-75,-73,-69,-70,-68,-56,-45,-46,-45,-41,-36,-33,-31,-28,-28,-27,-26,-24,-23,-24,-23,-25,-25,-21,-20,-25,-25,-21,-23,-26,-24,-23,-25,-25,-24,-25,-26,-25,-24,-25,-24,-23,-23,-23,-23,-22,-23
-77,-92,-105,-114,-114,-119,-122,-116,-114,-105,-86,-69,-47,-32,-14,4,21,34,42,39,37,44,56,73,92,102,102,103,103,105,102,105,100,85,66,44,28,28,28,17,21,7,-10,-9,-40,-47,-55,-80,-77,-87,-94,-89,-99,-100,-94,-86,-82,-76,-74,-72,-57,-49,-48,-46,-40,-40,-43,-34,-28,-30,-27,-21,-24,-24,-20,-20,-23,-19,-16,-20,-21,-18,-18,-21,-20,-18,-21,-20,-17,-19,-21,-18,-17,-21,-21,-16,-16,-21,-19,-16
-79,-89,-98,-113,-120,-125,-128,-129,-127,-120,-107,-93,-68,-44,-21,-6,7,21,36,48,57,72,85,89,86,86,94,98,97,96,91,90,86,73,68,58,48,42,31,26,21,10,0,-7,-15,-23,-29,-36,-60,-70,-81,-91,-88,-87,-89,-86,-86,-88,-82,-77,-78,-73,-63,-63,-63,-55,-52,-55,-50,-46,-45,-40,-34,-32,-33,-32,-32,-32,-32,-34,-32,-29,-31,-30,-28,-27,-27,-26,-26,-26,-24,-25,-26,-24,-24,-26,-25,-24,-25,-24
-76,-90,-92,-114,-129,-130,-130,-128,-121,-116,-99,-75,-58,-42,-30,-17,-1,8,17,27,34,45,64,77,85,91,90,89,86,86,80,78,83,77,60,57,47,25,19,-5,-8,-6,-30,-28,-47,-60,-69,-74,-77,-78,-80,-82,-79,-78,-78,-72,-72,-72,-63,-56,-60,-59,-44,-34,-36,-31,-18,-14,-15,-12,-8,-5,-6,-8,-7,-5,-7,-6,-5,-6,-5,-6,-8,-5,-3,-7,-6,-3,-4,-7,-4,-4,-6,-7,-4,-4,-7,-6,-4,-5
-74,-79,-88,-97,-102,-104,-106,-102,-92,-78,-61,-43,-29,-19,-8,0,9,17,24,31,43,64,80,93,99,98,96,96,85,80,82,79,66,49,35,26,30,7,4,4,-20,-21,-40,-57,-74,-80,-84,-82,-84,-93,-91,-86,-85,-85,-83,-80,-86,-76,-58,-51,-55,-47,-35,-34,-35,-25,-23,-25,-21,-18,-21,-20,-16,-16,-20,-19,-14,-17,-19,-18,-15,-16,-16,-16,-15,-17,-16,-15,-17,-18,-14,-15,-18,-16,-13,-16,-17,-14,-13,-17
-80,-83,-84,-96,-103,-105,-107,-101,-93,-88,-73,-58,-44,-30,-17,-7,0,13,19,29,45,57,72,83,86,86,85,85,78,73,72,71,74,69,55,42,29,23,11,5,-2,-7,-3,-29,-43,-39,-59,-69,-79,-89,-87,-90,-96,-96,-91,-97,-97,-86,-79,-82,-71,-64,-61,-50,-39,-35,-31,-25,-22,-24,-21,-17,-19,-19,-17,-18,-20,-18,-17,-19,-18,-16,-19,-19,-17,-17,-20,-17,-16,-18,-18,-16,-17,-19,-17,-15,-17,-17,-16,-16
-77,-86,-101,-105,-104,-110,-109,-105,-100,-88,-75,-62,-46,-31,-16,-11,-8,1,6,7,18,34,47,66,81,92,99,94,90,90,86,79,84,84,77,64,40,28,20,12,0,1,-5,-20,-45,-61,-66,-71,-84,-96,-100,-100,-95,-91,-91,-94,-87,-89,-86,-71,-57,-48,-40,-37,-33,-30,-26,-20,-15,-11,-11,-10,-7,-6,-8,-6,-6,-7,-6,-6,-6,-8,-8,-8,-8,-7,-7,-7,-7,-7,-7,-6,-7,-7,-7,-9,-8,-6,-8,-9
-76,-83,-92,-99,-102,-108,-107,-101,-95,-89,-74,-63,-45,-25,-10,-4,6,14,18,16,17,27,45,67,82,89,94,97,93,88,82,73,68,66,56,45,44,38,30,32,20,0,-15,-36,-48,-56,-70,-72,-88,-98,-95,-101,-103,-97,-93,-82,-75,-81,-75,-63,-54,-48,-42,-34,-32,-35,-28,-19,-17,-15,-14,-13,-12,-10,-10,-9,-10,-7,-6,-9,-8,-7,-8,-9,-6,-6,-8,-9,-6,-6,-7,-5,-4,-7,-7,-5,-5,-6,-7,-4
-76,-93,-98,-111,-123,-120,-119,-115,-98,-92,-81,-62,-46,-33,-15,1,8,16,22,25,32,50,62,72,79,82,89,91,83,74,61,46,34,23,7,12,3,-13,-4,-33,-50,-50,-57,-59,-72,-78,-87,-85,-87,-92,-94,-89,-86,-84,-79,-74,-68,-67,-60,-50,-48,-52,-44,-36,-40,-35,-21,-22,-27,-17,-13,-20,-15,-11,-15,-16,-12,-14,-19,-15,-12,-17,-17,-13,-13,-16,-13,-12,-12,-14,-12,-10,-14,-14,-13,-15,-15,-12,-13,-15
-76,-76,-80,-85,-88,-93,-89,-90,-89,-88,-84,-74,-69,-59,-46,-36,-21,-13,-6,10,27,45,63,71,78,81,82,82,77,81,90,93,82,67,59,49,38,29,14,14,13,-3,-3,-9,-11,-22,-38,-40,-61,-58,-62,-81,-82,-92,-102,-101,-101,-101,-92,-85,-83,-84,-69,-56,-48,-37,-29,-26,-20,-13,-12,-7,-5,-4,-2,0,0,0,-1,-2,-1,-1,-2,-2,-1,-1,-1,-2,-3,-1,-1,-2,-3,-2,-2,-2,-3,-2,-1,-2
-78,-91,-100,-113,-126,-129,-127,-120,-107,-96,-89,-73,-60,-43,-25,-11,2,23,47,74,90,100,105,107,95,85,78,68,56,31,15,6,-4,-10,-12,-12,-15,-46,-46,-60,-92,-106,-128,-137,-125,-120,-121,-113,-98,-95,-81,-64,-60,-53,-43,-33,-30,-25,-18,-15,-12,-6,-4,-7,-6,-7,-12,-15,-14,-14,-14,-13,-11,-12,-12,-10,-11,-12,-13,-12,-13,-13,-11,-12,-12,-11,-11,-12,-11,-11,-11,-12,-11,-11,-13,-12,-11,-12,-13,-12
-77,-98,-108,-118,-127,-127,-122,-124,-121,-110,-94,-74,-53,-32,-20,-1,5,13,23,29,44,65,74,74,83,91,94,93,94,90,85,85,67,41,32,20,10,9,4,8,0,-19,-18,-42,-58,-74,-78,-88,-89,-94,-93,-88,-93,-88,-80,-78,-80,-65,-52,-51,-46,-37,-35,-34,-23,-16,-19,-16,-7,-7,-13,-11,-9,-15,-15,-10,-12,-15,-13,-12,-15,-14,-12,-14,-15,-12,-12,-16,-15,-12,-14,-16,-12,-13,-15,-14,-14,-16,-15,-14
-76,-91,-99,-110,-120,-122,-122,-116,-105,-95,-82,-63,-44,-24,0,12,21,36,42,48,58,65,65,69,66,66,69,76,82,80,72,68,59,39,22,20,5,-2,8,0,-12,-6,-9,-33,-44,-47,-53,-65,-67,-65,-64,-57,-65,-63,-56,-54,-58,-56,-45,-45,-51,-39,-31,-33,-29,-20,-16,-17,-15,-12,-13,-14,-14,-13,-14,-14,-12,-12,-12,-12,-12,-12,-11,-12,-13,-12,-13,-15,-13,-10,-11,-12,-9,-11,-14,-12,-12,-14,-14,-12
-78,-85,-95,-105,-108,-111,-112,-108,-106,-92,-79,-64,-43,-29,-16,-9,-3,6,19,30,44,56,56,56,65,76,84,89,90,88,75,59,48,41,32,27,32,20,21,29,-2,-17,-16,-43,-59,-64,-78,-83,-81,-80,-82,-85,-83,-84,-78,-69,-62,-60,-49,-39,-46,-44,-34,-30,-34,-30,-24,-22,-20,-14,-10,-10,-9,-8,-9,-11,-11,-12,-13,-12,-10,-10,-11,-9,-9,-10,-10,-10,-11,-11,-9,-10,-12,-11,-10,-10,-11,-10,-9,-10
-79,-88,-95,-102,-104,-113,-114,-112,-111,-102,-91,-78,-59,-34,-20,-13,0,6,9,18,32,41,46,55,60,57,53,54,58,60,60,57,49,45,31,20,22,23,7,-7,-17,-26,-36,-53,-63,-74,-79,-82,-81,-77,-80,-82,-81,-80,-76,-75,-79,-67,-60,-66,-59,-50,-44,-43,-37,-30,-27,-21,-17,-20,-18,-16,-19,-21,-18,-18,-19,-18,-18,-18,-20,-19,-19,-20,-20,-18,-20,-21,-18,-18,-20,-19,-18,-20,-20,-18,-21,-21,-18,-17
-81,-91,-98,-106,-110,-111,-115,-112,-104,-93,-77,-60,-43,-28,-18,-13,-7,4,13,18,20,28,44,72,96,107,104,91,76,68,71,76,75,61,48,40,18,8,11,4,-5,-13,-21,-38,-45,-48,-59,-73,-83,-86,-81,-82,-84,-84,-85,-91,-80,-69,-71,-63,-49,-43,-41,-32,-25,-23,-18,-15,-16,-18,-18,-18,-17,-16,-14,-13,-14,-15,-13,-11,-13,-13,-12,-14,-15,-13,-12,-15,-13,-11,-14,-15,-11,-12,-14,-13,-12,-13,-14,-12
-76,-82,-92,-104,-116,-130,-128,-122,-111,-99,-79,-66,-48,-23,-8,4,17,22,23,22,28,32,40,50,55,63,72,72,66,63,65,60,54,51,48,41,34,29,25,23,17,4,-12,-24,-31,-35,-32,-37,-44,-47,-48,-50,-60,-59,-61,-69,-76,-79,-74,-72,-83,-80,-72,-69,-68,-60,-58,-62,-52,-40,-34,-30,-25,-22,-20,-16,-14,-15,-15,-13,-15,-18,-15,-13,-16,-16,-13,-12,-15,-13,-11,-12,-14,-13,-13,-15,-14,-12,-15,-14
-104,-108,-100,-18,-111,-60,-63,-79,-89,-86,-84,-84,-85,-84,-83,-84,-88,-95,-98,-96,-88,-76,-62,-52,-40,-36,-35,-48,-60,-59,-59,-49,-46,-46,-40,-32,-31,-28,-23,-16,-11,-8,-7,-7,-4,0,3,3,3,4,4,4,4,4,3,3,5,5,4,3,5,5,5,6,5,4,4,5,5,4,3,4,4,3,3,4,5,4,4,5,5,4,4,5,5,4,4,4,4,4,4,4,4,4,4,4,4,4,5,5
-80,-101,-112,-120,-124,-114,-105,-99,-23,-102,-33,-45,-67,-78,-82,-83,-82,-82,-82,-85,-88,-89,-89,-88,-89,-88,-85,-81,-77,-74,-62,-53,-52,-46,-44,-42,-39,-45,-47,-47,-47,-43,-39,-33,-20,-8,-3,-4,-3,-4,-2,0,3,1,0,4,10,12,10,10,10,11,11,12,12,13,12,12,11,12,12,12,11,12,12,12,11,12,11,11,11,12,11,10,11,11,10,10,11,11,11,11,12,11,10,11,11,11,11,11
-80,-96,-105,-109,-107,-110,-116,-134,-140,-153,-151,-67,-74,-72,-73,-79,-84,-83,-83,-85,-88,-86,-86,-87,-85,-82,-78,-69,-58,-38,-37,-51,-47,-58,-62,-58,-57,-55,-49,-51,-43,-31,-18,-12,-12,-12,-17,-21,-19,-16,-12,-8,-5,-4,-3,-1,0,0,1,3,4,5,4,4,4,6,6,6,4,5,6,5,5,5,5,5,4,4,3,4,5,4,4,5,6,6,6,6,6,6,6,6,6,6,5,5,6,5,5,6
-82,-104,-116,-131,-133,-136,-125,-112,-118,-131,-108,-52,-59,-57,-62,-59,-56,-46,-38,-55,-68,-66,-84,-87,-81,-93,-102,-94,-75,-54,-39,-32,-28,-27,-27,-22,-14,-8,-3,-2,-4,-2,0,1,2,4,5,4,4,5,4,2,3,4,3,1,1,3,3,3,2,3,4,3,3,4,4,3,3,3,3,3,3,3,2,4,4,3,4,5,4,4,4,5,4,4,4,4,3,3,4,4,3,4,5,5,4,5,5,4
-77,-101,-116,-124,-130,-133,-148,-163,-151,15,-59,-19,-35,-58,-65,-67,-69,-71,-72,-66,-55,-50,-39,-44,-57,-55,-50,-55,-51,-47,-49,-46,-35,-30,-34,-37,-34,-28,-20,-14,-7,-3,2,6,7,5,6,8,10,10,10,9,10,10,10,10,10,10,10,10,11,11,11,10,9,9,9,9,8,8,9,9,9,8,9,10,10,9,10,10,9,9,9,9,9,9,9,8,8,9,9,9,9,9,9,10,9,9,9,9
-82,-102,-121,-139,-155,-159,-153,-138,-108,-137,-52,-44,-52,-70,-75,-78,-83,-84,-78,-67,-53,-35,-31,-40,-48,-52,-69,-73,-68,-67,-61,-59,-56,-48,-41,-34,-26,-17,-8,-1,2,5,9,11,11,11,12,13,12,10,9,10,10,11,11,10,10,10,12,13,12,12,12,12,12,13,13,12,11,12,12,12,11,11,11,11,10,11,12,11,11,11,12,11,12,12,11,11,12,12,12,12,12,12,12,12,12,11,12,12
-81,-101,-115,-143,-165,-168,-153,-139,-131,-146,-135,-56,-53,-65,-70,-74,-70,-74,-77,-78,-81,-82,-80,-71,-60,-49,-46,-45,-46,-57,-63,-63,-66,-53,-45,-46,-39,-29,-22,-22,-20,-13,-9,-5,-2,0,3,4,6,9,11,10,8,6,7,7,7,7,7,7,6,5,6,6,6,7,9,9,8,9,9,9,9,9,9,8,8,7,7,7,8,7,7,7,8,8,8,8,8,8,8,9,8,8,8,8,9,8,9,9
-81,-106,-125,-141,-153,-148,-134,-107,-82,-68,-72,-22,-57,-41,-54,-69,-72,-75,-79,-79,-77,-71,-60,-47,-42,-36,-49,-55,-58,-65,-56,-49,-49,-37,-33,-30,-23,-16,-12,-8,-6,-4,-2,0,2,5,7,10,11,10,9,10,11,9,9,9,9,8,6,6,6,6,6,7,8,8,8,9,9,10,9,9,9,9,8,8,8,8,8,8,9,9,9,9,9,10,9,9,9,9,9,9,9,9,10,10,10,10,10,10
-85,-113,-138,-144,-138,-125,-108,-99,-105,-133,-106,-55,-61,-70,-76,-79,-81,-85,-88,-88,-86,-80,-67,-50,-44,-52,-49,-61,-67,-60,-74,-74,-57,-56,-52,-46,-38,-36,-35,-31,-29,-28,-28,-24,-19,-18,-16,-11,-7,-8,-6,-4,-3,-2,-1,0,1,1,0,0,1,0,0,0,0,1,0,0,0,1,0,0,1,1,0,0,0,0,0,0,0,0,0,0,0,1,0,1,1,1,1,0,1,0,0,1,0,0,0,1
-81,-97,-106,-122,-137,-143,-140,-123,-103,-95,-88,24,-41,-23,-40,-66,-75,-78,-82,-87,-90,-91,-88,-83,-82,-75,-61,-54,-52,-55,-59,-62,-56,-53,-49,-42,-43,-37,-32,-29,-20,-13,-10,-10,-8,-4,-2,-1,0,1,2,4,5,6,6,7,7,7,7,7,7,8,8,7,9,10,9,9,9,10,10,8,8,9,9,8,8,7,7,7,7,7,8,7,7,8,8,8,9,9,9,10,10,9,9,9,9,9,9,9
-80,-97,-113,-128,-136,-138,-132,-122,-102,-91,-98,-101,-47,-55,-73,-80,-83,-85,-86,-87,-91,-91,-89,-82,-74,-66,-60,-59,-79,-81,-63,-71,-73,-64,-60,-53,-39,-35,-30,-21,-13,-10,-7,-7,-11,-14,-10,-7,-7,-5,-1,1,2,5,8,10,10,10,10,11,11,12,12,13,13,12,12,11,11,10,9,9,10,9,8,8,9,9,9,9,10,9,9,9,8,8,9,8,9,9,9,9,9,9,8,8,8,8,9,8
-81,-103,-128,-158,-164,-138,-132,-119,-106,-27,-50,-37,-33,-52,-64,-69,-77,-82,-85,-88,-91,-90,-88,-82,-72,-64,-65,-64,-59,-62,-63,-55,-50,-54,-48,-39,-35,-28,-20,-16,-12,-7,-2,2,6,8,9,8,7,8,9,11,13,13,13,15,16,16,17,18,18,18,20,20,20,20,20,21,21,20,20,20,20,19,19,20,20,20,19,19,19,20,20,21,21,22,22,22,23,23,23,22,23,24,22,22,22,22,21,22
-69,-75,-86,-97,-105,-113,-110,-102,-105,-107,13,-56,-32,-38,-63,-78,-81,-82,-82,-86,-92,-97,-95,-89,-84,-82,-78,-65,-56,-50,-49,-59,-74,-77,-76,-75,-67,-56,-45,-38,-33,-20,-14,-13,-15,-14,-12,-12,-10,-8,-5,-3,-2,-1,-1,0,0,0,0,2,4,5,5,7,7,8,7,6,7,5,4,3,2,2,1,1,0,0,0,0,0,0,1,1,1,2,2,3,4,3,2,3,3,3,2,1,2,2,1,1
-81,-102,-117,-126,-133,-135,-125,-106,-95,-89,16,-53,-49,-40,-55,-65,-72,-79,-82,-83,-86,-87,-86,-84,-79,-71,-64,-62,-66,-66,-65,-75,-68,-55,-46,-44,-40,-34,-29,-21,-14,-8,-4,-2,-1,0,0,0,1,4,5,4,5,8,10,10,11,11,12,12,12,13,13,13,13,12,12,12,11,12,11,11,11,11,10,10,10,11,11,11,12,13,13,12,13,12,12,11,12,13,12,12,12,12,12,12,12,12,13,12
-83,-113,-136,-149,-138,-122,-100,-83,-90,-13,4,-55,-32,-48,-60,-66,-72,-79,-81,-81,-81,-76,-68,-63,-63,-60,-57,-64,-69,-67,-70,-67,-53,-45,-40,-29,-16,-15,-14,-10,-3,0,0,0,1,2,3,5,8,11,13,13,13,13,14,15,15,16,17,16,15,15,16,15,14,14,13,12,13,13,13,12,13,13,14,14,14,14,15,15,15,14,14,15,15,14,13,13,13,13,13,13,13,13,13,13,14,13,14,14
-77,-93,-108,-117,-128,-129,-125,-112,-91,-75,-73,-37,-27,-73,-66,-58,-67,-73,-77,-83,-86,-84,-80,-69,-59,-60,-56,-53,-57,-57,-63,-70,-66,-59,-59,-52,-37,-33,-30,-25,-17,-12,-11,-8,-5,-2,0,2,6,9,11,12,14,15,14,13,12,12,13,14,15,16,15,15,15,15,14,15,15,15,15,15,15,15,16,16,15,16,17,17,18,18,18,17,18,19,18,17,18,17,16,16,17,16,16,16,17,17,16,17
-80,-111,-125,-133,-135,-126,-116,-100,-79,-64,-41,-91,-47,-56,-67,-79,-86,-88,-89,-89,-88,-81,-68,-57,-52,-50,-54,-63,-60,-61,-63,-52,-42,-35,-28,-22,-12,-3,0,0,2,3,4,5,6,8,10,13,14,16,18,20,20,19,21,22,22,22,23,23,22,21,20,20,20,21,20,20,21,21,21,21,20,20,20,21,21,21,21,21,21,21,20,20,20,20,20,20,20,21,20,20,20,20,21,20,20,21,20,19
-76,-96,-115,-137,-139,-136,-121,-102,-85,-82,-72,-94,-53,-54,-63,-70,-75,-82,-88,-85,-78,-65,-61,-57,-51,-50,-46,-49,-59,-62,-57,-51,-43,-37,-29,-17,-8,-5,-2,1,4,5,6,7,9,9,9,12,14,15,15,17,17,17,17,17,16,16,17,17,17,17,17,16,17,17,16,16,17,17,16,17,17,17,17,18,18,17,17,17,18,17,17,17,18,17,17,18,19,18,18,18,18,18,17,17,17,17,17,17
-82,-120,-141,-154,-151,-133,-110,-98,-85,-58,-51,-37,-55,-65,-71,-75,-77,-77,-74,-67,-60,-64,-63,-56,-62,-80,-71,-61,-66,-53,-45,-47,-33,-17,-14,-9,-1,6,10,11,11,12,11,12,13,11,10,10,12,11,9,9,13,14,14,14,14,14,14,13,14,13,13,12,12,13,12,11,11,13,11,11,11,12,13,12,11,11,11,11,11,11,11,10,11,12,12,12,12,12,12,12,11,11,11,10,10,10,10,11
-80,-100,-119,-133,-143,-143,-130,-115,37,-29,-46,-42,-56,-64,-69,-72,-75,-70,-63,-56,-57,-65,-69,-71,-66,-70,-69,-62,-60,-49,-42,-37,-29,-27,-23,-14,-6,-4,-5,-5,-3,-1,0,1,1,2,4,6,8,11,12,14,15,15,15,14,13,12,10,10,9,9,10,9,9,10,10,10,11,11,11,12,12,11,11,11,11,10,11,11,10,10,11,10,10,11,11,10,11,11,11,11,11,11,11,10,11,11,11,11
-62,-88,-98,-108,-110,-99,-77,-46,-11,18,34,39,39,33,18,4,-10,-32,-39,-40,-61,-78,-80,-70,-74,-65,-55,-41,-29,-25,-24,-25,-21,-12,-9,-11,-10,-10,-8,-8,-8,-9,-8,-7,-7,-8,-8,-8,-9,-10,-11,-11,-9,-8,-11,-13,-13,-12,-13,-15,-15,-14,-14,-14,-12,-10,-9,-8,-8,-7,-7,-6,-6,-6,-7,-7,-8,-8,-9,-10,-10,-10,-12,-12,-13,-13,-12,-11,-11,-10,-10,-9,-9,-9,-9,-8,-8,-8,-9,-9
-6,-9,-10,-14,-16,-16,-21,-33,-50,-67,-88,-108,-115,-111,-105,-100,-97,-92,-84,-78,-71,-61,-52,-45,-40,-36,-33,-26,-17,-13,-15,-17,-16,-14,-9,22,31,24,11,6,1,-6,-10,-13,-16,-17,-17,-16,-13,-7,-3,-2,-1,0,0,0,0,-1,-3,-4,-6,-6,-6,-6,-6,-6,-5,-4,-3,-3,-4,-4,-4,-4,-4,-5,-5,-5,-5,-5,-5,-4,-4,-4,-4,-4,-5,-5,-4,-4,-4,-4,-5,-4,-4,-4,-4,-5,-5,-5
-4,-11,-16,-23,-31,-36,-42,-44,-46,-54,-61,-61,-59,-56,-52,-47,-43,-41,-38,-35,-33,-31,-26,-20,-19,-18,-17,-15,-15,-15,-14,-13,-12,-13,-13,-12,-10,-7,-5,-7,-9,-7,-6,-6,-6,-6,-6,-7,-6,-6,-5,-5,-4,-4,-4,-5,-5,-6,-6,-6,-6,-6,-5,-5,-4,-5,-4,-5,-5,-5,-5,-5,-5,-5,-5,-4,-5,-5,-5,-5,-5,-5,-5,-5,-5,-5,-5,-5,-5,-4,-5,-5,-5,-5,-5,-5,-5,-4,-4,-5
-22,-34,-36,-41,-57,-89,-105,-106,-86,-49,-7,12,15,12,4,-5,-16,-15,-13,-13,-14,-15,-16,-14,-16,-18,-19,-19,-21,-23,-23,-22,-21,-21,-20,-19,-18,-17,-16,-15,-13,-12,-11,-11,-11,-11,-11,-12,-13,-13,-13,-15,-14,-14,-14,-13,-12,-12,-12,-12,-12,-12,-12,-12,-12,-12,-12,-12,-12,-11,-12,-12,-13,-13,-13,-13,-13,-12,-11,-11,-11,-11,-11,-11,-11,-12,-12,-12,-12,-11,-11,-11,-11,-10,-11,-11,-11,-11,-11,-12
-41,-62,-61,-33,-11,2,11,9,4,-3,-13,-24,-29,-27,-23,-21,-21,-19,-17,-16,-18,-19,-18,-16,-16,-19,-20,-18,-14,-13,-14,-13,-12,-12,-10,-8,-7,-6,-5,-6,-7,-8,-9,-9,-9,-8,-8,-8,-7,-7,-7,-7,-7,-8,-8,-8,-8,-8,-8,-8,-8,-8,-8,-8,-8,-8,-9,-8,-9,-9,-9,-8,-8,-8,-7,-7,-7,-7,-8,-8,-8,-8,-8,-8,-8,-8,-8,-7,-7,-8,-8,-8,-8,-8,-8,-8,-8,-8,-8,-8
-7,-39,-46,-52,-46,-32,-26,-35,-41,-46,-45,-43,-40,-34,-29,-25,-24,-24,-22,-20,-19,-14,-8,-7,-8,-8,-9,-10,-12,-12,-13,-14,-15,-16,-15,-15,-14,-11,-11,-11,-10,-10,-10,-11,-11,-12,-12,-12,-12,-12,-11,-11,-11,-11,-11,-11,-12,-12,-12,-12,-12,-11,-11,-11,-11,-11,-12,-12,-12,-12,-12,-12,-11,-11,-11,-12,-12,-12,-12,-13,-13,-12,-12,-12,-12,-12,-11,-11,-12,-12,-11,-11,-12,-11,-11,-11,-11,-12,-11,-12
-27,-52,-45,5,24,1,-22,-31,-35,-28,-17,-9,-5,-3,-5,-6,-10,-14,-17,-18,-17,-16,-15,-13,-13,-15,-17,-16,-15,-14,-11,-9,-8,-7,-8,-8,-8,-9,-9,-9,-9,-9,-9,-9,-9,-9,-9,-8,-9,-8,-8,-9,-10,-9,-9,-8,-8,-8,-9,-9,-9,-9,-9,-9,-8,-9,-8,-9,-9,-9,-9,-9,-9,-9,-8,-8,-8,-9,-9,-9,-9,-9,-9,-9,-9,-9,-9,-9,-9,-9,-9,-10,-10,-9,-9,-10,-9,-9,-9,-9
-13,-12,-14,-27,-36,-38,-37,-36,-34,-24,-22,-13,-3,3,6,6,3,0,-4,-7,-9,-11,-12,-14,-16,-20,-22,-18,-12,-8,-7,-6,-4,-3,-3,-2,-1,0,0,0,-1,-2,-3,-2,-2,-2,-2,-2,-2,-3,-2,-2,-3,-2,-2,-2,-2,-2,-2,-1,-1,-1,-2,-2,-2,-2,-2,-2,-3,-3,-3,-3,-3,-2,-3,-2,-2,-2,-2,-3,-3,-2,-2,-2,-2,-2,-2,-3,-3,-3,-3,-2,-2,-2,-2,-3,-3,-2,-3,-3
-8,-5,-4,-9,-19,-22,-18,-12,-8,-6,-6,-8,-8,-6,-5,-1,0,0,0,0,0,0,-1,-2,-3,-4,-4,-4,-4,-3,-2,-2,-2,-2,-3,-3,-4,-4,-4,-3,-3,-2,-2,-2,-2,-2,-2,-2,-3,-3,-3,-2,-2,-2,-2,-1,-1,-1,-2,-2,-2,-2,-2,-2,-1,-1,-1,-1,-2,-1,-1,-1,-1,-1,-1,-1,-1,-1,-1,-1,-1,-1,-1,0,0,0,0,0,0,0,0,0,0,0,0,0,0,0,0,-1
-2,-6,-9,-15,-24,-28,-28,-28,-33,-40,-48,-55,-62,-63,-59,-53,-50,-47,-43,-41,-43,-41,-38,-39,-40,-35,-27,-20,-17,-15,-9,-2,-1,-5,-4,-2,-2,-3,-4,-4,-4,-6,-6,-6,-6,-7,-7,-6,-6,-6,-6,-6,-6,-6,-7,-7,-7,-6,-6,-5,-4,-5,-5,-5,-5,-6,-6,-6,-6,-5,-6,-6,-6,-6,-6,-6,-6,-6,-5,-5,-5,-5,-5,-6,-6,-6,-6,-6,-6,-6,-6,-6,-6,-6,-6,-6,-6,-6,-5,-5
-3,-6,-7,-7,-6,-6,-10,-16,-21,-29,-38,-49,-57,-63,-60,-53,-46,-40,-37,-33,-32,-31,-29,-26,-23,-18,-14,-9,-5,0,3,2,1,2,0,-2,-3,-3,-4,-4,-5,-2,0,0,0,0,0,0,-1,-2,-3,-3,-3,-2,-2,-1,0,0,0,0,-1,-1,-1,-2,-2,-1,-2,-2,-1,-1,-1,-1,-1,-1,-1,-1,-1,-1,-2,-2,-2,-2,-2,-2,-1,-1,-1,-1,-1,-2,-2,-1,-1,-2,-1,-1,-1,-1,-1,-1
-16,-25,-37,-49,-59,-58,-46,-31,-19,-14,-13,-12,-6,-4,-4,-3,-2,-2,-3,-4,-5,-5,-6,-6,-5,-3,-4,-4,-4,-4,-4,-5,-5,-6,-6,-5,-5,-4,-4,-4,-4,-4,-5,-5,-5,-5,-5,-4,-4,-4,-4,-4,-5,-5,-5,-5,-4,-4,-4,-4,-4,-5,-5,-5,-5,-4,-4,-4,-4,-4,-4,-4,-4,-5,-5,-5,-5,-4,-4,-4,-4,-5,-5,-4,-4,-4,-4,-4,-4,-4,-4,-4,-4,-4,-4,-4,-4,-4,-4,-4
-10,-3,5,10,14,8,-6,-15,-17,-15,-11,-11,-13,-15,-17,-17,-15,-14,-12,-10,-11,-10,-10,-9,-9,-10,-10,-10,-10,-10,-10,-10,-11,-11,-11,-11,-11,-10,-9,-9,-10,-9,-9,-9,-9,-9,-9,-9,-9,-9,-9,-9,-9,-8,-8,-8,-8,-8,-8,-8,-8,-8,-9,-9,-8,-8,-9,-9,-9,-9,-8,-9,-9,-9,-9,-9,-8,-8,-8,-8,-9,-9,-8,-8,-9,-8,-8,-8,-9,-8,-8,-9,-9,-8,-9,-9,-9,-9,-9,-9
0,2,-5,-11,-11,-7,-3,-3,-5,-6,-7,-7,-7,-6,-4,-3,0,1,-2,-4,-4,-3,-4,-5,-7,-7,-8,-9,-9,-10,-9,-5,-4,-4,-4,-4,-5,-5,-6,-7,-9,-9,-8,-7,-6,-5,-4,-4,-4,-4,-5,-6,-6,-7,-7,-6,-6,-6,-5,-5,-5,-5,-5,-5,-5,-5,-5,-5,-5,-5,-5,-5,-5,-5,-5,-5,-5,-5,-5,-5,-6,-6,-6,-6,-6,-6,-6,-6,-5,-5,-5,-5,-5,-6,-6,-6,-5,-5,-6,-6
4,-14,-21,-19,-15,-14,-17,-19,-20,-20,-20,-19,-18,-15,-12,-9,-8,-7,-3,0,0,-3,-4,-3,-3,-3,-5,-7,-8,-8,-8,-8,-7,-7,-7,-6,-5,-4,-4,-4,-3,-5,-5,-6,-6,-7,-7,-7,-7,-6,-6,-6,-5,-5,-5,-5,-5,-6,-6,-7,-7,-6,-6,-6,-6,-6,-5,-5,-6,-7,-6,-6,-6,-6,-6,-6,-6,-6,-6,-6,-6,-6,-7,-7,-7,-7,-7,-7,-7,-6,-6,-6,-7,-7,-7,-7,-8,-7,-7,-7
7,5,0,0,0,0,0,0,0,0,-3,-3,0,1,1,0,0,3,2,-2,-1,0,0,-2,-4,-5,-6,-7,-8,-8,-7,-6,-5,-4,-3,-3,-3,-3,-4,-4,-5,-6,-5,-5,-6,-5,-4,-3,-3,-3,-3,-3,-4,-4,-4,-4,-3,-3,-3,-4,-3,-3,-3,-4,-4,-3,-3,-4,-4,-4,-3,-3,-4,-4,-3,-3,-3,-4,-4,-4,-4,-4,-4,-4,-3,-3,-3,-3,-3,-3,-4,-4,-4,-4,-5,-4,-4,-4,-3,-3
2,-2,-10,-13,-15,-18,-22,-26,-29,-32,-37,-40,-40,-37,-34,-33,-33,-30,-25,-21,-20,-18,-17,-14,-12,-9,-2,11,12,11,12,12,10,6,3,0,-2,-4,-6,-8,-7,-5,-4,-3,-2,-1,0,0,0,0,-1,-1,-2,-3,-2,-1,-1,-1,-1,-1,-2,-2,-2,-2,-2,-2,-1,-1,-1,-1,-1,-1,-1,-2,-2,-1,-2,-2,-1,-1,-1,-1,-1,-1,-1,-1,-1,-1,-1,-1,-1,-1,-1,-1,-1,-1,-1,-1,-1,-1
-23,-5,2,0,2,7,12,13,15,18,23,25,27,30,32,28,20,11,5,4,1,-4,-11,-15,-15,-18,-22,-22,-22,-23,-25,-26,-26,-24,-23,-22,-21,-19,-18,-16,-15,-14,-13,-12,-10,-8,-8,-8,-7,-6,-6,-6,-6,-6,-7,-6,-6,-7,-7,-7,-7,-8,-7,-7,-6,-6,-6,-6,-7,-6,-6,-6,-7,-7,-6,-6,-6,-6,-6,-6,-6,-7,-7,-7,-6,-6,-6,-6,-6,-7,-7,-6,-6,-6,-6,-6,-6,-6,-6,-6
-15,8,19,17,5,3,5,11,15,18,16,14,12,12,11,11,10,8,6,3,2,3,0,-1,-2,-1,-1,-3,-4,-5,-4,-6,-8,-10,-10,-10,-10,-10,-9,-9,-10,-10,-8,-7,-8,-8,-7,-6,-6,-7,-6,-6,-6,-6,-6,-6,-6,-6,-7,-7,-7,-7,-6,-6,-6,-6,-5,-5,-5,-6,-6,-6,-6,-6,-6,-6,-6,-6,-5,-5,-5,-5,-5,-5,-5,-5,-5,-5,-5,-5,-5,-6,-6,-6,-6,-6,-6,-6,-6,-5
-11,-6,11,17,14,6,7,12,11,9,7,7,7,8,8,5,2,0,2,3,2,0,0,1,0,-2,-4,-4,-6,-8,-10,-11,-11,-10,-10,-10,-10,-10,-10,-9,-9,-9,-9,-8,-9,-9,-8,-8,-9,-9,-9,-9,-8,-9,-9,-9,-9,-8,-8,-9,-9,-9,-9,-8,-7,-7,-7,-7,-7,-7,-7,-7,-7,-7,-7,-7,-8,-8,-8,-8,-7,-6,-6,-6,-5,-5,-5,-5,-4,-4,-4,-4,-4,-4,-4,-3,-3,-3,-3,-3
-40,-52,-65,-72,-67,-60,-51,-36,-18,0,6,8,13,18,22,11,-10,-43,-58,-36,6,51,93,137,173,183,168,135,88,34,-16,-61,-115,-136,-137,-136,-135,-126,-111,-93,-84,-59,-18,22,55,79,93,96,98,88,55,1,-59,-101,-107,-86,-55,-28,-5,9,16,21,22,23,27,16,9,3,-15,-26,-37,-43,-43,-50,-51,-48,-51,-50,-41,-26,-24,-19,-24,-26,-27,-21,-14,-11,-12,-12,-10,-10,-9,-6,-4,-3,-1,-1,-1,-1
-27,-42,-53,-61,-67,-67,-62,-52,-38,-14,10,27,28,25,25,20,0,-35,-54,-59,-61,-40,15,88,161,199,199,194,167,102,41,-9,-59,-102,-123,-123,-135,-128,-131,-134,-117,-77,-33,30,84,113,121,120,111,95,62,16,-40,-101,-125,-103,-59,-11,9,11,21,33,27,20,13,-4,-24,-25,-25,-29,-32,-37,-39,-40,-42,-37,-36,-30,-23,-25,-23,-19,-16,-8,-6,-12,-11,-10,-9,-10,-9,-9,-9,-8,-7,-5,-5,-3,-2,-3
-38,-48,-54,-56,-54,-53,-55,-50,-35,-14,7,22,29,29,27,17,-2,-26,-37,-27,-8,14,35,63,111,158,174,169,140,101,55,1,-58,-107,-126,-122,-123,-101,-84,-72,-43,-14,7,58,105,124,130,123,109,101,77,42,-2,-49,-83,-84,-66,-33,-8,7,20,17,8,12,6,-10,-22,-26,-32,-39,-42,-42,-36,-32,-27,-25,-23,-19,-27,-30,-20,-21,-13,-9,-8,-9,-7,-6,-6,-6,-4,-2,0,3,4,3,2,0,0,-2
-37,-48,-54,-60,-68,-67,-57,-47,-39,-24,-2,16,27,37,40,33,22,-1,-38,-61,-53,-40,-16,29,103,163,183,180,152,110,61,9,-41,-98,-123,-128,-131,-135,-144,-127,-88,-44,14,91,135,133,120,107,86,52,15,-31,-70,-82,-72,-47,-11,9,12,25,30,22,12,1,0,-3,-13,-14,-19,-25,-35,-33,-22,-12,-9,-12,-10,-7,-7,-18,-6,-4,-6,-8,-6,-3,-2,-1,2,4,3,5,5,3,2,2,2,2,3,3
-22,-28,-38,-52,-58,-59,-54,-46,-37,-22,1,31,48,46,38,29,11,-6,-27,-27,-21,4,40,74,123,172,197,204,190,151,91,34,-12,-54,-96,-118,-122,-123,-112,-93,-74,-47,-25,14,55,86,98,99,100,87,70,42,6,-37,-73,-82,-55,-25,-10,6,16,6,0,0,-17,-21,-11,-19,-40,-44,-44,-56,-59,-56,-51,-42,-23,0,-12,-9,-20,-21,-15,-17,-15,-11,-7,-6,-3,-5,-7,-9,-7,-6,-7,-10,-9,-5,-3,-4
-30,-42,-60,-70,-72,-70,-63,-53,-39,-15,13,31,33,32,29,19,-5,-35,-60,-77,-75,-46,5,65,120,157,174,168,128,78,40,3,-45,-92,-127,-134,-131,-110,-87,-74,-54,-34,1,43,79,95,100,93,70,50,30,-2,-44,-71,-78,-76,-65,-49,-27,-6,6,24,40,37,23,17,15,-1,-21,-31,-42,-57,-70,-72,-72,-72,-68,-65,-57,-45,-34,-29,-22,-14,-11,-14,-14,-12,-9,-6,-4,-3,-1,0,0,0,0,0,0,0
-58,-60,-67,-69,-60,-53,-48,-34,-11,7,17,18,12,-2,-23,-43,-66,-63,-36,9,53,101,158,195,199,170,119,56,3,-33,-73,-115,-131,-131,-120,-98,-67,-31,-9,7,30,55,77,95,101,95,82,62,38,16,-7,-34,-55,-73,-72,-61,-45,-25,-2,16,24,24,28,29,18,10,-4,-16,-22,-30,-37,-46,-52,-50,-47,-49,-45,-39,-34,-31,-25,-13,-16,-19,-13,-9,-9,-8,-10,-12,-12,-11,-9,-9,-8,-7,-4,-2,-2,-1
-44,-50,-61,-71,-77,-75,-63,-46,-27,-7,5,14,21,25,25,14,-7,-44,-72,-65,-33,8,62,118,158,184,190,157,94,34,-20,-69,-115,-132,-139,-124,-102,-84,-73,-49,-23,11,60,93,97,91,88,80,68,47,13,-37,-79,-89,-80,-65,-48,-23,-4,7,19,26,21,14,0,-14,-26,-39,-49,-52,-64,-79,-76,-69,-68,-62,-53,-48,-43,-35,-29,-24,-20,-20,-18,-15,-14,-14,-14,-12,-9,-10,-11,-8,-6,-7,-7,-7,-7,-8
-51,-62,-62,-62,-64,-64,-57,-44,-26,-8,5,7,5,8,7,-9,-46,-67,-66,-51,-21,25,90,150,179,168,118,56,-1,-55,-95,-108,-110,-110,-104,-84,-55,-26,4,60,101,119,119,110,93,64,36,4,-42,-93,-108,-88,-55,-24,4,25,40,47,41,24,-3,-19,-22,-40,-55,-66,-67,-64,-65,-68,-67,-60,-48,-31,-17,-26,-25,-18,-19,-20,-19,-16,-15,-15,-14,-13,-13,-11,-8,-4,-3,-2,-1,0,-1,-2,-3,-6,-9,-9
-48,-56,-63,-68,-65,-53,-42,-29,-11,5,15,20,23,26,24,2,-36,-71,-70,-48,-8,40,97,163,200,199,164,105,46,-4,-49,-98,-129,-134,-123,-107,-81,-53,-31,-3,26,57,82,96,94,86,80,71,52,28,2,-35,-77,-101,-104,-95,-78,-59,-36,-4,22,40,54,52,35,21,4,-4,-10,-35,-45,-55,-67,-71,-71,-67,-63,-57,-49,-43,-40,-36,-28,-14,-15,-15,-9,-6,-9,-11,-11,-13,-13,-13,-10,-9,-9,-8,-7,-7
-57,-54,-51,-59,-64,-56,-37,-16,-7,-7,-3,-1,6,10,4,3,16,37,47,29,-5,-42,-64,-64,-28,31,112,192,211,181,137,87,31,-23,-66,-103,-123,-134,-123,-107,-91,-74,-41,-11,21,63,102,128,124,99,81,58,6,-42,-85,-101,-87,-66,-46,-24,0,12,24,35,35,28,14,-4,-25,-38,-48,-57,-67,-76,-73,-72,-72,-64,-57,-50,-41,-31,-20,-23,-21,-15,-12,-10,-12,-12,-10,-13,-15,-14,-8,-6,-7,-4,-2,-4
-44,-43,-50,-63,-68,-63,-54,-45,-34,-16,-3,2,7,12,13,13,-8,-46,-56,-42,-15,41,123,191,200,175,124,70,21,-25,-64,-92,-110,-120,-119,-122,-95,-55,-27,13,67,121,138,119,97,78,48,15,-6,-39,-77,-95,-89,-66,-43,-14,27,54,57,51,36,21,3,-12,-20,-22,-28,-46,-58,-61,-60,-56,-53,-46,-37,-29,-24,-26,-19,-11,-10,-11,-8,-8,-11,-12,-12,-10,-8,-8,-5,-4,-3,-2,-4,-5,-4,-5,-5,-5
-39,-45,-56,-67,-74,-71,-65,-52,-28,0,24,36,40,37,31,19,-1,-47,-98,-103,-67,-3,57,112,171,205,192,147,108,72,36,1,-26,-55,-80,-96,-96,-86,-84,-70,-50,-24,-3,21,43,60,70,80,89,90,75,46,18,-2,-24,-39,-42,-36,-22,-6,3,2,2,0,-6,-10,-21,-36,-45,-50,-55,-61,-59,-55,-52,-46,-37,-33,-35,-33,-25,-28,-35,-30,-23,-20,-20,-18,-16,-16,-17,-13,-7,-4,-4,-2,-1,0,1,1
-43,-50,-65,-77,-77,-71,-64,-51,-29,3,31,36,30,23,25,34,42,46,38,-9,-54,-81,-113,-105,-57,-1,67,133,174,197,190,163,126,95,68,36,8,-26,-62,-89,-88,-79,-62,-46,-32,-21,-8,-8,-9,-7,-15,-16,-17,-24,-30,-30,-28,-26,-24,-22,-21,-20,-18,-15,-13,-10,-7,-5,-4,-1,0,-3,-4,-5,-5,-6,-7,-7,-6,-4,-3,-1,0,0,-1,0,0,-1,-4,-4,-2,-2,-3,-2,-1,-1,-1,-1,-1,-1
-12,-18,-32,-40,-39,-38,-39,-38,-34,-30,-23,-4,13,19,15,0,-24,-43,-47,-41,-26,7,63,127,177,168,114,64,22,-17,-66,-84,-98,-101,-94,-89,-87,-79,-65,-36,9,54,93,106,101,94,79,55,27,-3,-34,-51,-38,-21,-12,-5,6,15,3,-16,-21,-28,-36,-45,-53,-52,-52,-53,-44,-40,-36,-31,-27,-25,-7,-11,-19,-19,-21,-22,-23,-22,-19,-14,-6,-1,-1,-2,-2,-3,-3,-4,-4,-3,-4,-5,-2,-1,-1,-2
-27,-33,-38,-42,-44,-50,-54,-48,-35,-19,1,24,46,50,34,12,-14,-49,-70,-60,-34,-6,18,49,99,138,152,142,114,73,35,-7,-44,-77,-102,-118,-111,-108,-106,-90,-63,-26,12,53,86,95,89,84,77,56,18,-15,-35,-38,-29,-18,-12,-11,-14,-22,-25,-27,-36,-39,-39,-50,-56,-51,-49,-46,-42,-36,-34,-32,-29,-31,-32,-29,-26,-24,-21,-19,-16,-13,-10,-8,-7,-7,-5,-3,-3,-4,-5,-4,-3,-3,-3,-2,-3,-4
-49,-54,-60,-63,-59,-55,-52,-44,-28,-8,8,17,14,5,2,5,15,9,-20,-52,-44,-32,-10,31,101,176,198,181,141,83,30,-14,-57,-99,-128,-157,-180,-171,-148,-119,-93,-49,0,33,61,83,94,97,83,67,54,35,-5,-50,-86,-92,-80,-54,-30,-8,13,18,12,13,9,-9,-20,-23,-29,-39,-40,-44,-52,-52,-52,-49,-42,-34,-29,-25,-22,-19,-16,-13,-11,-10,-11,-10,-10,-9,-6,-4,-2,-2,-2,-1,-1,-1,-1,0
-31,-50,-72,-81,-79,-71,-65,-57,-42,-15,16,33,35,21,-6,-37,-61,-69,-58,-24,30,104,158,192,188,150,105,51,-12,-65,-94,-106,-115,-123,-122,-111,-92,-77,-45,-7,26,53,73,77,68,68,69,58,34,-3,-46,-79,-80,-62,-43,-24,-13,-7,-3,-3,-10,-19,-30,-40,-49,-58,-65,-76,-75,-72,-70,-66,-59,-56,-56,-50,-45,-45,-42,-34,-28,-30,-25,-20,-17,-18,-18,-17,-13,-13,-12,-11,-8,-7,-8,-9,-9,-7,-7,-8
-63,-63,-59,-60,-65,-66,-62,-52,-40,-18,7,25,29,29,24,13,-7,-30,-46,-63,-65,-55,-38,-15,3,30,63,86,95,97,96,93,73,35,-11,-48,-78,-94,-111,-117,-124,-119,-107,-95,-76,-51,-23,0,19,35,44,48,48,41,28,17,10,7,0,-8,-16,-25,-35,-41,-43,-45,-48,-55,-55,-49,-46,-43,-38,-33,-27,-20,-15,-12,-10,-7,-6,-5,-7,-6,-6,-7,-7,-5,-4,-5,-5,-2,-1,-1,0,0,0,0,1,1
-16,-26,-38,-42,-41,-42,-46,-48,-40,-24,-10,0,6,16,28,34,33,27,15,-7,-9,21,49,86,130,128,89,41,-11,-63,-98,-119,-134,-135,-129,-115,-92,-69,-30,13,51,76,90,94,87,81,75,64,50,38,12,-20,-47,-60,-62,-62,-55,-40,-28,-13,9,15,11,10,6,0,-4,-11,-20,-28,-36,-42,-44,-40,-39,-38,-38,-34,-28,-21,-16,-15,-15,-13,-15,-16,-13,-9,-9,-9,-9,-8,-6,-2,0,1,2,3,5,4
-6,-4,-60,-141,-183,-204,-203,-159,-116,-71,-45,-35,-43,-71,-133,-120,-136,-180,-203,-204,-212,-214,-101,61,106,119,139,135,127,107,109,102,85,73,63,53,58,57,39,32,22,12,-8,-31,-49,-58,-61,-56,-48,-38,-30,-24,-20,-18,-18,-19,-19,-18,-18,-16,-15,-14,-14,-14,-14,-14,-14,-15,-16,-16,-16,-15,-15,-15,-15,-15,-16,-16,-15,-16,-16,-16,-16,-16,-16,-17,-16,-16,-16,-16,-16,-16,-16,-15,-15,-15,-15,-16,-16,-16
-15,-4,-47,-133,-179,-201,-201,-176,-140,-118,-107,-90,-55,-111,-133,-126,-172,-199,-212,-210,-213,-75,78,144,181,171,176,169,139,88,54,42,42,44,48,48,48,34,11,-11,-21,-15,-23,-42,-47,-49,-48,-44,-33,-25,-19,-17,-17,-19,-20,-20,-19,-18,-18,-17,-18,-20,-21,-21,-20,-18,-18,-17,-17,-17,-18,-18,-19,-18,-18,-18,-17,-17,-18,-18,-17,-17,-17,-17,-17,-16,-16,-15,-16,-16,-17,-17,-16,-16,-15,-15,-15,-15,-15,-16
13,-5,-88,-156,-190,-208,-197,-170,-137,-111,-79,-43,-47,-116,-162,-194,-210,-218,-217,-219,-114,67,99,148,148,165,182,166,133,92,57,35,26,29,35,39,47,32,-2,-28,-40,-34,-36,-39,-44,-50,-55,-56,-50,-42,-42,-37,-34,-29,-26,-23,-20,-17,-15,-15,-16,-17,-18,-18,-18,-17,-16,-16,-16,-16,-15,-16,-16,-15,-15,-14,-14,-15,-16,-16,-16,-16,-16,-17,-17,-16,-15,-15,-16,-15,-16,-15,-15,-14,-14,-14,-14,-14,-14,-14
3,-34,-96,-157,-185,-175,-148,-115,-81,-60,-38,-14,-15,-53,-112,-155,-190,-208,-206,-185,-205,-186,9,122,177,183,173,163,163,142,114,82,46,32,34,39,40,33,18,-4,-25,-54,-60,-71,-83,-84,-80,-76,-66,-53,-39,-29,-22,-18,-16,-17,-17,-18,-18,-18,-18,-17,-16,-14,-13,-13,-14,-14,-14,-15,-14,-15,-14,-13,-12,-12,-13,-13,-13,-13,-13,-13,-13,-13,-13,-13,-13,-13,-13,-13,-13,-12,-12,-13,-14,-14,-13,-13,-12,-12
-8,-50,-132,-178,-202,-211,-181,-143,-117,-98,-88,-51,-33,-88,-92,-103,-141,-158,-170,-153,-119,-73,89,150,197,149,134,150,148,117,81,50,26,18,24,43,62,79,83,69,62,51,46,46,23,-8,-26,-29,-26,-24,-20,-17,-13,-8,-4,-2,-3,-4,-4,-5,-6,-6,-7,-8,-8,-8,-8,-7,-6,-5,-4,-4,-5,-5,-5,-5,-5,-4,-4,-3,-5,-6,-8,-9,-9,-9,-8,-8,-8,-8,-8,-8,-7,-7,-7,-7,-7,-8,-10,-11
16,-4,-77,-149,-187,-195,-174,-145,-111,-86,-72,-46,-15,-21,-75,-144,-173,-181,-148,-130,-112,-30,110,150,168,177,163,164,154,116,76,44,26,16,22,33,44,29,12,-3,-17,-20,-32,-35,-43,-47,-43,-38,-31,-27,-24,-22,-22,-21,-21,-19,-20,-20,-21,-20,-20,-19,-18,-18,-18,-17,-17,-16,-16,-15,-16,-15,-16,-17,-18,-17,-17,-17,-17,-17,-16,-17,-17,-16,-15,-14,-13,-13,-14,-15,-15,-14,-14,-15,-15,-16,-15,-14,-13,-13
-22,-32,-80,-138,-181,-197,-184,-159,-125,-97,-82,-81,-106,-141,-128,-111,-121,-144,-150,-172,-148,-104,-10,108,153,165,147,126,99,65,33,22,20,38,36,26,19,4,-16,-33,-44,-52,-58,-62,-61,-59,-56,-51,-46,-40,-37,-34,-32,-31,-30,-28,-27,-27,-27,-27,-27,-26,-25,-25,-25,-24,-24,-22,-21,-23,-23,-24,-23,-23,-22,-23,-23,-22,-22,-21,-21,-21,-21,-21,-21,-20,-20,-20,-19,-19,-19,-19,-18,-18,-18,-18,-18,-18,-18,-18
-4,-30,-97,-159,-183,-175,-159,-137,-113,-87,-68,-51,-28,-10,-27,-56,-98,-123,-142,-149,-150,-108,26,146,185,188,176,172,143,109,86,64,48,37,30,29,34,27,-3,-41,-56,-53,-53,-50,-46,-49,-56,-59,-55,-49,-42,-34,-27,-23,-21,-21,-21,-21,-19,-19,-19,-19,-19,-19,-19,-18,-17,-16,-16,-15,-14,-13,-12,-13,-14,-14,-14,-14,-14,-15,-15,-16,-16,-16,-16,-15,-14,-13,-14,-16,-14,-11,-11,-12,-12,-14,-15,-14,-14,-14
-7,-14,-53,-105,-144,-158,-158,-141,-118,-90,-79,-76,-68,-59,-63,-74,-87,-117,-142,-151,-146,-92,-23,99,143,156,153,141,137,113,80,54,39,24,20,27,29,34,24,-4,-22,-34,-36,-32,-33,-37,-43,-44,-42,-38,-35,-32,-28,-25,-21,-18,-16,-17,-17,-18,-18,-18,-18,-18,-17,-17,-16,-16,-16,-16,-16,-17,-17,-17,-16,-16,-16,-16,-17,-17,-17,-16,-16,-16,-16,-16,-17,-17,-17,-17,-16,-17,-17,-17,-17,-16,-16,-16,-16,-16
-23,-36,-74,-122,-165,-181,-180,-167,-147,-128,-122,-123,-97,-86,-97,-117,-142,-159,-150,-153,-120,-63,37,122,155,148,139,133,115,82,48,26,13,18,40,51,58,55,18,-14,-26,-31,-35,-37,-36,-37,-37,-36,-34,-32,-31,-29,-27,-25,-24,-23,-24,-23,-21,-19,-18,-18,-17,-18,-18,-19,-19,-19,-19,-19,-19,-20,-20,-20,-20,-19,-19,-19,-19,-19,-18,-18,-18,-18,-18,-18,-18,-18,-18,-18,-18,-18,-18,-19,-19,-20,-20,-20,-19,-19
21,-15,-82,-136,-153,-156,-157,-148,-135,-125,-110,-70,-27,-9,-17,-69,-117,-151,-153,-129,-102,-12,122,166,182,176,157,133,101,71,46,37,41,52,63,68,55,30,0,-28,-44,-51,-49,-39,-41,-37,-30,-30,-31,-31,-28,-22,-17,-15,-15,-16,-16,-16,-15,-14,-15,-15,-15,-15,-14,-13,-13,-11,-10,-10,-10,-11,-11,-11,-11,-11,-10,-10,-10,-8,-8,-7,-6,-7,-8,-9,-9,-9,-8,-8,-7,-6,-6,-7,-8,-8,-8,-8,-7,-7
-6,-16,-50,-100,-144,-165,-183,-194,-184,-170,-141,-101,-63,-70,-88,-114,-141,-149,-170,-158,-119,45,129,192,193,171,187,191,169,133,101,69,50,52,60,66,57,42,30,27,23,20,17,13,5,-2,-13,-17,-21,-26,-24,-22,-18,-14,-8,-5,-5,-6,-5,-4,-3,-3,-2,-1,-1,0,-1,-1,-2,-2,-1,-1,-1,-1,-2,-3,-2,-2,-1,0,0,0,0,0,0,0,0,0,0,0,0,0,0,0,0,0,0,0,0,0
51,28,-22,-80,-117,-142,-156,-144,-115,-90,-71,-38,-46,-69,-100,-137,-159,-149,-121,-73,1,124,164,168,201,207,197,180,148,113,79,49,38,37,48,60,67,57,41,16,-2,-12,-15,-20,-28,-32,-29,-31,-35,-37,-35,-30,-25,-20,-16,-13,-12,-10,-10,-11,-12,-12,-12,-12,-12,-12,-12,-12,-11,-10,-10,-9,-8,-7,-7,-7,-8,-8,-8,-8,-8,-9,-10,-10,-11,-11,-11,-10,-10,-10,-10,-10,-9,-10,-10,-10,-9,-9,-8,-7
10,-6,-47,-87,-110,-120,-142,-157,-146,-122,-100,-73,-24,-9,-43,-75,-110,-155,-141,-161,-88,-43,64,165,199,194,181,167,158,137,111,78,53,36,31,35,48,53,48,39,14,-10,-18,-29,-38,-42,-42,-42,-41,-36,-30,-23,-16,-11,-8,-4,-1,0,0,-1,-1,-1,-1,0,1,2,4,5,5,5,4,3,2,1,0,0,0,-1,-2,-2,-2,-2,-1,-1,-1,-1,-1,-1,-1,-2,-2,-2,-2,-3,-3,-3,-2,-2,-2,-2
22,12,-41,-104,-140,-160,-163,-152,-128,-100,-70,-43,-19,-6,-21,-41,-77,-130,-148,-174,-143,-118,-16,124,154,171,174,163,170,176,158,126,95,69,52,40,37,42,46,37,26,14,-50,-94,-112,-102,-83,-70,-61,-52,-45,-38,-32,-29,-26,-24,-22,-20,-17,-16,-14,-14,-15,-14,-13,-11,-9,-6,-8,-12,-12,-10,-7,-7,-8,-8,-7,-6,-4,-5,-5,-6,-7,-8,-8,-9,-9,-9,-8,-7,-7,-6,-5,-5,-4,-3,-2,-2,-1,-1
-5,-31,-68,-99,-119,-137,-145,-137,-112,-93,-80,-69,-67,-85,-120,-154,-161,-157,-135,-104,-3,117,132,157,146,138,141,123,89,60,41,31,25,30,34,27,20,7,-12,-31,-37,-33,-29,-28,-30,-41,-48,-49,-44,-39,-33,-29,-28,-27,-26,-24,-21,-20,-20,-20,-19,-19,-19,-18,-18,-19,-20,-19,-16,-14,-13,-14,-14,-14,-12,-11,-10,-10,-10,-9,-9,-9,-10,-10,-11,-11,-11,-11,-11,-10,-10,-9,-9,-9,-9,-9,-9,-10,-10,-9
18,12,-49,-118,-154,-166,-166,-151,-127,-107,-85,-42,-16,-24,-51,-97,-126,-142,-141,-113,-70,13,134,165,173,181,173,161,136,103,75,46,25,16,11,19,34,22,1,-23,-40,-39,-32,-29,-32,-40,-39,-31,-24,-21,-18,-17,-16,-14,-12,-10,-10,-11,-12,-13,-13,-13,-13,-12,-12,-11,-10,-9,-9,-8,-9,-9,-7,-7,-7,-7,-7,-8,-8,-9,-9,-9,-9,-9,-8,-8,-8,-8,-8,-7,-6,-7,-8,-8,-7,-6,-6,-6,-6,-6
28,5,-51,-121,-155,-150,-136,-132,-120,-117,-110,-91,-81,-95,-113,-146,-171,-171,-191,-175,-113,-7,123,169,195,190,164,157,137,108,78,55,43,37,38,37,37,32,25,3,-20,-27,-29,-32,-41,-42,-37,-32,-27,-25,-25,-24,-21,-16,-12,-11,-10,-10,-10,-10,-9,-9,-8,-6,-5,-5,-5,-5,-5,-4,-4,-4,-4,-4,-4,-4,-4,-5,-5,-5,-6,-6,-6,-6,-5,-5,-4,-4,-3,-4,-3,-3,-4,-3,-4,-5,-5,-5,-5,-4
47,30,-24,-86,-124,-142,-139,-133,-112,-92,-87,-86,-48,-30,-30,-72,-129,-167,-175,-179,-146,-73,80,152,158,162,142,131,124,103,77,54,39,31,25,23,25,28,31,22,7,-1,-9,-19,-28,-39,-43,-48,-50,-47,-40,-32,-25,-22,-21,-21,-21,-20,-18,-17,-15,-14,-12,-11,-10,-10,-11,-11,-10,-9,-9,-9,-9,-10,-10,-10,-11,-11,-11,-10,-11,-11,-11,-12,-12,-13,-14,-14,-14,-13,-12,-11,-11,-12,-13,-14,-15,-15,-15,-15
1,-22,-66,-123,-159,-169,-161,-142,-110,-76,-46,-19,-17,-31,-61,-98,-133,-172,-199,-209,-163,0,122,176,196,152,151,142,115,87,64,50,46,37,30,20,8,-5,-19,-32,-39,-43,-46,-47,-38,-26,-21,-21,-25,-27,-25,-20,-15,-13,-13,-14,-14,-12,-10,-8,-6,-4,-4,-4,-3,-2,-1,-1,-1,-2,-3,-4,-4,-6,-7,-7,-5,-4,-5,-5,-4,-3,-2,-1,-2,-3,-4,-5,-5,-5,-4,-4,-5,-5,-5,-5,-5,-4,-4,-2
-85,-106,-63,-69,-134,-169,-154,-113,-93,-129,-174,-166,-73,53,160,180,152,121,68,8,-21,-25,-4,12,30,29,27,17,-8,-13,-22,-44,-55,-54,-39,-18,-9,-6,-7,-8,-5,-4,-5,-5,-4,-2,1,2,0,0,2,2,0,-3,-4,-5,-5,-3,-1,0,0,-1,-2,-2,-1,-1,-1,-1,-2,-1,0,0,0,-1,-1,-1,-1,0,0,0,0,0,-1,-1,0,1,1,1,0,0,0,1,0,0,0,0,0,0,0,0
74,52,19,20,42,37,-24,-117,-168,-191,-183,-193,-197,-174,-110,-2,118,195,201,169,133,65,0,-7,10,24,36,40,39,30,24,12,4,-3,-25,-24,-25,-39,-51,-50,-41,-28,-14,-4,-3,-7,-11,-8,-4,0,0,-1,-2,-3,-3,-4,-4,-4,-4,-3,-2,-1,-1,-1,-1,-2,-2,-2,-2,-3,-3,-3,-3,-2,-2,-2,-2,-1,-1,-1,-1,-1,-1,-1,-2,-1,-2,-1,-1,-1,-1,0,-1,-1,-1,-1,0,0,0,0
16,8,3,-24,-102,-160,-186,-168,-114,-67,-76,-127,-167,-145,-21,111,191,186,148,100,33,-6,-6,11,21,32,21,11,5,8,-4,-26,-21,-36,-44,-40,-41,-49,-54,-54,-48,-37,-24,-14,-9,-9,-10,-11,-12,-12,-11,-9,-7,-5,-4,-4,-4,-5,-6,-6,-6,-6,-7,-8,-9,-10,-10,-10,-9,-8,-8,-7,-6,-5,-4,-5,-4,-5,-4,-5,-5,-6,-5,-6,-7,-8,-7,-7,-6,-6,-6,-6,-6,-6,-5,-5,-4,-4,-5,-5
-20,-58,-103,-153,-171,-152,-103,-49,-52,-123,-171,-140,-70,21,109,152,142,107,63,24,0,-5,-2,8,21,25,25,24,30,33,14,10,-3,-4,0,-27,-59,-69,-71,-59,-38,-17,-9,-11,-15,-15,-11,-6,-2,-2,-3,-5,-5,-4,-2,-3,-5,-6,-6,-5,-6,-6,-3,-2,-1,-1,0,1,0,-5,-5,-1,0,0,0,0,-1,-2,-2,-3,-3,-4,-4,-4,-3,-3,-3,-2,-1,0,0,0,0,0,0,-1,-2,-2,-1,-1
-6,-14,-23,-51,-114,-152,-141,-110,-84,-103,-134,-143,-111,-33,49,106,130,129,112,90,61,24,-6,-23,-22,-10,2,11,17,21,20,19,10,-2,-8,-15,-29,-63,-78,-79,-66,-41,-16,-5,-6,-13,-16,-15,-10,-6,-4,-3,-3,-4,-5,-5,-5,-6,-5,-5,-5,-5,-5,-5,-5,-5,-5,-6,-6,-6,-5,-5,-5,-5,-5,-4,-4,-4,-4,-4,-4,-4,-5,-4,-4,-4,-5,-5,-4,-4,-4,-4,-4,-4,-4,-3,-3,-4,-5,-5
30,10,-9,-37,-93,-155,-187,-171,-133,-88,-67,-72,-82,-77,-57,-11,61,103,129,139,123,88,59,31,4,-14,-15,-6,2,8,16,21,23,17,9,0,-26,-33,-46,-66,-74,-66,-41,-13,0,0,-8,-12,-13,-11,-7,-4,-3,-1,0,0,0,0,0,-1,-2,-3,-3,-2,-1,-2,-3,-4,-3,-4,-4,-3,-2,-2,-2,-3,-3,-3,-2,-1,0,0,0,0,-1,-2,-2,-2,-2,-1,-2,-3,-3,-3,-3,-2,-1,-1,-1,0
-46,-98,-158,-189,-175,-143,-95,-56,-50,-83,-108,-102,-67,-17,41,94,125,122,89,54,22,-9,-24,-19,-7,6,15,13,10,19,19,-9,-32,-55,-66,-68,-63,-55,-42,-27,-14,-9,-10,-10,-10,-9,-7,-6,-5,-3,-1,0,-1,-2,-3,-3,-1,-2,-5,-6,-6,-5,-5,-5,-5,-5,-5,-4,-4,-4,-4,-4,-5,-5,-5,-4,-3,-2,-2,-3,-4,-4,-3,-3,-4,-4,-4,-4,-3,-2,-3,-3,-3,-3,-3,-3,-3,-3,-3,-2
-43,-98,-146,-180,-199,-188,-156,-107,-78,-92,-111,-114,-77,-35,44,106,130,122,87,53,27,2,-17,-27,-21,-8,7,23,23,14,11,9,10,-9,-30,-44,-69,-76,-78,-79,-70,-50,-31,-21,-18,-17,-17,-13,-9,-5,-2,-1,-1,-2,-3,-3,-2,-1,-2,-4,-7,-7,-7,-6,-4,-4,-6,-7,-8,-8,-6,-5,-5,-5,-5,-5,-6,-6,-6,-7,-7,-7,-7,-7,-7,-8,-7,-8,-8,-8,-8,-8,-7,-7,-7,-6,-6,-5,-5,-6
-82,-149,-184,-202,-211,-209,-170,-117,-76,-69,-70,-66,-53,-11,45,104,131,133,106,69,45,27,11,-9,-30,-40,-32,-9,15,34,34,25,20,9,-4,-35,-63,-74,-84,-83,-62,-35,-15,-7,-5,-4,-3,-3,-3,-1,0,1,0,-1,-2,-3,-5,-7,-7,-7,-6,-6,-7,-7,-8,-8,-6,-7,-7,-7,-6,-7,-8,-9,-9,-8,-7,-8,-9,-9,-8,-7,-5,-4,-4,-3,-4,-4,-3,-3,-2,-3,-3,-4,-4,-4,-4,-4,-5,-5
-2,-36,-93,-154,-187,-181,-141,-101,-102,-139,-154,-119,-46,83,176,200,167,117,55,15,5,14,21,21,19,8,3,20,12,-15,-32,-35,-36,-34,-33,-35,-31,-20,-7,0,5,4,2,0,0,-1,-1,0,0,1,0,-1,-2,-1,0,0,0,-1,-2,-1,0,1,0,-3,-3,-2,-2,-2,-2,-1,0,0,0,0,0,0,0,1,0,0,1,0,0,0,0,0,1,1,2,2,2,2,1,0,0,0,0,0,0,0
-5,-44,-117,-168,-191,-170,-124,-86,-84,-97,-94,-80,-27,53,120,166,176,157,120,60,7,-16,-11,8,23,45,39,16,17,34,31,10,-16,-47,-49,-49,-49,-47,-39,-28,-17,-9,-5,-3,-3,-3,-3,-1,1,0,-1,2,7,11,8,4,1,0,-1,-1,-1,-1,0,0,0,0,2,4,4,3,1,1,1,1,1,0,0,0,0,0,0,0,0,0,1,1,2,2,2,2,2,2,2,2,2,1,1,0,0,0
-23,-60,-117,-167,-193,-204,-169,-110,-59,-53,-77,-100,-98,-8,112,193,230,210,161,108,62,26,-7,-34,-48,-47,-47,-40,-29,-25,-25,-43,-58,-54,-64,-61,-63,-71,-75,-68,-47,-20,-4,-6,-12,-15,-11,-6,-2,-1,-1,0,0,0,0,1,1,0,0,0,1,0,-1,-3,-3,-3,-3,-3,-3,-3,-3,-2,-1,0,0,0,0,0,0,0,0,0,0,0,0,0,0,0,0,0,0,0,1,1,1,1,1,1,1,0
-5,-41,-97,-157,-188,-192,-169,-147,-145,-168,-181,-119,-16,84,167,201,194,166,126,84,45,14,-5,-13,-17,-21,-10,-1,0,-13,-11,-12,-32,-44,-48,-55,-62,-66,-71,-69,-57,-40,-30,-27,-25,-22,-20,-16,-15,-16,-17,-17,-16,-15,-14,-14,-13,-12,-10,-9,-8,-8,-10,-11,-12,-11,-11,-11,-11,-11,-10,-10,-11,-11,-10,-10,-11,-10,-10,-10,-9,-8,-8,-8,-8,-9,-8,-8,-7,-7,-7,-8,-8,-7,-7,-7,-7,-8,-8,-8
7,-18,-62,-112,-153,-186,-203,-201,-171,-139,-118,-114,-104,-73,-21,54,89,128,145,148,131,99,56,8,-17,-26,-22,-17,-16,-23,-22,-12,-15,-32,-34,-43,-41,-46,-70,-79,-76,-66,-53,-38,-27,-22,-21,-21,-19,-16,-13,-12,-11,-9,-8,-9,-9,-8,-8,-8,-8,-7,-8,-9,-9,-9,-10,-10,-9,-9,-9,-9,-10,-10,-10,-10,-11,-10,-10,-10,-10,-10,-9,-9,-8,-8,-7,-7,-6,-6,-6,-7,-7,-7,-6,-7,-7,-7,-7,-7
78,67,25,-28,-76,-114,-163,-191,-205,-186,-153,-132,-122,-126,-115,-80,-9,83,160,187,172,136,82,30,-1,-8,-8,0,0,3,0,4,-8,4,19,7,-11,-27,-48,-51,-45,-59,-74,-71,-59,-42,-28,-20,-16,-15,-12,-10,-8,-7,-7,-7,-7,-7,-6,-7,-6,-7,-5,-6,-7,-6,-5,-5,-5,-6,-7,-8,-8,-8,-8,-7,-7,-7,-7,-7,-7,-7,-6,-7,-8,-7,-8,-8,-8,-7,-6,-6,-7,-7,-7,-7,-7,-7,-7,-6
69,54,24,-5,-35,-63,-102,-156,-188,-198,-169,-136,-117,-119,-110,-89,-23,57,132,192,193,168,133,94,59,27,8,1,0,1,3,33,52,36,10,-7,-23,-45,-55,-54,-39,-19,-4,0,2,5,6,6,8,8,9,11,12,12,12,11,9,6,5,2,1,0,0,0,0,0,0,0,0,0,0,0,0,0,0,1,1,1,1,0,0,0,0,0,0,0,0,0,0,0,0,0,0,1,1,1,1,1,1,0
69,58,24,6,6,-18,-76,-142,-176,-165,-130,-99,-95,-120,-136,-120,-68,48,159,216,209,173,135,83,34,-2,-28,-29,-20,-10,0,9,16,1,-7,-14,-32,-51,-62,-88,-96,-85,-66,-50,-37,-27,-22,-19,-16,-13,-8,-4,-1,0,1,0,0,0,-1,-3,-3,-3,-4,-3,-1,-1,0,0,0,0,0,0,-1,-2,-3,-4,-4,-4,-3,-3,-3,-4,-3,-3,-3,-3,-3,-3,-3,-2,-2,-2,-2,-2,-2,-2,-3,-2,-2,-2
-24,-49,-79,-139,-179,-189,-159,-128,-113,-111,-100,-63,-18,56,138,196,212,188,149,114,71,28,-7,-27,-23,-5,19,38,27,12,-5,-19,-33,-31,-33,-75,-76,-73,-66,-51,-35,-23,-15,-13,-14,-13,-11,-8,-7,-5,-5,-5,-4,-5,-6,-7,-8,-7,-7,-8,-8,-8,-7,-5,-5,-5,-4,-1,-1,-1,-1,-3,-4,-5,-5,-5,-5,-5,-5,-4,-4,-3,-3,-3,-2,-2,-3,-3,-3,-3,-3,-3,-3,-3,-3,-3,-3,-3,-3,-2
-48,-62,-52,-80,-93,-77,-87,-85,-105,-153,-183,-167,-74,79,176,222,194,142,97,55,29,9,-2,-2,-3,-5,0,2,0,-11,-5,19,32,11,-7,-19,-32,-49,-62,-60,-41,-23,-12,-11,-12,-13,-10,-7,-5,-3,-1,1,4,6,5,3,1,0,0,-1,-2,-4,-6,-7,-7,-6,-6,-6,-7,-8,-8,-6,-4,-4,-4,-3,-2,-2,-3,-3,-3,-4,-2,0,-2,-6,-8,-6,-5,-4,-4,-5,-4,-3,-2,-2,-1,0,0,0
-47,-96,-130,-161,-174,-153,-113,-86,-102,-152,-175,-151,-71,60,166,220,228,178,127,92,56,21,-4,-20,-19,-6,3,16,37,51,23,-20,-43,-55,-69,-70,-64,-52,-38,-23,-12,-9,-9,-10,-10,-9,-8,-5,-1,1,4,5,5,3,1,0,-2,-3,-3,-3,-3,-4,-3,-4,-4,-3,-3,-3,-2,-2,-2,-3,-4,-4,-4,-4,-4,-4,-5,-5,-5,-4,-4,-4,-5,-5,-5,-5,-4,-3,-3,-3,-3,-4,-5,-5,-5,-6,-6,-6
-5,-5,-13,-39,-98,-157,-188,-203,-211,-215,-212,-181,-100,-158,-154,-111,-68,-50,-53,-61,-63,-67,-71,-79,-87,-82,-100,-98,-73,-55,-42,-37,-35,-33,-33,-30,-26,-25,-25,-25,-25,-24,-24,-23,-22,-21,-20,-20,-20,-20,-19,-19,-18,-18,-18,-18,-17,-17,-17,-17,-16,-16,-16,-17,-17,-17,-17,-17,-16,-17,-17,-16,-16,-17,-17,-18,-17,-16,-16,-17,-17,-17,-17,-16,-16,-16,-16,-16,-16,-16,-15,-15,-15,-15,-15,-16,-16,-15,-15,-15
-81,-145,-181,-200,-210,-211,-190,-143,21,-41,-97,-81,-51,-47,-55,-56,-60,-68,-71,-73,-76,-67,-70,-64,-51,-47,-44,-40,-35,-32,-28,-26,-27,-27,-25,-24,-23,-22,-22,-20,-18,-16,-14,-12,-12,-13,-14,-14,-13,-12,-11,-11,-10,-10,-10,-11,-10,-10,-10,-10,-10,-10,-10,-10,-10,-10,-10,-9,-9,-9,-9,-9,-9,-9,-9,-8,-8,-7,-7,-7,-7,-7,-8,-8,-9,-13,-14,-8,-4,-5,-4,-5,-8,-8,-5,-4,-4,-6,-8,-9
-73,-145,-181,-200,-207,-182,-164,-146,-85,-64,-50,-49,-35,-29,-25,-25,-40,-63,-77,-91,-88,-63,-56,-46,-38,-31,-24,-21,-20,-20,-19,-19,-19,-17,-15,-14,-14,-13,-12,-11,-10,-9,-9,-8,-7,-7,-9,-12,-13,-14,-14,-14,-14,-15,-13,-12,-11,-11,-11,-11,-10,-10,-10,-11,-11,-12,-12,-11,-11,-11,-10,-10,-10,-10,-10,-10,-10,-10,-10,-10,-10,-9,-9,-8,-9,-10,-9,-9,-9,-9,-9,-9,-10,-9,-9,-9,-8,-9,-8,-8
-77,-132,-175,-197,-208,-209,-203,-193,-93,-80,-61,-58,-42,-34,-33,-39,-48,-66,-84,-96,-87,-69,-54,-40,-28,-19,-21,-25,-23,-25,-30,-33,-33,-33,-33,-32,-28,-23,-18,-14,-10,-10,-10,-12,-12,-11,-10,-9,-10,-11,-10,-10,-10,-11,-11,-11,-11,-11,-11,-10,-10,-10,-9,-10,-10,-10,-9,-9,-9,-9,-10,-10,-11,-10,-10,-9,-9,-8,-8,-7,-6,-6,-6,-6,-6,-5,-5,-6,-7,-7,-7,-7,-7,-7,-7,-6,-6,-6,-6,-6
-79,-141,-179,-199,-209,-204,-183,-168,-151,-96,-58,-37,-18,-6,-16,-36,-56,-87,-102,-104,-92,-91,-94,-83,-69,-58,-44,-37,-36,-32,-28,-26,-25,-22,-21,-22,-21,-18,-15,-13,-10,-9,-10,-11,-12,-11,-11,-9,-9,-9,-10,-10,-10,-8,-7,-7,-7,-7,-7,-7,-8,-8,-9,-10,-10,-11,-10,-9,-9,-9,-9,-8,-7,-6,-6,-6,-7,-7,-7,-8,-9,-8,-8,-9,-9,-9,-9,-9,-9,-8,-8,-7,-7,-7,-7,-7,-7,-8,-8,-8
-78,-145,-181,-200,-209,-210,-174,-133,-81,-57,-41,-28,-24,-14,-27,-52,-79,-95,-113,-109,-89,-79,-66,-54,-44,-36,-30,-27,-28,-30,-28,-25,-23,-21,-21,-22,-22,-20,-18,-14,-12,-12,-11,-11,-11,-11,-11,-12,-12,-12,-12,-13,-13,-12,-11,-12,-12,-12,-12,-12,-12,-12,-11,-11,-10,-9,-11,-11,-10,-10,-9,-10,-10,-9,-9,-9,-10,-10,-10,-9,-9,-9,-9,-9,-9,-9,-8,-8,-8,-7,-7,-7,-7,-7,-7,-8,-8,-8,-9,-9
-84,-144,-181,-200,-209,-197,-188,-197,-108,-46,-43,-28,-17,-26,-48,-67,-89,-105,-113,-107,-103,-100,-84,-64,-43,-30,-29,-31,-34,-34,-33,-31,-27,-24,-22,-21,-20,-19,-18,-18,-18,-15,-13,-16,-20,-21,-21,-19,-18,-18,-18,-18,-18,-18,-18,-18,-18,-18,-18,-18,-18,-18,-18,-18,-19,-19,-19,-19,-19,-18,-18,-17,-17,-17,-17,-17,-17,-16,-16,-16,-17,-17,-18,-18,-19,-18,-18,-18,-18,-17,-17,-16,-16,-16,-16,-15,-15,-16,-16,-17
-54,-80,-135,-176,-197,-208,-205,-164,-44,-85,-51,-5,-9,-31,-60,-85,-102,-115,-116,-111,-95,-78,-62,-49,-37,-26,-18,-16,-19,-24,-28,-30,-30,-29,-27,-24,-18,-14,-10,-6,-3,-1,-2,-5,-6,-7,-6,-8,-9,-9,-7,-5,-5,-6,-6,-6,-6,-5,-5,-5,-5,-5,-6,-6,-6,-6,-6,-6,-6,-6,-6,-5,-5,-5,-5,-5,-5,-4,-5,-5,-5,-6,-7,-7,-7,-7,-7,-6,-6,-5,-5,-5,-5,-4,-4,-4,-5,-5,-5,-5
-65,-130,-174,-196,-208,-204,-172,-148,-89,-51,-22,3,6,-11,-42,-76,-106,-123,-129,-125,-120,-107,-87,-72,-61,-54,-50,-44,-37,-31,-26,-23,-22,-21,-21,-20,-19,-17,-16,-15,-14,-14,-14,-14,-15,-15,-15,-15,-15,-15,-15,-15,-15,-15,-15,-15,-15,-15,-14,-16,-16,-16,-16,-15,-15,-14,-15,-15,-15,-15,-14,-14,-13,-13,-14,-14,-14,-14,-14,-14,-15,-15,-15,-16,-16,-16,-16,-15,-15,-14,-14,-14,-15,-15,-14,-14,-13,-13,-13,-14
-84,-140,-179,-199,-209,-214,-213,-191,-94,-31,-7,0,3,-25,-49,-59,-73,-93,-104,-113,-116,-107,-92,-82,-74,-65,-56,-47,-42,-38,-40,-40,-34,-26,-23,-22,-21,-19,-16,-14,-13,-13,-10,-7,-6,-8,-11,-13,-13,-12,-13,-13,-14,-15,-15,-13,-11,-10,-10,-11,-11,-12,-11,-11,-11,-11,-11,-11,-11,-11,-10,-10,-10,-10,-9,-9,-10,-10,-11,-10,-11,-11,-11,-11,-11,-11,-11,-12,-12,-11,-11,-10,-10,-10,-10,-10,-11,-10,-10,-10
-94,-155,-187,-203,-211,-215,-217,-200,-114,-91,-30,-10,-20,-35,-54,-91,-111,-112,-110,-117,-115,-106,-104,-84,-66,-61,-58,-51,-49,-45,-42,-39,-36,-33,-31,-30,-29,-28,-27,-28,-27,-27,-25,-23,-21,-21,-22,-23,-23,-23,-24,-24,-23,-22,-23,-23,-24,-24,-24,-25,-25,-25,-25,-25,-24,-23,-23,-22,-22,-21,-21,-21,-21,-21,-22,-22,-22,-22,-21,-22,-22,-21,-20,-20,-19,-19,-19,-19,-20,-20,-20,-19,-19,-19,-20,-20,-19,-19,-19,-18
-74,-138,-178,-198,-209,-214,-215,-180,-98,-74,-38,-14,-16,-24,-41,-63,-85,-100,-107,-112,-108,-106,-101,-87,-69,-55,-48,-44,-40,-34,-26,-21,-18,-19,-18,-17,-15,-15,-15,-15,-14,-13,-12,-13,-12,-9,-6,-8,-11,-13,-14,-15,-15,-16,-16,-17,-17,-16,-16,-15,-15,-15,-15,-15,-15,-15,-15,-14,-14,-14,-15,-14,-14,-13,-13,-12,-13,-13,-14,-14,-14,-14,-14,-14,-14,-15,-15,-14,-14,-13,-13,-12,-11,-11,-12,-13,-12,-12,-12,-12
-84,-150,-184,-201,-210,-215,-200,-152,-84,-47,-30,-26,-25,-27,-39,-57,-75,-95,-106,-110,-104,-91,-81,-72,-66,-60,-47,-34,-25,-20,-17,-15,-13,-10,-8,-6,-5,-5,-5,-6,-7,-8,-9,-10,-10,-8,-7,-5,-4,-4,-4,-3,-2,-1,0,0,-1,-1,-2,-3,-4,-5,-4,-4,-2,-1,-1,-2,-2,-1,-2,-4,-2,0,0,0,0,0,0,0,0,0,0,-2,-2,-2,-2,-1,-2,-1,-1,-1,0,0,0,0,0,0,-1,-1
-49,-95,-152,-185,-202,-210,-203,-159,-89,-64,-46,-23,-22,-36,-59,-80,-99,-102,-99,-97,-86,-69,-56,-46,-36,-29,-26,-22,-21,-18,-16,-17,-17,-17,-16,-14,-12,-10,-8,-7,-7,-7,-7,-7,-7,-6,-5,-5,-5,-5,-5,-3,-2,-2,-2,-3,-3,-2,-3,-5,-6,-7,-7,-7,-7,-6,-6,-6,-5,-5,-5,-4,-4,-4,-4,-4,-4,-4,-4,-5,-5,-5,-5,-5,-5,-5,-5,-5,-5,-5,-5,-5,-4,-4,-4,-4,-4,-4,-3,-3
-73,-145,-181,-200,-209,-214,-175,-133,-45,-14,-15,-20,-41,-70,-93,-99,-97,-94,-87,-80,-77,-71,-59,-49,-43,-42,-41,-44,-52,-55,-50,-43,-37,-33,-28,-21,-16,-11,-8,-8,-8,-10,-11,-12,-13,-14,-15,-17,-18,-19,-19,-18,-19,-21,-22,-22,-22,-22,-23,-24,-24,-23,-24,-26,-27,-26,-25,-24,-24,-23,-24,-24,-24,-23,-22,-22,-22,-22,-23,-23,-22,-23,-23,-23,-23,-23,-23,-23,-23,-22,-21,-21,-22,-22,-22,-21,-21,-21,-21,-21
-79,-136,-177,-198,-208,-214,-215,-194,-133,-99,-37,-18,-19,-27,-52,-78,-99,-118,-120,-118,-104,-96,-89,-74,-59,-48,-39,-37,-34,-31,-26,-22,-20,-20,-24,-25,-25,-25,-24,-22,-20,-19,-18,-17,-15,-14,-12,-10,-9,-11,-11,-11,-11,-11,-12,-13,-14,-14,-16,-16,-16,-16,-15,-15,-15,-15,-15,-14,-13,-12,-11,-10,-11,-12,-13,-13,-12,-10,-10,-10,-10,-11,-12,-12,-12,-13,-12,-12,-12,-12,-11,-11,-10,-10,-11,-11,-11,-11,-11,-11
-75,-140,-179,-199,-209,-212,-197,-172,-50,-23,-33,-25,-23,-42,-63,-69,-78,-85,-86,-83,-78,-65,-52,-45,-36,-29,-22,-19,-14,-12,-12,-13,-14,-14,-15,-15,-14,-13,-12,-11,-10,-10,-10,-10,-10,-11,-12,-12,-11,-12,-11,-11,-10,-10,-10,-11,-12,-13,-14,-15,-14,-14,-14,-13,-13,-13,-12,-12,-12,-12,-11,-11,-12,-11,-11,-11,-11,-11,-11,-11,-12,-12,-12,-12,-12,-12,-12,-13,-12,-12,-11,-11,-11,-11,-12,-12,-12,-12,-12,-12
-82,-148,-183,-201,-210,-214,-171,-90,-67,-51,-21,-20,-50,-74,-83,-90,-92,-89,-87,-80,-64,-50,-44,-43,-42,-45,-45,-40,-36,-32,-29,-26,-23,-20,-14,-11,-10,-12,-14,-14,-13,-12,-12,-13,-13,-12,-12,-12,-13,-14,-16,-17,-15,-14,-15,-17,-18,-20,-19,-18,-18,-17,-17,-17,-16,-16,-15,-15,-15,-16,-17,-19,-17,-14,-14,-14,-15,-16,-16,-15,-16,-16,-15,-14,-15,-15,-15,-14,-13,-12,-12,-11,-10,-10,-13,-15,-15,-14,-14,-14
-87,-148,-183,-201,-210,-212,-186,-63,-98,-53,-27,-26,-37,-51,-63,-73,-80,-88,-91,-82,-70,-66,-60,-51,-39,-32,-34,-36,-36,-35,-30,-24,-23,-23,-22,-21,-19,-18,-17,-15,-15,-15,-15,-16,-17,-16,-15,-15,-15,-15,-15,-16,-16,-17,-17,-18,-18,-18,-18,-18,-18,-18,-18,-17,-16,-16,-16,-16,-16,-16,-17,-17,-17,-17,-16,-16,-16,-16,-15,-16,-16,-16,-16,-16,-15,-16,-16,-17,-17,-16,-15,-15,-15,-15,-16,-16,-15,-15,-15,-14
-86,-144,-181,-200,-209,-214,-215,-160,-33,18,25,6,-25,-45,-66,-83,-92,-99,-100,-81,-67,-54,-43,-33,-28,-23,-21,-21,-23,-25,-27,-22,-16,-11,-9,-7,-6,-5,-6,-7,-6,-7,-10,-11,-12,-12,-12,-12,-12,-11,-11,-10,-10,-10,-9,-9,-10,-10,-11,-11,-11,-11,-11,-11,-11,-10,-10,-10,-10,-9,-9,-9,-9,-9,-9,-9,-9,-9,-9,-9,-9,-9,-9,-9,-9,-10,-10,-10,-10,-10,-10,-9,-9,-8,-8,-8,-8,-8,-8,-9
-31,-22,-16,-8,-26,-40,-47,-22,-3,42,99,130,140,146,145,120,84,51,20,-8,-27,-26,-8,12,17,0,-38,-59,-52,-23,13,36,44,30,28,49,60,54,41,26,14,5,1,0,4,8,8,6,3,3,3,4,4,4,6,7,7,7,7,6,5,4,3,4,4,5,5,6,7,9,9,9,8,8,8,8,8,9,9,9,8,8,8,9,9,9,9,9,9,10,10,10,10,10,9,10,10,10,10,10
19,39,51,15,-30,-42,-43,-58,-85,-98,-45,51,121,136,113,64,15,-13,-38,-58,-63,-75,-74,-74,-92,-68,-23,17,69,127,165,180,166,127,72,19,-26,-65,-89,-82,-67,-59,-53,-41,-27,-4,15,18,21,16,25,30,32,26,22,22,26,23,16,8,3,4,10,13,13,9,6,5,6,8,8,7,7,6,7,8,9,10,11,10,10,10,10,10,12,15,13,11,9,8,8,8,8,8,8,8,10,12,14,14
32,52,55,31,0,-27,-47,-58,-65,-72,-63,5,84,132,163,165,133,89,52,21,-2,-14,-21,-29,-33,-20,-13,4,29,62,99,143,184,209,207,180,127,68,14,-22,-49,-54,-16,20,36,51,48,45,45,40,31,21,22,39,52,52,32,15,16,22,26,29,30,30,29,29,29,28,26,22,21,19,17,14,12,11,11,12,13,14,14,14,14,15,15,16,17,18,18,18,18,17,17,16,16,16,15,14,13,13
25,45,63,52,26,0,-27,-36,-41,-69,-100,-71,-2,80,156,198,195,151,91,42,7,-7,-2,6,-2,2,17,30,48,81,113,142,161,169,174,170,146,105,60,16,0,7,24,33,39,50,48,39,30,33,34,40,43,32,23,21,23,20,21,29,30,24,23,21,21,23,27,31,31,25,19,17,18,18,16,13,11,14,18,22,21,19,16,13,12,11,11,13,15,16,17,18,16,14,13,13,14,16,17,18
19,33,48,29,-7,-20,-15,-10,-24,-62,-87,-35,72,160,192,179,127,68,24,-8,-35,-44,-58,-55,-29,-9,16,46,84,122,149,164,164,160,165,162,140,107,67,20,-13,-15,-6,1,21,38,37,41,53,64,70,66,67,60,52,55,55,45,33,32,41,47,48,48,44,36,25,17,13,11,10,10,9,9,10,10,11,11,12,14,15,16,16,16,17,16,17,16,16,16,15,15,15,15,14,14,13,13,14,14
27,52,58,30,-3,-28,-44,-52,-59,-70,-60,6,94,149,170,159,127,93,51,13,-9,-24,-32,-48,-45,-35,-16,11,35,51,69,86,102,129,159,150,119,92,55,15,0,-13,-21,-6,19,37,49,53,55,47,34,33,21,3,0,5,23,41,49,40,23,11,7,8,11,12,13,11,8,5,2,1,0,0,0,0,1,2,2,1,1,3,6,7,9,11,13,14,13,10,11,10,10,11,13,12,13,15,19,22
12,6,13,8,-21,-43,-39,-44,-79,-101,-59,31,119,149,137,104,55,15,-12,-27,-29,-34,-39,-34,-31,-14,3,17,27,47,72,99,134,157,144,108,68,39,23,14,13,11,12,24,32,21,17,23,15,10,3,8,16,17,21,18,10,4,0,2,9,15,17,18,17,15,11,7,6,6,6,6,7,8,8,7,6,6,6,6,6,6,6,6,7,7,7,9,11,12,11,9,9,9,9,8,7,6,5,6
-2,4,14,3,-36,-77,-84,-67,-71,-80,-46,41,150,209,196,138,73,18,-28,-69,-83,-83,-77,-65,-52,-18,24,67,99,131,161,179,168,129,77,34,8,-5,-13,-20,-19,-11,7,36,50,39,25,23,30,35,15,0,-6,-5,0,6,9,9,8,7,8,7,4,3,3,7,10,10,5,2,0,0,1,1,1,1,2,2,3,4,5,6,7,6,3,2,4,8,9,8,7,5,5,5,6,7,8,9,9,9
14,9,2,-28,-59,-60,-25,11,-17,-106,-114,-45,28,97,159,197,196,162,110,58,9,-22,-34,-48,-59,-77,-65,-58,-40,-6,30,61,108,156,162,125,64,18,4,4,5,6,9,21,27,26,21,12,4,-7,-14,-3,9,14,18,15,5,-1,0,2,3,3,1,1,0,-1,-1,-1,-1,-1,-2,-2,-2,0,0,0,0,0,0,0,0,1,1,2,3,3,3,2,1,1,1,1,2,2,3,2,3,3,4,5
2,-10,-37,-66,-73,-67,-51,-31,-22,-49,-79,-63,18,129,192,203,185,141,78,23,-19,-46,-62,-63,-49,-37,-29,-15,-5,7,25,43,64,111,128,88,39,12,-1,-4,8,28,40,42,42,47,44,36,37,39,39,34,25,27,34,38,41,39,34,28,21,18,18,18,20,24,23,18,13,10,9,7,5,5,6,6,5,4,3,3,9,16,19,15,10,6,5,5,7,9,10,10,9,8,8,7,7,7,7,7
21,37,41,22,-18,-56,-75,-83,-86,-64,-21,46,143,182,164,121,72,26,-15,-47,-60,-75,-86,-97,-102,-94,-76,-61,-42,-11,27,77,140,171,141,82,44,0,-25,0,18,17,20,22,17,3,-6,-14,-14,-11,-6,0,4,23,40,34,22,21,19,14,10,8,10,10,9,9,9,10,11,9,9,9,9,8,8,7,6,6,5,6,7,7,7,8,8,8,8,11,14,14,12,10,10,9,8,9,10,11,10,10
34,49,66,60,31,6,-5,-24,-50,-79,-68,-12,48,109,156,160,124,80,42,9,-19,-49,-73,-105,-108,-89,-76,-33,39,120,195,230,214,167,113,59,18,-4,-22,-18,-9,-2,11,23,38,60,69,67,66,71,68,61,51,45,39,36,34,29,26,26,25,24,23,22,18,14,13,12,11,9,8,9,11,12,11,11,11,11,13,14,15,14,13,12,12,13,13,14,16,14,10,8,10,11,12,11,10,10,11,11
27,47,53,32,0,-33,-54,-60,-76,-77,-37,26,93,142,146,111,76,49,19,-15,-36,-54,-55,-55,-37,-20,5,33,61,91,128,153,167,177,155,112,58,13,-6,-4,3,12,24,38,43,36,31,40,54,55,69,80,66,55,47,50,61,59,46,37,28,23,21,20,19,18,19,19,16,14,13,12,12,11,10,10,9,10,12,13,14,15,17,18,19,19,18,16,15,15,15,15,15,16,15,15,14,14,13,13
48,70,93,87,72,44,10,-15,-47,-80,-72,-6,80,148,182,183,155,103,51,14,-8,-24,-35,-35,-30,-7,6,28,50,77,109,155,197,216,204,168,116,61,19,-9,-16,-5,7,22,26,24,18,21,34,51,71,78,73,67,57,56,62,61,56,51,48,46,44,42,39,35,29,24,19,16,15,15,15,16,17,19,14,15,25,29,26,23,23,25,27,27,25,21,19,19,19,18,18,18,17,18,21,23,23,21
37,78,119,120,93,54,17,-17,-53,-87,-81,-31,48,136,183,186,161,118,69,22,-17,-35,-42,-50,-60,-58,-56,-42,-21,-4,18,57,114,161,176,168,138,91,47,6,-8,0,11,16,23,36,33,21,20,26,31,27,40,53,50,57,54,41,31,32,29,25,24,22,21,19,17,16,14,11,8,7,7,6,5,5,7,10,12,12,10,9,7,7,8,8,8,7,8,12,14,14,12,9,8,8,10,11,11,11
51,70,72,55,22,-15,-38,-55,-76,-98,-83,-31,37,105,159,191,186,147,94,47,11,-7,-32,-59,-78,-69,-47,-30,-3,32,55,69,103,121,118,111,96,66,35,16,6,4,0,-6,-6,0,19,29,32,33,34,30,12,-2,-4,-7,1,13,17,15,15,14,13,14,15,14,10,6,3,2,2,2,3,3,3,5,4,4,5,4,4,5,6,9,12,13,13,13,12,12,11,10,10,9,9,9,9,9,9,9
26,41,54,60,37,-9,-50,-63,-69,-71,-69,-50,-11,47,123,184,214,209,179,127,68,23,-7,-32,-31,-34,-31,-25,0,25,45,78,113,130,139,152,167,162,143,112,76,42,27,29,37,42,51,58,54,41,41,50,68,74,66,65,71,67,57,52,52,48,46,44,44,42,40,41,39,31,24,20,19,18,19,18,18,17,16,14,13,12,11,12,13,16,17,17,20,22,22,21,20,19,18,18,17,17,17,17
56,86,87,69,43,15,-4,-19,-35,-53,-60,-32,9,64,127,170,188,181,141,93,54,21,-1,-16,-29,-42,-34,-29,-7,3,14,38,63,84,111,140,164,170,156,123,82,48,22,9,12,15,14,16,19,33,56,73,79,71,71,58,60,66,63,54,51,52,45,38,35,36,36,33,31,30,26,22,19,18,18,19,19,19,18,18,18,18,18,19,18,19,19,20,20,19,18,18,18,18,18,18,17,17,17,17
81,110,120,90,40,-1,-21,-41,-58,-55,-36,-5,45,102,146,175,187,173,139,94,50,17,-5,-29,-39,-36,-24,-7,7,37,89,132,152,167,166,156,140,117,90,61,38,23,12,0,-27,-52,-41,1,29,40,40,35,24,28,31,22,16,12,9,4,1,0,0,2,6,11,13,13,14,13,12,10,8,7,6,5,5,5,6,7,7,9,10,10,9,9,8,8,7,6,5,5,5,5,4,5,6,7,8,9
17,38,55,48,18,-21,-55,-65,-67,-81,-72,-27,28,106,175,198,186,148,102,56,15,-14,-34,-43,-27,-13,-2,16,41,69,124,173,196,206,203,179,139,96,58,30,21,27,28,23,26,27,20,18,25,37,37,34,31,18,0,-13,-12,-6,-4,-9,-12,-9,-3,4,11,17,19,17,14,12,11,9,7,6,6,6,7,8,9,9,10,11,11,11,11,11,11,11,10,10,9,9,9,9,9,10,11,10,10,10
-10,-17,-36,-35,-35,-29,-22,-20,-21,-18,-23,-35,-60,-90,-110,-99,-72,-60,-79,-104,-137,-169,-185,-158,-124,-63,99,152,194,225,218,214,189,149,98,62,52,39,28,22,21,18,7,-4,-13,-12,-8,-4,-16,-24,-23,-23,-24,-26,-32,-36,-35,-31,-30,-27,-25,-21,-19,-18,-17,-16,-15,-17,-17,-16,-14,-14,-15,-15,-15,-14,-14,-15,-15,-13,-13,-13,-14,-14,-13,-13,-14,-13,-13,-13,-13,-13,-13,-13,-13,-13,-12,-13,-12,-12
-21,-22,-38,-50,-55,-48,-38,-28,-22,-20,-23,-33,-50,-99,-94,-83,-80,-74,-69,-57,-65,-91,-64,-46,-30,76,142,169,179,172,155,132,105,70,56,54,53,56,55,58,51,37,30,22,11,5,1,-2,-11,-5,-1,-4,-12,-20,-23,-26,-27,-25,-22,-18,-15,-13,-12,-10,-8,-8,-8,-7,-6,-6,-6,-5,-5,-6,-7,-7,-6,-7,-8,-8,-7,-7,-7,-7,-6,-6,-6,-7,-6,-4,-4,-5,-6,-6,-5,-5,-6,-6,-6,-6
-11,-23,-28,-44,-44,-35,-24,-27,-32,-36,-42,-63,-78,-95,-110,-110,-114,-77,-47,-4,8,61,132,147,157,145,127,109,102,84,71,60,47,40,36,32,28,21,13,9,7,4,0,-6,-6,-7,-15,-31,-34,-32,-32,-34,-35,-31,-26,-23,-21,-20,-18,-17,-16,-14,-12,-9,-7,-7,-8,-9,-10,-11,-12,-13,-14,-13,-13,-13,-13,-13,-13,-12,-11,-11,-11,-11,-11,-11,-11,-12,-12,-12,-12,-12,-12,-12,-12,-11,-12,-12,-12,-12
-14,-8,-18,-28,-27,-21,-27,-38,-43,-43,-39,-40,-49,-65,-82,-89,-84,-72,-58,-60,-24,-4,6,15,75,138,146,160,168,162,148,115,92,73,55,44,41,44,39,24,18,14,7,5,5,5,3,-3,-8,-9,-8,-8,-8,-9,-10,-10,-8,-7,-8,-8,-7,-5,-3,-3,-2,-3,-2,-2,-1,-1,-2,-3,-2,-2,-3,-3,-3,-3,-4,-4,-4,-4,-4,-5,-5,-4,-3,-3,-3,-3,-3,-3,-3,-3,-3,-2,-2,-2,-3,-3
-7,-13,-12,-13,-6,-9,-15,-21,-23,-25,-30,-36,-42,-54,-73,-79,-72,-68,-66,-67,-52,-14,18,34,56,100,139,132,141,152,144,141,134,116,102,87,73,62,53,42,31,27,27,21,6,-3,-11,-17,-19,-21,-23,-26,-19,-12,-10,-9,-10,-7,-8,-6,-5,-6,-7,-6,-5,-5,-5,-5,-5,-5,-4,-4,-4,-5,-5,-5,-5,-6,-7,-7,-7,-8,-8,-7,-7,-7,-7,-6,-6,-6,-6,-6,-6,-6,-6,-6,-6,-6,-6,-6
-10,-8,0,11,0,5,0,-4,-8,-12,-21,-34,-42,-45,-50,-53,-59,-66,-74,-77,-48,-29,9,19,39,70,127,152,159,156,145,127,103,83,71,54,51,51,37,26,23,12,0,-2,-3,-8,-12,-16,-15,-13,-19,-18,-17,-17,-17,-18,-17,-15,-12,-13,-14,-13,-11,-11,-10,-10,-10,-9,-8,-7,-7,-7,-7,-7,-7,-7,-7,-8,-8,-7,-7,-8,-9,-9,-8,-7,-8,-8,-8,-7,-7,-7,-7,-7,-6,-6,-5,-5,-5,-5
-13,-16,-16,-13,-10,-16,-19,-20,-18,-18,-21,-22,-19,-22,-32,-38,-44,-54,-67,-43,-48,-16,-11,42,98,90,94,102,112,112,99,79,60,40,26,24,15,7,0,-10,-23,-29,-32,-37,-49,-39,-38,-35,-33,-40,-37,-41,-33,-33,-35,-34,-31,-27,-25,-25,-24,-22,-21,-19,-17,-15,-12,-11,-12,-13,-15,-16,-17,-18,-19,-19,-19,-19,-18,-17,-16,-16,-15,-16,-15,-15,-16,-16,-17,-16,-16,-16,-16,-16,-15,-15,-16,-16,-16,-15
-24,-23,-40,-49,-46,-44,-39,-33,-28,-31,-45,-61,-73,-77,-88,-111,-123,-128,-116,-104,-80,-39,-9,27,119,164,171,168,156,160,155,142,127,111,106,103,92,79,69,57,49,46,43,38,33,28,18,11,6,3,7,11,5,6,3,3,1,-2,-7,-11,-13,-18,-22,-22,-21,-19,-18,-18,-17,-16,-16,-14,-11,-9,-8,-8,-7,-8,-9,-10,-10,-10,-10,-10,-10,-11,-11,-11,-10,-10,-10,-10,-9,-8,-7,-6,-6,-6,-7,-7
-15,-16,-9,3,12,16,15,13,-5,-29,-42,-49,-62,-70,-69,-67,-70,-79,-89,-109,-105,-94,-75,-42,-17,11,48,72,118,176,179,187,181,166,146,133,108,85,76,67,57,50,51,52,43,36,36,26,15,18,17,5,0,1,1,4,4,2,1,1,0,0,0,0,0,-2,-4,-6,-6,-5,-4,-4,-4,-4,-4,-3,-3,-3,-4,-4,-4,-5,-5,-5,-5,-6,-6,-6,-6,-6,-6,-6,-6,-5,-5,-5,-6,-5,-5,-6
-6,-6,-18,-21,-19,-20,-20,-28,-38,-42,-41,-34,-34,-33,-35,-47,-54,-57,-58,-56,-55,-49,-19,-8,13,39,60,121,136,141,164,166,152,135,114,78,50,33,24,16,13,6,-2,-15,-29,-40,-44,-35,-23,-20,-22,-25,-25,-34,-36,-37,-38,-35,-30,-25,-21,-19,-19,-18,-16,-13,-10,-9,-11,-11,-12,-14,-16,-16,-16,-15,-14,-12,-12,-11,-12,-12,-13,-13,-12,-12,-12,-11,-11,-12,-12,-12,-12,-12,-11,-11,-12,-12,-11,-11
-7,-7,-2,-4,-3,3,6,8,12,8,17,21,24,33,40,38,36,15,-23,-76,-105,-95,-97,-111,-112,-104,-102,-72,-42,-27,-34,-8,54,162,221,248,221,188,154,119,87,61,57,42,45,55,57,51,53,50,35,24,18,6,-4,0,6,0,-4,-4,-11,-5,-2,0,0,-4,-6,-4,-2,-3,-2,-1,-1,-1,0,0,0,0,0,0,-1,-3,-3,-3,-3,-3,-3,-3,-2,-2,-2,-1,-1,0,-1,-1,-1,-1,-3,-2
-1,0,1,-7,-11,-25,-33,-30,-36,-31,-18,-11,-5,7,5,13,18,20,11,-16,-67,-103,-107,-92,-71,-73,-80,-92,-91,-83,-71,-40,-30,-17,-8,-1,8,21,25,50,114,184,232,257,258,227,199,171,137,104,74,59,47,44,49,50,52,60,76,76,69,55,26,4,-5,-6,-13,-13,-4,2,-5,-12,-18,-18,-13,-9,-7,-8,-9,-8,-7,-7,-7,-6,-6,-6,-5,-5,-6,-6,-6,-7,-7,-7,-6,-6,-5,-5,-5,-5
-5,-12,-15,-12,-17,-12,-10,-2,7,14,25,32,39,47,57,57,48,47,43,32,12,-18,-64,-110,-122,-101,-68,-76,-88,-99,-101,-98,-77,-36,2,3,12,20,48,87,133,199,236,243,241,221,197,175,163,148,135,128,130,127,129,134,122,105,86,68,55,46,43,54,65,72,73,75,63,49,33,15,9,5,-11,-17,-19,-20,-21,-20,-18,-18,-17,-16,-18,-22,-25,-25,-22,-16,-10,-7,-7,-8,-9,-11,-11,-9,-7,-6
-24,-27,-34,-48,-46,-48,-52,-59,-48,-42,-41,-30,-25,-5,2,11,15,25,15,19,20,13,5,-17,-66,-123,-119,-83,-70,-87,-99,-106,-101,-86,-70,-47,-19,9,45,68,87,129,176,214,246,249,235,210,186,164,145,136,130,125,125,120,110,94,88,89,84,78,69,66,69,66,62,64,55,50,35,14,0,-19,-35,-40,-40,-41,-45,-46,-42,-33,-24,-17,-14,-15,-13,-10,-7,-5,-6,-9,-9,-11,-11,-13,-14,-14,-13,-12
-25,-28,-44,-55,-61,-57,-56,-50,-39,-30,-24,-10,-5,6,15,17,10,-2,-38,-87,-97,-75,-66,-81,-89,-77,-61,-42,-23,-16,-20,-6,5,62,120,198,239,258,243,228,209,175,138,107,85,88,68,49,51,47,41,37,32,18,8,-1,0,9,4,-11,-25,-23,-17,-13,-6,3,4,0,-2,-2,0,1,2,0,-3,-6,-7,-8,-8,-7,-7,-7,-7,-7,-6,-6,-6,-5,-5,-5,-5,-5,-5,-6,-7,-6,-6,-5,-4,-4
-9,-28,-48,-55,-53,-59,-59,-62,-58,-61,-48,-32,-29,-11,-2,7,7,-12,-41,-69,-107,-83,-58,-74,-97,-116,-118,-116,-89,-64,-28,3,6,34,114,196,238,260,251,209,173,151,129,100,72,58,55,45,52,59,58,56,51,27,16,-2,-21,-26,-33,-38,-41,-39,-32,-30,-31,-22,-12,-5,-4,-6,-7,-8,-10,-8,-5,-5,-7,-8,-8,-8,-8,-7,-6,-7,-8,-7,-6,-6,-6,-6,-5,-5,-5,-5,-5,-6,-6,-6,-5,-5
-10,-13,-8,-4,-2,7,16,28,30,42,38,46,54,60,60,58,53,33,-12,-79,-137,-119,-110,-112,-100,-75,-61,-40,-31,-24,-15,10,46,124,201,241,257,241,207,177,162,148,133,121,104,84,58,56,60,58,64,84,89,79,65,54,37,16,-1,-26,-43,-54,-61,-57,-48,-37,-33,-36,-34,-29,-25,-16,0,4,1,-1,-4,-6,-9,-10,-11,-10,-9,-7,-5,-6,-6,-6,-6,-7,-8,-10,-10,-8,-8,-6,-5,-5,-4,-6
-26,-27,-26,-38,-45,-41,-35,-25,-14,-3,17,26,39,43,37,31,14,-16,-69,-96,-98,-68,-73,-100,-113,-120,-115,-102,-87,-51,-10,7,30,48,81,148,214,243,239,223,198,168,142,114,82,67,53,43,39,41,53,63,56,38,36,16,0,-4,-14,-15,-25,-47,-48,-40,-33,-26,-18,-14,-6,-1,-12,-21,-17,-4,3,1,-1,-2,-3,-2,-3,-3,-2,-2,-4,-3,-1,-2,-3,-3,1,1,-3,-4,-1,0,-1,-1,0,-1
15,46,31,35,48,49,58,68,67,68,66,51,45,44,47,37,19,-8,-48,-86,-142,-136,-118,-129,-147,-162,-141,-109,-65,-36,-21,-12,16,62,126,202,242,251,234,210,192,180,161,135,127,123,112,112,101,84,66,65,59,60,64,73,79,72,84,74,51,40,31,24,1,-3,-4,-7,-11,-2,10,31,21,9,6,4,1,-2,-3,-1,0,0,0,0,0,0,0,-1,0,0,-1,-1,0,0,1,1,0,0,0,0
3,7,5,-4,-1,-3,-3,2,11,20,34,42,47,39,30,25,6,-32,-67,-112,-130,-111,-71,-78,-101,-101,-114,-122,-100,-72,-27,-4,3,27,68,158,215,232,234,217,186,158,136,106,73,43,32,45,63,62,55,61,65,44,30,10,-11,-16,-27,-29,-33,-32,-32,-36,-21,-12,-8,-6,-8,-10,-11,-8,-4,-4,-8,-6,-5,-6,-5,-5,-6,-6,-5,-5,-6,-7,-6,-5,-3,-2,-3,-4,-4,-3,-4,-4,-3,-2,-2,-3
-27,-11,-2,-23,-20,3,3,29,40,41,47,56,63,51,48,29,12,-6,-23,-69,-96,-59,-40,-64,-93,-115,-131,-91,-39,-6,35,26,11,27,56,137,206,211,210,208,192,159,131,97,71,54,36,23,24,40,63,87,94,103,95,70,40,20,-12,-23,-6,-12,-23,-25,-22,-22,-28,-33,-33,-30,-20,-7,-3,-1,1,2,0,-1,-2,-2,-1,-1,-4,-6,-7,-4,-3,-2,-1,0,0,0,0,0,-1,-2,-2,-2,-1,-1
0,-5,-4,2,8,12,11,13,9,8,14,20,28,35,23,-10,-52,-97,-144,-144,-129,-124,-129,-113,-112,-81,-52,-30,-9,15,24,79,148,206,240,249,227,187,151,123,93,69,55,52,50,52,64,70,74,70,56,37,21,6,1,1,-2,-9,-16,-19,-14,-10,-6,-3,-1,-3,-3,-2,-1,0,1,0,-1,0,0,0,0,0,0,0,0,0,2,3,4,5,3,1,1,2,2,3,4,4,2,3,5,4,3,4
-10,-17,-24,-17,-8,-15,-9,-2,-7,1,16,20,21,24,11,-14,-50,-97,-151,-149,-118,-104,-107,-99,-84,-58,-44,-34,-21,0,20,55,122,200,225,218,212,183,146,123,109,84,57,44,38,35,41,37,35,31,26,29,31,28,26,15,1,-6,-6,-6,-6,-5,-4,-6,-10,-10,-6,-4,-5,-8,-9,-8,-5,-4,-4,-3,-4,-4,-4,-4,-4,-4,-5,-5,-4,-4,-3,-3,-3,-3,-3,-4,-3,-3,-3,-3,-3,-3,-2,-3
-3,-3,-7,-4,2,11,11,11,18,29,31,32,40,37,31,6,-50,-121,-167,-164,-136,-118,-110,-90,-42,-10,17,30,24,13,10,79,173,226,253,248,195,148,120,91,70,52,40,25,20,20,29,32,34,31,13,-1,-3,-1,-2,4,5,8,5,0,-3,-7,-11,-11,-9,-5,-3,-5,-6,-5,-4,-6,-7,-6,-4,-4,-4,-3,-3,-3,-4,-3,-4,-4,-4,-3,-4,-4,-4,-3,-3,-4,-3,-3,-3,-3,-3,-4,-4,-3
-21,-27,-38,-47,-53,-53,-49,-56,-48,-27,-1,18,37,37,14,-23,-75,-112,-133,-126,-112,-104,-104,-84,-74,-54,-2,10,21,18,4,33,110,188,234,241,207,164,143,137,120,88,55,34,27,34,42,50,56,59,60,42,35,28,16,-2,-11,-7,-6,-12,-19,-25,-25,-25,-22,-19,-18,-18,-17,-15,-15,-13,-9,-4,-3,-2,-1,0,0,-1,-4,-7,-8,-8,-7,-7,-5,-3,-2,-2,-1,-2,-3,-4,-4,-4,-5,-4,-4,-3
-10,3,13,4,21,29,32,36,38,39,41,49,49,54,68,71,45,0,-41,-89,-143,-149,-130,-109,-90,-73,-44,-18,2,7,21,51,95,156,215,218,206,178,154,135,114,101,91,82,72,68,82,98,94,77,59,55,51,44,44,31,21,26,15,11,4,6,9,6,3,2,3,0,-4,-3,-4,-6,-7,-10,-11,-8,-5,-6,-6,-6,-5,-3,-4,-5,-5,-5,-5,-5,-4,-4,-5,-5,-4,-4,-4,-4,-4,-4,-4,-4
4,15,13,9,10,12,12,16,19,18,25,35,42,42,45,32,13,-4,-21,-49,-75,-100,-111,-112,-98,-80,-62,-42,-31,-40,-46,-40,-19,3,52,131,203,242,250,215,165,133,118,115,114,110,109,105,100,91,84,83,76,61,55,49,47,46,35,25,17,19,22,18,11,8,6,3,1,0,23,47,25,7,-4,-8,-11,-12,-10,-6,-3,1,2,0,-2,-4,-5,-5,-5,-3,-3,-2,-1,-1,-2,-3,-3,-3,-3,-2
10,11,14,13,12,34,30,28,35,45,49,54,58,50,34,13,-14,-50,-78,-121,-117,-89,-71,-63,-57,-43,-40,-34,-26,-22,-12,9,31,44,85,156,195,189,199,196,174,140,100,70,59,49,42,51,44,47,51,62,67,52,42,36,35,32,28,17,7,6,5,6,5,0,-3,-4,-5,-4,-2,-2,-3,-4,-3,-3,-2,-5,-6,-5,-4,-2,0,-1,-2,-2,-2,-2,-3,-3,-4,-4,-3,-2,-2,-2,-2,-2,-2,-2
20,27,28,39,50,49,48,53,49,49,47,44,47,51,49,44,30,9,-17,-64,-106,-151,-163,-93,-71,-82,-93,-76,-57,-51,-28,-5,9,13,8,16,62,152,209,231,239,207,153,119,97,91,80,63,58,55,58,55,45,30,18,17,15,11,7,0,-2,-1,0,-1,0,0,-1,-2,-3,-5,-3,4,10,6,-1,-3,-4,-5,-7,-8,-9,-9,-8,-6,-4,-3,-3,-5,-5,-4,-3,-2,-3,-3,-2,-3,-3,-2,-1,-2
-2,-19,-36,-26,-33,-47,-42,-49,-57,-55,-53,-47,-33,-35,-44,-45,-49,-89,-104,-86,-72,-90,-93,-81,-70,-56,-46,-42,-34,-18,22,118,198,237,239,225,203,177,164,154,137,120,103,82,78,85,74,75,81,81,92,102,104,108,107,92,74,70,60,38,28,18,6,-2,-1,0,1,0,-3,-8,-7,-6,-2,2,5,4,0,0,0,-2,-3,-4,-4,-3,-3,-3,-1,-1,-1,-1,-1,-2,-2,-2,-2,-2,-2,-2,-2,-1
-3,-5,-6,-16,-30,-42,-68,-98,-109,-122,-126,-118,-102,-92,-105,-70,13,78,175,187,118,81,101,124,124,113,88,48,23,-5,-29,-59,-46,-50,-59,-37,-20,-20,-17,-13,-10,-7,-13,-20,-22,-13,-11,-11,-9,-6,-3,-3,-6,-5,-1,2,3,0,0,-2,-7,-9,-8,-8,-6,-3,0,1,0,-2,-1,-2,-5,-7,-5,-3,-2,-2,-3,-1,0,-1,-3,-2,0,1,-3,-3,-1,0,0,0,0,0,0,0,-1,-1,0,0
-13,-17,-25,-24,-22,-33,-28,-25,-49,-65,-70,-69,-64,-50,-41,-53,-65,-24,46,157,218,189,104,78,84,84,94,97,91,93,64,15,-9,-33,-45,-38,-58,-50,-64,-70,-53,-45,-43,-49,-56,-60,-50,-40,-31,-22,-20,-16,-9,-4,-3,-5,-3,1,1,-4,-5,-2,-3,-4,-5,-5,-5,-5,-4,-2,-1,-2,-2,-1,-2,-3,-2,-2,-2,-2,-2,-1,-2,-2,-2,-2,-2,-1,-1,-2,-1,-2,-2,-2,-2,-1,-2,-3,-2,-1
0,-6,-24,-36,-62,-86,-99,-104,-98,-92,-74,-54,-44,-69,-47,-12,37,115,195,205,150,99,68,61,72,94,109,112,61,49,12,-11,-10,-26,-42,-44,-46,-57,-77,-76,-62,-50,-43,-34,-27,-29,-28,-21,-21,-24,-22,-13,-8,-7,-8,-7,-8,-6,-6,-7,-8,-6,-4,-3,-3,-2,-2,-3,-3,-3,-3,-2,-4,-6,-7,-6,-3,-3,-2,-3,-4,-5,-5,-4,-3,-3,-5,-4,-2,-1,-2,-3,-3,-3,-3,-3,-4,-2,-3,-5
-78,-51,-72,-97,-125,-156,-164,-163,-161,-147,-133,-104,-65,-32,-14,9,20,46,60,100,150,162,133,100,86,98,111,112,94,51,29,0,-32,-30,-26,-49,-52,-47,-62,-67,-66,-57,-58,-53,-42,-37,-36,-37,-33,-25,-24,-27,-28,-27,-23,-18,-14,-8,-6,-7,-7,-4,-1,0,0,-3,-3,-2,-5,-7,-8,-9,-9,-9,-10,-11,-12,-10,-9,-8,-8,-8,-8,-9,-8,-7,-7,-6,-6,-7,-7,-7,-8,-10,-10,-9,-9,-9,-8,-8
-17,-30,-40,-39,-45,-67,-87,-113,-109,-103,-110,-94,-82,-62,-40,-24,-17,-4,49,92,155,165,125,88,74,75,84,89,95,96,70,32,6,-37,-50,-35,-32,-39,-46,-47,-45,-57,-60,-49,-42,-46,-40,-35,-32,-33,-32,-28,-24,-22,-19,-14,-10,-10,-11,-9,-5,-3,-3,-5,-5,-4,-4,-3,-3,-4,-4,-4,-4,-4,-5,-6,-6,-7,-7,-6,-7,-8,-6,-4,-4,-5,-5,-4,-3,-3,-5,-6,-6,-5,-6,-7,-5,-4,-5,-6
-50,-61,-72,-94,-108,-107,-108,-105,-102,-88,-79,-57,-30,-27,-10,37,83,132,157,138,103,82,74,64,57,54,45,25,19,5,3,-8,-16,-15,-16,-51,-61,-54,-73,-66,-51,-45,-36,-18,-15,-15,-10,-6,-3,-3,-4,-1,2,6,10,13,14,15,15,16,16,14,13,14,16,16,16,15,14,13,12,12,14,15,13,12,10,9,10,13,15,14,14,15,14,15,17,16,16,16,16,15,17,17,16,15,16,16,15,15
-5,-8,20,27,13,-29,-52,-53,-63,-70,-63,-52,-37,-18,-21,-2,45,93,140,151,130,109,84,69,71,83,85,60,38,14,-5,-4,-16,-32,-29,-45,-56,-56,-44,-39,-28,-16,-3,15,21,8,-17,-18,-12,-6,-4,-7,-16,-15,-10,-4,-5,-7,-8,-8,-7,-6,-8,-10,-11,-10,-11,-14,-12,-9,-10,-14,-14,-11,-8,-10,-11,-9,-9,-9,-9,-9,-9,-10,-10,-9,-10,-10,-11,-11,-10,-9,-9,-9,-9,-8,-9,-11,-13,-12
-13,-36,-40,-39,-53,-63,-73,-89,-97,-115,-117,-100,-73,-42,-15,-1,33,92,133,136,121,98,77,72,78,85,79,65,35,2,1,-1,-6,-23,-49,-54,-75,-72,-71,-70,-55,-41,-28,-22,-16,-16,-14,-12,-10,-9,-6,-2,-4,-8,-10,-15,-10,-2,4,0,-4,-4,-3,-1,-2,-2,-4,-6,-5,-6,-6,-7,-7,-5,-4,-2,-2,-2,-2,-1,-1,-2,-3,-3,-3,-4,-3,-3,-3,-3,-1,-1,-2,-1,-1,-2,-3,-2,-2,-3
0,-4,-2,-4,-15,-10,-12,-19,-15,-20,-22,-28,-21,-7,-13,-18,0,53,113,132,115,92,75,68,70,75,77,65,62,33,-2,-1,-28,-52,-49,-52,-49,-49,-51,-45,-27,-23,-23,-26,-26,-24,-22,-18,-10,-2,-6,-10,-10,-5,-4,-4,-6,-6,-6,-6,-7,-8,-8,-8,-9,-7,-5,-5,-5,-4,-3,-3,-3,-3,-3,-3,-4,-4,-3,-3,-3,-2,-3,-3,-2,-1,-2,-3,-1,-1,-3,-3,-2,-3,-4,-4,-2,-1,-1,-3
-56,-77,-96,-103,-110,-128,-141,-136,-130,-121,-103,-79,-46,-3,65,130,173,176,148,111,88,70,51,43,36,23,7,1,-27,-32,-36,-57,-69,-73,-91,-93,-74,-54,-47,-48,-44,-42,-42,-42,-39,-35,-25,-16,-16,-18,-20,-19,-13,-6,-7,-12,-13,-10,-5,-5,-9,-11,-11,-11,-12,-12,-12,-11,-12,-12,-12,-11,-11,-10,-10,-9,-8,-10,-12,-13,-12,-12,-12,-11,-10,-10,-10,-10,-10,-10,-11,-12,-11,-10,-11,-11,-10,-10,-9,-10
-32,-42,-53,-55,-75,-98,-114,-118,-123,-115,-101,-89,-80,-50,-24,-2,60,134,187,190,156,117,101,94,85,63,56,39,11,-6,-16,-24,-41,-62,-53,-45,-41,-32,-33,-25,-8,3,-9,-8,1,-1,-5,-1,-2,-7,-15,-17,-10,-5,-7,-9,-9,-7,-7,-8,-8,-9,-10,-10,-11,-11,-11,-11,-10,-10,-9,-9,-8,-8,-9,-10,-11,-10,-9,-8,-9,-9,-9,-9,-9,-10,-9,-10,-10,-9,-9,-9,-9,-9,-9,-9,-9,-9,-9,-9
-15,-22,-45,-73,-102,-133,-162,-167,-152,-124,-86,-39,-6,23,60,92,117,122,113,100,84,81,95,117,142,139,77,54,-6,-51,-61,-78,-94,-93,-98,-87,-75,-61,-46,-34,-27,-29,-24,-18,-23,-29,-30,-22,-21,-25,-23,-15,-13,-21,-22,-19,-18,-17,-19,-20,-19,-18,-19,-20,-19,-19,-19,-17,-16,-16,-17,-17,-16,-16,-16,-16,-16,-16,-15,-15,-14,-14,-15,-16,-16,-16,-15,-14,-14,-15,-16,-15,-15,-16,-15,-15,-15,-16,-15,-15
-33,-50,-64,-70,-86,-108,-137,-125,-121,-117,-112,-95,-56,-14,21,29,81,94,97,92,70,62,80,106,105,71,29,7,-34,-59,-46,-78,-62,-73,-65,-53,-49,-50,-45,-33,-27,-28,-31,-30,-31,-31,-29,-24,-20,-17,-13,-11,-11,-9,-10,-12,-14,-16,-18,-19,-18,-16,-13,-12,-14,-13,-12,-13,-14,-15,-16,-15,-13,-12,-10,-12,-12,-13,-13,-13,-14,-13,-13,-13,-13,-13,-12,-12,-13,-14,-13,-13,-12,-11,-12,-13,-13,-13,-13,-13
-31,-68,-86,-95,-116,-145,-166,-178,-173,-160,-139,-112,-77,-28,11,46,72,99,108,91,76,69,62,64,65,57,33,5,-15,-37,-56,-62,-89,-110,-107,-87,-81,-74,-61,-54,-43,-37,-32,-24,-18,-18,-19,-19,-17,-14,-8,-4,-4,-2,-4,-7,-7,-9,-11,-10,-9,-10,-12,-12,-11,-11,-10,-10,-9,-9,-9,-8,-8,-8,-8,-8,-7,-7,-7,-7,-7,-6,-6,-6,-6,-7,-7,-7,-7,-6,-6,-6,-7,-7,-7,-7,-7,-7,-7,-6
-18,-32,-40,-47,-58,-72,-92,-106,-115,-118,-113,-97,-79,-52,-11,28,61,81,89,91,83,72,71,73,69,63,60,39,22,14,-4,-16,-31,-34,-55,-80,-78,-89,-102,-97,-73,-62,-49,-37,-23,-14,-14,-7,-2,-3,-7,-7,-6,-6,-9,-12,-11,-4,0,0,0,-1,-2,-3,-5,-7,-7,-7,-6,-6,-5,-4,-2,-1,-2,-2,-3,-2,-3,-3,-3,-2,-2,-2,-2,-2,-2,-1,-5,-4,0,0,0,-1,-2,-2,-3,-3,-2,-2
-25,-53,-76,-87,-108,-135,-151,-161,-154,-129,-102,-66,-30,2,28,58,82,101,107,110,106,98,88,85,77,57,42,24,1,-11,-28,-49,-69,-76,-93,-100,-104,-97,-80,-68,-55,-53,-49,-39,-30,-24,-22,-21,-19,-16,-14,-13,-13,-10,-9,-7,-5,-3,-3,-4,-5,-7,-10,-12,-10,-10,-11,-12,-10,-9,-9,-9,-9,-9,-8,-8,-9,-8,-8,-7,-7,-7,-7,-6,-7,-7,-7,-7,-7,-7,-7,-6,-6,-7,-7,-7,-8,-7,-7,-7
-21,-26,-43,-65,-87,-107,-118,-115,-107,-95,-78,-56,-20,3,20,29,45,65,84,92,93,89,84,78,77,83,88,85,70,58,50,28,5,-25,-60,-70,-88,-103,-93,-90,-83,-73,-55,-35,-23,-17,-22,-25,-26,-27,-25,-17,-12,-7,-3,-2,-1,1,0,-4,-6,-6,-6,-6,-7,-7,-6,-5,-4,-3,-3,-4,-4,-4,-4,-4,-3,-3,-3,-4,-3,-3,-3,-3,-3,-3,-3,-3,-3,-3,-2,-3,-4,-4,-3,-2,-2,-2,-3,-2
-25,-41,-64,-96,-130,-156,-167,-167,-156,-130,-99,-63,-39,-20,4,35,64,81,91,96,95,92,93,96,86,70,49,24,-1,-26,-51,-80,-99,-111,-120,-125,-115,-102,-93,-67,-44,-32,-24,-19,-16,-19,-21,-21,-20,-18,-16,-14,-13,-10,-6,-6,-5,-2,-1,-2,-3,-4,-5,-8,-9,-10,-11,-12,-11,-8,-6,-5,-4,-3,-3,-4,-5,-5,-6,-6,-6,-6,-5,-5,-4,-5,-4,-4,-4,-4,-4,-4,-4,-4,-3,-4,-3,-4,-4,-4
-20,-34,-45,-62,-84,-106,-126,-137,-133,-121,-103,-79,-46,-20,3,34,56,69,77,79,80,86,94,93,87,83,69,49,30,3,-24,-53,-71,-86,-93,-91,-79,-70,-59,-44,-38,-35,-25,-13,-9,-13,-15,-12,-9,-8,-9,-10,-8,-4,0,0,0,0,-1,-3,-5,-6,-6,-4,-4,-3,-3,-3,-3,-4,-3,-4,-4,-4,-4,-4,-3,-3,-3,-2,-2,-3,-3,-3,-3,-2,-3,-3,-3,-2,-3,-3,-3,-2,-2,-3,-3,-3,-3,-3
19,12,-8,-35,-56,-89,-105,-105,-109,-97,-80,-59,-20,18,39,50,44,41,56,74,88,100,107,108,105,97,72,48,25,-10,-38,-52,-79,-61,-37,-51,-55,-29,-22,-40,-45,-35,-18,-10,-13,-16,-17,-16,-14,-16,-17,-11,-6,-3,-3,-3,0,-1,-6,-10,-11,-12,-13,-14,-13,-10,-9,-10,-9,-9,-10,-10,-9,-9,-10,-10,-9,-9,-9,-10,-9,-9,-9,-9,-9,-9,-10,-10,-9,-9,-8,-7,-7,-8,-8,-9,-10,-9,-8,-8
-14,-37,-66,-105,-132,-146,-136,-102,-84,-87,-109,-41,-19,1,-9,-6,-25,-53,-70,-63,-43,-39,-33,-23,-34,-35,-58,-59,-54,-53,-48,-57,-62,-63,-55,-41,-28,-21,-8,9,18,10,-1,-8,-10,-7,-4,-5,-8,-7,-4,-2,-3,-5,-4,-4,-4,-5,-5,-5,-4,-3,-2,-2,-2,-2,-3,-2,-2,-1,-1,-1,0,0,-2,-3,-2,-1,0,0,0,0,1,0,-1,0,2,1,1,1,2,1,1,1,1,1,1,1,1,0
-37,-64,-85,-111,-124,-145,-155,-137,-111,-101,-99,-9,12,-30,-39,-40,-41,-54,-63,-68,-76,-79,-80,-74,-65,-39,-18,-5,-1,-22,-30,-44,-70,-61,-62,-71,-65,-54,-44,-37,-26,-17,-6,-2,-5,-12,-15,-12,-4,8,9,3,-1,-5,-7,-7,-6,-7,-8,-7,-5,-3,-2,-2,-6,-5,-2,-3,-5,-5,-5,-7,-9,-7,-8,-8,-4,-2,-4,-4,-5,-7,-8,-8,-5,-4,-6,-5,-4,-5,-6,-5,-5,-5,-5,-4,-5,-5,-4,-3
-43,-72,-91,-93,-86,-73,-41,-25,-42,-108,-157,-119,-94,-51,-43,-54,-69,-82,-91,-91,-89,-85,-78,-62,-40,-30,-26,-20,-30,-47,-62,-81,-72,-83,-94,-97,-74,-54,-48,-55,-59,-59,-59,-47,-25,-1,6,4,5,2,-2,-5,-8,-7,-6,-7,-6,-9,-13,-14,-13,-12,-11,-9,-6,-6,-8,-8,-2,2,2,0,0,-1,-3,-6,-8,-8,-8,-6,-5,-5,-4,-2,-1,-2,-3,-4,-4,-5,-5,-4,-2,-2,-3,-4,-3,-2,-2,-3
-78,-92,-106,-124,-138,-139,-132,-116,-97,-87,-64,-32,-32,-33,-30,-37,-40,-56,-71,-82,-88,-83,-79,-72,-61,-50,-24,-18,-21,-30,-44,-54,-71,-67,-62,-74,-69,-53,-60,-64,-48,-32,-23,-22,-19,-16,-13,-10,-5,-2,0,1,2,4,5,5,6,5,3,0,-1,-1,-2,-1,-2,-1,-3,-4,-4,-2,-2,-2,-2,-1,0,0,0,0,0,-1,-1,-1,-2,-1,0,-1,-2,-1,-1,0,0,-1,-1,0,-1,-1,0,0,0,0
-49,-78,-112,-150,-165,-151,-123,-109,-103,-33,-108,-62,-35,-16,-12,-22,-52,-68,-79,-82,-77,-68,-55,-36,-20,-15,-21,-30,-51,-58,-87,-88,-78,-96,-86,-78,-76,-63,-49,-39,-33,-29,-24,-19,-12,-6,-6,-6,-1,1,1,2,4,3,3,8,12,8,2,1,2,0,0,2,1,-1,-2,-3,-2,-1,0,0,-2,-2,0,2,5,4,3,3,3,3,2,1,1,1,0,0,0,1,1,1,2,3,2,4,5,4,4,8
-64,-90,-122,-144,-143,-115,-87,-74,-78,-85,-40,-69,-43,-36,-32,-35,-43,-55,-68,-82,-90,-91,-83,-71,-56,-40,-26,-31,-43,-57,-71,-78,-90,-85,-82,-90,-74,-57,-46,-39,-34,-30,-27,-22,-18,-13,-6,-1,0,0,0,-1,-3,-2,0,6,11,15,15,12,11,11,11,9,6,4,3,2,3,2,2,2,2,3,4,5,4,4,5,7,8,7,7,8,9,8,7,6,5,3,3,4,5,4,4,3,3,4,5,6
-65,-114,-161,-181,-179,-157,-129,-118,-123,-140,-126,-162,-71,-47,-32,-12,-25,-43,-61,-76,-83,-85,-80,-78,-73,-67,-60,-49,-29,-14,-13,-15,-29,-48,-72,-90,-88,-96,-106,-92,-87,-79,-70,-62,-47,-32,-24,-19,-13,-10,-9,-6,-3,-1,2,10,15,11,5,0,-3,-4,-4,-3,-2,-3,-3,-2,0,2,3,2,1,1,0,0,-1,-2,-1,0,0,-1,-2,-1,0,0,0,-1,-1,0,0,0,-2,-2,-1,-1,0,0,-1,-1
-35,-53,-75,-106,-154,-181,-179,-141,-97,-71,12,-5,-2,-19,-9,-13,-28,-50,-73,-85,-90,-85,-78,-72,-66,-64,-60,-48,-23,-1,8,2,-6,-31,-50,-65,-82,-98,-113,-91,-56,-40,-49,-54,-41,-24,-12,-9,-10,-7,-3,-2,1,4,3,2,3,5,6,4,2,2,3,5,6,9,12,10,7,5,5,5,3,3,3,1,2,2,2,2,5,6,5,5,6,8,8,9,8,6,5,4,4,5,5,5,4,5,3,3
-81,-89,-94,-100,-93,-77,-103,-144,-100,-83,-21,-31,-31,-39,-48,-58,-61,-63,-65,-69,-64,-58,-66,-59,-61,-63,-50,-52,-68,-69,-77,-70,-67,-71,-63,-54,-52,-43,-30,-22,-20,-22,-22,-21,-19,-16,-11,-5,-2,-1,3,6,8,10,11,8,8,8,6,3,2,2,2,1,0,-2,-2,-2,0,0,0,2,4,3,2,1,2,2,1,0,1,1,1,1,1,0,1,1,2,2,1,1,2,2,2,1,2,1,1,0
-15,-46,-99,-150,-179,-188,-170,-146,-116,-105,-72,-55,-5,-14,-12,-8,-26,-50,-65,-75,-83,-84,-81,-72,-60,-33,-11,4,1,-3,-18,-41,-61,-81,-91,-109,-97,-76,-57,-39,-24,-18,-18,-17,-16,-14,-10,-7,-4,0,0,0,0,1,3,6,7,6,4,3,2,2,1,0,0,0,0,0,0,0,0,1,2,3,2,1,0,1,1,0,0,0,0,0,0,0,1,1,0,1,1,0,0,0,0,0,1,2,1,0
-45,-88,-135,-169,-189,-175,-149,-117,-80,2,-94,-52,-50,-40,-18,-17,-39,-55,-64,-61,-52,-29,-10,2,-8,-27,-47,-76,-101,-96,-96,-92,-76,-65,-55,-43,-33,-27,-23,-23,-19,-14,-10,-7,-1,1,0,-1,-2,-3,-2,1,5,6,2,1,0,-3,-4,-4,-4,-5,-4,-2,-3,-2,-1,0,0,0,0,0,0,-1,0,0,0,-1,-1,0,0,0,0,0,0,0,0,0,0,0,0,0,0,0,0,0,0,0,0,0
-19,-55,-94,-135,-171,-179,-158,-133,-100,-75,13,-7,-6,-27,-13,-17,-35,-51,-62,-61,-45,-24,-7,-3,-13,-24,-49,-68,-81,-97,-94,-84,-75,-57,-45,-38,-34,-30,-25,-17,-13,-11,-10,-8,-7,-6,-1,2,2,3,4,4,2,1,0,-2,-4,-6,-8,-9,-9,-7,-5,-4,-2,-2,-2,-2,-2,-2,-3,-4,-4,-5,-4,-4,-4,-3,-3,-2,-2,-2,-3,-3,-3,-3,-4,-4,-3,-4,-3,-2,-2,-3,-3,-4,-3,-3,-3,-3
-57,-86,-130,-163,-185,-187,-175,-154,-124,-104,-59,-46,-21,-25,-16,-17,-38,-55,-59,-53,-23,-13,-9,-11,-27,-36,-52,-93,-94,-85,-83,-66,-48,-39,-22,-25,-26,-20,-15,-15,-16,-12,-6,-3,-1,0,2,2,1,-1,-3,-4,-6,-6,-7,-7,-8,-7,-6,-6,-6,-6,-5,-5,-5,-5,-4,-4,-5,-5,-5,-6,-6,-5,-5,-5,-5,-4,-5,-6,-5,-4,-4,-5,-6,-6,-6,-5,-4,-4,-5,-5,-6,-6,-6,-6,-5,-5,-4,-4
-76,-141,-175,-183,-182,-156,-124,-94,-78,-70,-62,-45,-35,-29,-14,-14,-25,-36,-32,0,12,18,-3,-43,-77,-88,-61,-59,-57,-51,-43,-33,-24,-28,-28,-26,-21,-15,-12,-11,-12,-11,-10,-8,-6,-3,-1,0,0,0,-1,-3,-6,-8,-9,-9,-9,-8,-6,-5,-4,-3,-1,-1,-2,-3,-4,-5,-5,-5,-5,-5,-4,-3,-3,-3,-4,-3,-4,-5,-5,-4,-4,-4,-3,-3,-3,-4,-4,-4,-3,-3,-4,-4,-4,-4,-3,-3,-3,-3
-80,-122,-159,-182,-170,-131,-105,-80,-73,-55,-3,-17,-31,-21,-30,-70,-71,-66,-56,-35,-14,-7,-8,-31,-63,-75,-93,-86,-102,-114,-115,-94,-73,-60,-46,-38,-35,-29,-21,-16,-16,-17,-17,-16,-10,-5,-5,-7,-10,-10,-11,-13,-13,-13,-12,-12,-11,-10,-10,-10,-9,-9,-8,-7,-7,-7,-7,-7,-8,-7,-7,-7,-6,-7,-6,-6,-6,-7,-7,-6,-5,-5,-5,-4,-4,-5,-5,-5,-6,-6,-6,-5,-5,-5,-5,-5,-5,-6,-6,-6
-77,-120,-163,-186,-196,-163,-106,-76,-70,7,-77,-24,-39,-30,-21,-30,-47,-53,-39,-8,12,15,-1,-23,-59,-96,-95,-92,-87,-84,-79,-51,-35,-31,-23,-18,-13,-10,-10,-11,-13,-12,-10,-3,3,7,5,4,7,5,2,0,-1,-2,-3,-3,-3,-3,-3,-3,-3,-2,-3,-3,-3,-2,-3,-3,-3,-3,-4,-4,-3,-3,-2,-2,-2,-2,-2,-2,-3,-3,-3,-2,-2,-2,-3,-3,-1,-1,-2,-2,-3,-3,-3,-2,-2,-3,-3,-2
-49,-88,-124,-150,-164,-165,-152,-143,-122,-98,-69,-60,-26,-27,-18,-7,-20,-33,-45,-26,-10,-9,-21,-34,-50,-74,-112,-115,-88,-71,-65,-57,-53,-51,-44,-36,-29,-22,-17,-13,-7,-4,-1,1,2,1,0,-1,-4,-5,-6,-7,-8,-8,-7,-6,-5,-3,-2,-2,-3,-1,-1,-3,-7,-8,-8,-6,-5,-5,-4,-4,-4,-4,-3,-3,-4,-4,-5,-4,-3,-4,-4,-3,-3,-4,-4,-3,-3,-3,-4,-4,-4,-3,-3,-3,-4,-4,-3,-3
-61,-103,-120,-149,-177,-178,-144,-117,-91,-79,-37,-15,-27,-30,-21,-34,-53,-63,-68,-55,-32,-7,10,11,-7,-37,-58,-78,-77,-73,-76,-68,-49,-34,-36,-37,-31,-18,-3,-5,-10,-9,-5,-5,-6,-7,-7,-8,-9,-9,-8,-7,-7,-6,-5,-5,-5,-5,-6,-7,-7,-7,-6,-6,-5,-5,-5,-5,-5,-5,-4,-4,-5,-5,-5,-4,-4,-4,-3,-3,-4,-4,-3,-3,-2,-2,-2,-2,-2,-2,-2,-2,-3,-4,-3,-2,-1,-1,-1,-1
-61,-124,-166,-187,-173,-120,-75,-47,-45,-62,-28,-47,-31,-16,-13,-22,-29,-11,5,3,-8,-31,-70,-99,-109,-103,-81,-70,-64,-49,-30,-17,-13,-14,-13,-11,-9,-8,-6,-4,-2,-1,0,0,0,-2,-4,-6,-8,-6,-6,-7,-8,-7,-7,-8,-6,-4,-4,-5,-6,-7,-8,-9,-11,-10,-9,-8,-6,-6,-6,-7,-8,-8,-8,-8,-8,-8,-7,-7,-7,-7,-7,-8,-8,-8,-8,-8,-7,-8,-8,-7,-7,-8,-9,-10,-9,-9,-8,-9
-86,-139,-173,-188,-182,-162,-120,-90,-71,-68,-40,-4,-26,-32,-10,-13,-31,-43,-37,-19,-15,-11,-23,-45,-70,-98,-117,-112,-91,-65,-63,-63,-54,-39,-23,-14,-12,-12,-18,-24,-21,-12,-7,-7,-8,-9,-10,-14,-16,-15,-12,-12,-12,-13,-13,-12,-12,-11,-9,-8,-8,-8,-10,-11,-8,-5,-4,-6,-7,-8,-9,-9,-9,-9,-8,-7,-6,-6,-5,-4,-4,-5,-5,-6,-6,-6,-6,-6,-6,-5,-5,-5,-5,-6,-6,-6,-7,-6,-6,-5
-24,-21,-2,27,67,89,104,117,118,111,92,81,78,69,61,60,55,46,33,24,2,-26,-40,-38,-26,-15,2,14,16,18,23,29,58,85,95,102,104,81,58,48,40,27,22,22,18,15,17,17,13,10,10,11,13,14,14,13,13,12,10,10,9,10,9,6,4,3,3,3,4,5,5,7,6,4,4,4,3,3,4,4,5,5,4,3,2,2,2,2,2,2,2,2,2,3,2,2,1,1,1,2
89,64,-39,-85,-93,-89,-80,-21,65,104,147,140,104,73,69,74,71,48,10,-16,-15,-25,-35,-38,-35,-16,4,5,21,26,17,17,37,55,58,50,69,108,104,67,37,28,28,36,35,27,16,7,3,2,3,4,4,2,0,-1,0,1,4,7,9,11,9,5,3,0,0,-1,-1,0,0,0,0,0,0,1,1,1,2,3,3,2,1,2,2,2,2,1,0,0,0,0,0,0,0,2,2,1,0,0
-3,-22,-46,-43,-49,-30,20,82,91,70,61,63,68,67,62,53,35,14,1,-3,-5,-8,0,8,10,13,18,20,14,12,5,-3,4,28,39,37,48,52,56,62,56,38,18,2,-6,-9,-8,-9,-10,-9,-7,-4,-2,-1,0,0,0,0,1,2,2,3,2,2,2,2,3,1,0,0,0,0,0,0,0,0,1,2,2,2,2,1,1,1,0,1,1,2,1,1,2,2,2,2,2,3,2,2,2,3
8,13,36,55,43,21,14,21,41,72,105,124,115,97,87,65,43,35,32,33,34,36,29,18,7,0,-5,3,30,49,73,114,137,137,134,146,138,120,105,92,79,66,52,42,35,26,16,12,9,9,11,14,15,15,14,13,12,11,9,10,10,9,7,5,3,4,3,3,2,3,4,3,3,4,6,7,8,7,8,9,9,8,8,7,7,5,5,3,3,4,5,7,7,6,8,10,11,10,11,12
10,19,38,41,31,31,42,54,64,72,81,81,80,86,77,65,58,40,30,23,9,5,7,20,32,36,48,60,69,78,99,109,104,86,74,78,73,74,81,78,69,56,46,39,33,27,24,22,19,19,20,18,16,13,9,5,2,1,3,6,8,10,10,10,8,8,10,11,11,14,15,15,13,10,6,3,2,2,2,2,3,5,6,7,8,9,8,7,6,5,6,5,4,4,3,3,3,5,7,7
-25,11,46,51,55,59,62,60,73,91,107,113,119,119,120,119,101,78,51,29,9,-12,-22,-20,-23,-37,-45,-41,-32,-10,13,33,45,60,76,84,75,60,45,35,30,24,17,9,3,1,2,4,6,6,4,0,-1,-1,0,2,4,4,2,1,1,1,2,3,5,8,9,8,7,5,4,3,3,3,3,4,5,4,2,2,2,2,3,4,4,4,3,2,2,2,2,2,2,3,3,4,4,4,4,5
14,25,25,31,51,49,49,54,58,63,71,77,87,99,110,115,113,100,93,79,62,48,38,30,20,5,-12,-14,-21,-33,-42,-29,5,28,36,49,63,78,70,61,69,65,57,49,40,30,20,13,10,10,12,11,9,6,5,3,2,0,-1,0,0,3,6,8,7,4,2,3,9,13,14,14,13,13,12,10,9,6,5,4,4,4,4,5,6,7,8,8,9,9,10,9,8,7,6,6,5,5,5,6
-38,-50,-49,-33,-28,-19,0,25,44,52,65,78,86,88,76,41,10,-14,-30,-44,-71,-106,-100,-62,-25,-5,19,68,107,127,126,119,113,96,77,56,40,29,21,15,12,9,4,2,3,2,1,0,0,1,3,5,7,10,12,14,17,19,18,16,14,13,11,9,7,6,6,6,6,6,6,7,9,10,10,10,10,10,11,12,13,12,12,13,13,13,13,12,12,12,12,12,13,13,12,12,12,13,14,14
38,63,63,70,93,115,138,161,170,163,151,135,118,99,65,31,22,8,-5,-15,-23,-21,-7,0,-3,-1,4,18,56,125,172,185,189,190,152,103,62,38,24,15,13,15,14,14,16,16,15,16,16,15,16,15,16,16,14,13,13,13,14,14,14,13,13,13,13,11,10,9,8,7,7,8,8,8,9,9,9,10,10,11,11,11,10,11,11,11,10,10,10,10,11,12,12,13,13,13,13,13,12,11
-19,-11,-4,-3,15,55,90,107,108,109,113,110,108,104,94,71,33,7,-4,-11,-15,-19,-33,-47,-40,-5,36,71,87,100,120,115,108,127,103,69,51,45,35,28,24,24,25,25,26,25,22,20,19,19,18,18,18,18,16,12,10,10,11,13,14,14,14,14,13,14,15,17,17,16,16,16,17,16,16,16,15,15,16,16,15,13,11,11,11,12,12,12,13,13,13,14,15,16,16,16,17,17,18,21
53,34,47,65,92,110,115,125,136,133,122,112,107,96,78,51,35,13,-3,-17,-19,-14,-8,-1,5,12,37,47,58,77,89,121,143,142,133,128,106,83,62,51,49,46,41,37,35,33,32,34,36,32,28,25,23,23,22,21,19,18,17,18,17,16,14,13,11,11,13,15,16,17,15,14,12,12,13,13,13,13,13,11,9,8,10,13,15,15,13,12,12,13,11,11,12,12,11,9,11,14,14,14
-10,0,31,62,88,101,96,74,52,53,65,70,79,89,80,57,16,-17,-35,-37,-34,-32,-38,-24,1,30,67,81,84,90,96,110,124,105,73,49,39,31,24,21,19,19,18,16,10,7,5,4,5,9,11,13,13,13,13,13,12,10,7,8,10,11,12,12,10,7,5,4,3,4,5,5,4,4,3,3,4,5,7,8,8,8,7,7,8,8,8,8,8,8,8,14,13,9,9,15,18,19,20,21
20,40,85,115,125,129,124,112,107,106,103,96,79,46,36,22,14,8,0,-5,-16,-25,-28,-22,-2,29,55,68,82,119,142,152,151,126,90,51,19,0,-7,-11,-9,-7,-8,-9,-7,-5,-2,-1,1,3,5,5,6,9,9,9,8,7,8,7,5,4,3,3,3,2,3,4,4,5,6,6,5,5,6,6,5,5,5,4,4,4,4,5,5,5,5,5,5,5,4,4,4,4,5,5,5,5,5,4
-11,-25,-41,-54,-50,-34,-20,6,47,81,94,100,106,114,119,118,116,107,99,88,67,42,28,7,-11,-37,-64,-72,-30,21,58,92,132,149,146,161,163,140,109,84,67,49,31,14,8,1,0,0,0,-3,-5,-8,-6,0,7,9,7,6,5,3,1,2,3,4,3,3,3,3,2,3,4,3,3,3,2,3,3,3,3,2,3,3,4,4,4,4,3,4,4,4,3,2,3,3,3,3,3,3,4,4
-6,-54,-58,-39,-12,39,78,102,110,106,103,100,103,110,95,88,82,46,-4,-35,-39,-27,-15,-12,4,30,42,46,61,96,116,126,148,140,108,89,74,58,41,30,22,13,6,2,0,-2,-6,-7,-4,-3,-2,0,1,2,0,0,0,1,2,1,0,0,-1,-1,1,3,4,4,3,2,2,2,1,1,0,0,0,0,0,0,0,0,0,1,1,1,1,0,0,0,0,1,1,0,1,1,1,2,2,2
14,17,23,23,11,-16,-48,-28,43,80,103,124,140,147,147,145,141,122,101,79,50,31,8,-7,-13,-24,-20,-4,4,18,32,62,84,100,108,111,117,122,112,95,81,72,66,51,36,22,14,8,4,0,-4,-6,-7,-6,-5,-3,-2,2,6,7,7,9,10,11,11,9,9,8,7,7,6,6,4,4,4,5,5,5,4,4,3,3,3,3,3,3,3,3,3,3,3,2,3,3,4,5,4,3,2,2
32,14,-25,-63,-83,-67,-53,-51,-34,-2,38,72,100,122,142,147,138,117,92,72,57,38,17,-10,-35,-35,-24,-20,-15,7,37,50,56,82,100,102,109,128,119,94,69,50,38,22,11,5,0,-6,-11,-12,-11,-12,-12,-10,-10,-8,-6,-4,-4,-1,4,5,4,2,2,1,0,-2,-3,-3,-2,-1,0,1,2,2,2,2,2,2,2,2,3,2,2,1,1,0,0,0,0,0,0,0,0,1,1,2,2,2
18,26,29,21,7,-9,-38,-39,11,88,141,178,183,174,163,164,166,160,144,113,67,29,7,-3,-12,-34,-63,-42,-3,15,24,43,71,87,108,135,143,133,119,96,75,57,41,29,25,23,19,11,5,1,-2,-3,-4,-4,-1,0,0,0,2,6,8,7,5,5,6,6,7,8,5,3,3,8,12,13,11,9,9,9,9,10,10,10,9,7,8,7,8,7,8,8,7,7,8,8,9,8,8,8,8,8
16,8,14,21,25,12,9,32,62,97,117,124,130,120,107,87,63,57,55,45,39,32,11,-7,-9,2,17,28,43,61,73,80,95,97,94,104,101,85,74,62,50,40,30,21,14,9,6,7,4,1,-1,-4,-7,-7,-7,-7,-5,-4,-2,-1,2,7,13,19,20,17,13,11,12,13,14,16,15,14,13,12,12,12,12,13,12,12,13,13,12,12,12,11,11,11,11,11,12,12,12,12,12,11,12,11
76,82,72,39,0,-40,-55,-33,-1,48,92,130,145,138,129,121,119,123,120,112,101,78,47,27,23,19,21,21,13,10,6,6,14,32,53,65,73,80,77,59,45,44,50,56,57,56,53,44,32,22,14,7,1,-1,-3,-5,-7,-7,-5,-2,-1,0,0,0,0,2,3,5,17,32,34,28,29,32,30,26,24,21,18,15,13,12,10,9,11,13,15,17,18,17,17,17,16,15,15,15,15,14,15,16
-23,-18,-16,-17,-16,-13,-11,-10,-12,-14,-15,-13,-14,-20,-25,-25,-25,-26,-26,-24,-20,-16,-13,-15,-21,-23,-23,-23,-23,-24,-23,-21,-17,-11,-6,0,5,9,7,-3,-23,-41,-51,-56,-53,-42,-29,-16,-7,-4,-4,-2,0,0,0,-1,-3,-7,-11,-14,-16,-16,-15,-16,-20,-21,-22,-23,-23,-22,-18,-16,-14,-14,-14,-12,-10,-9,-9,-8,-7,-9,-12,-14,-15,-18,-24,-23,-17,-16,-17,-18,-20,-22,-24,-24,-21,-20,-21,-19
-17,-19,-23,-27,-27,-25,-22,-20,-19,-19,-21,-22,-23,-21,-20,-21,-24,-27,-26,-23,-19,-17,-16,-16,-16,-14,-14,-15,-19,-22,-24,-27,-29,-30,-30,-29,-27,-25,-23,-21,-21,-22,-24,-24,-24,-23,-22,-21,-18,-15,-12,-8,-6,-7,-11,-13,-13,-9,-10,-9,-4,-5,-8,-9,-10,-7,-6,-11,-14,-15,-14,-11,-11,-18,-19,-14,-9,-5,-4,-2,-2,-1,-2,-3,-6,-8,-9,-10,-10,-10,-10,-11,-14,-17,-20,-22,-21,-20,-18,-18
-26,-21,-16,-13,-12,-13,-14,-16,-15,-13,-10,-9,-9,-8,-10,-8,-4,1,10,13,8,0,-5,-7,-7,-6,-1,5,9,6,0,-10,-19,-25,-28,-27,-25,-23,-21,-18,-18,-18,-18,-18,-18,-17,-15,-12,-9,-8,-8,-7,-7,-9,-12,-12,-10,-6,-3,-5,-8,-9,-9,-9,-6,-6,-10,-15,-21,-23,-22,-22,-21,-20,-19,-20,-22,-22,-21,-19,-17,-17,-20,-23,-23,-19,-11,-7,-7,-10,-14,-17,-16,-13,-11,-12,-13,-13,-13,-13
-55,-45,-36,-27,-19,-12,-6,-6,-9,-13,-15,-13,-10,-11,-16,-14,-6,-23,-22,-19,-17,-16,-14,-10,-5,-2,-2,-5,-12,-18,-23,-29,-35,-35,-35,-34,-32,-27,-22,-18,-16,-16,-16,-13,-10,-7,-7,-11,-17,-24,-10,17,7,-6,-6,-2,0,-1,-5,-7,-10,-14,-19,-22,-24,-26,-25,-22,-20,-21,-24,-26,-23,-19,-17,-16,-14,-11,-9,-10,-11,-14,-15,-6,-5,-8,-10,-8,-6,-6,-8,-9,-10,-13,-16,-21,-26,-30,-33,-32
-10,-14,-17,-19,-19,-16,-13,-12,-10,-8,-15,-28,-40,-45,-44,-42,-39,-35,-30,-25,-23,-25,-25,-23,-19,-17,-19,-23,-27,-27,-25,-22,-20,-20,-20,-20,-19,-19,-19,-18,-17,-16,-16,-17,-18,-18,-19,-20,-22,-22,-21,-21,-21,-22,-22,-22,-21,-20,-19,-18,-18,-20,-21,-21,-18,-17,-17,-17,-19,-21,-23,-22,-21,-20,-19,-19,-19,-19,-19,-19,-18,-18,-18,-18,-19,-19,-20,-20,-21,-21,-20,-20,-20,-19,-18,-18,-18,-19,-19,-19
49,43,16,0,7,7,3,-4,-12,-8,-6,-10,-4,3,4,8,13,22,27,25,20,13,7,4,0,-4,-11,-20,-31,-36,-36,-32,-22,-14,-8,-5,-9,-15,-19,-20,-19,-16,-15,-17,-19,-20,-20,-19,-18,-18,-18,-18,-18,-19,-19,-19,-18,-18,-19,-19,-18,-18,-19,-19,-19,-20,-20,-19,-19,-19,-19,-18,-18,-18,-18,-18,-19,-18,-19,-19,-20,-19,-19,-19,-19,-18,-18,-18,-18,-18,-18,-18,-18,-18,-19,-19,-19,-19,-18,-18
-43,-42,-35,-28,-21,-16,-9,-6,-6,-7,-8,-10,-13,-20,-29,-34,-35,-34,-31,-28,-24,-22,-23,-25,-26,-24,-20,-18,-18,-19,-21,-24,-26,-24,-19,-16,-14,-13,-13,-13,-11,-9,-7,-7,-9,-12,-12,-12,-12,-13,-14,-14,-13,-13,-14,-15,-17,-16,-15,-14,-14,-15,-16,-16,-17,-17,-16,-16,-16,-17,-17,-16,-15,-12,-12,-13,-15,-15,-16,-18,-19,-20,-21,-21,-21,-19,-17,-15,-15,-17,-20,-20,-20,-21,-21,-21,-22,-24,-26,-27
-33,-34,-35,-34,-31,-25,-17,-9,-3,-1,-4,-10,-17,-23,-26,-25,-22,-20,-19,-19,-6,-12,-12,-10,-7,-7,-9,-9,-9,-9,-8,-3,-1,-3,-8,-15,-21,-25,-28,-29,-27,-25,-23,-20,-20,-20,-18,-17,-18,-19,-19,-16,-15,-14,-15,-16,-19,-21,-22,-21,-20,-19,-18,-18,-18,-19,-19,-18,-17,-16,-18,-19,-19,-19,-18,-18,-19,-19,-20,-21,-20,-21,-22,-23,-23,-23,-24,-23,-21,-21,-21,-21,-20,-19,-19,-21,-22,-23,-22,-23
-40,-35,-29,-23,-20,-17,-12,-8,-4,-2,-2,-4,-5,-9,-13,-17,-20,-22,-24,-23,-24,-26,-28,-28,-28,-29,-31,-30,-29,-29,-29,-28,-28,-29,-26,-22,-20,-20,-20,-20,-19,-17,-18,-20,-22,-24,-23,-23,-23,-23,-24,-24,-24,-25,-25,-25,-23,-20,-19,-20,-21,-22,-23,-22,-21,-21,-21,-21,-21,-22,-23,-22,-22,-22,-22,-22,-22,-21,-20,-20,-20,-20,-21,-22,-22,-22,-23,-22,-22,-22,-21,-22,-22,-21,-22,-22,-20,-20,-20,-22
-11,-10,-17,-23,-34,-42,-44,-38,-29,-22,-18,-15,-16,-16,-13,-11,-14,-7,-3,-3,-7,-8,-8,-18,-16,-13,-9,-12,-20,-24,-28,-27,-22,-14,-15,-20,-25,-28,-27,-25,-22,-18,-16,-15,-17,-21,-24,-28,-30,-25,-20,-18,-19,-22,-23,-22,-20,-19,-20,-22,-22,-22,-23,-23,-23,-22,-22,-22,-22,-22,-22,-19,-20,-20,-20,-20,-19,-19,-19,-21,-22,-22,-21,-20,-22,-23,-22,-22,-21,-22,-22,-22,-23,-22,-22,-23,-22,-22,-22,-22
-37,-35,-31,-27,-19,-11,-3,0,3,2,-2,-9,-15,-17,-15,-13,-10,-6,-3,-2,-1,0,7,12,0,3,2,4,3,12,15,14,10,10,11,9,4,2,2,0,-1,0,0,2,4,0,6,9,7,4,4,8,5,5,11,10,12,15,11,13,15,12,8,7,9,8,9,11,12,16,18,16,14,14,13,13,12,10,9,9,10,13,14,13,17,17,15,13,13,14,13,14,15,11,8,10,10,10,10,9
-29,-26,-24,-21,-17,-13,-8,-5,-4,-7,-11,-13,-11,-13,-9,-13,-20,-16,-9,-3,0,-2,-6,-6,-1,5,8,4,-2,-16,-22,-27,-28,-28,-24,-20,-17,-17,-20,-22,-20,-19,-18,-14,-8,-2,2,6,7,2,-2,-4,-6,-8,-13,-17,-20,-22,-22,-23,-20,-10,0,5,3,0,-1,-1,-1,-3,-7,-11,-13,-13,-13,-12,-12,-13,-11,-11,-11,-11,-12,-13,-13,-14,-13,-11,-10,-11,-12,-12,-12,-12,-12,-13,-13,-15,-16,-16
-23,-20,-16,-12,-7,-5,-13,-29,-32,-27,-30,-34,-33,-31,-30,-30,-30,-30,-29,-28,-25,-20,-15,-11,-8,-10,-16,-22,-26,-29,-29,-27,-22,-16,-11,-9,-10,-15,-19,-23,-25,-25,-22,-19,-18,-21,-24,-24,-18,-10,-6,-9,-12,-14,-13,-12,-11,-12,-13,-16,-17,-17,-15,-15,-17,-18,-18,-19,-21,-22,-24,-25,-23,-20,-17,-14,-12,-9,-8,-9,-15,-19,-18,-11,-6,-8,-9,-9,-4,-4,-9,-13,-13,-8,-3,-2,-2,-5,-8,-9
-36,-33,-30,-26,-21,-16,-12,-8,-5,-1,2,4,5,4,2,-2,-7,-11,-15,-18,-20,-19,-18,-17,-14,-11,-9,-10,-14,-19,-22,-24,-23,-21,-17,-15,-14,-9,-11,-17,-18,-14,-7,3,13,19,15,6,0,-1,-2,-4,-7,-10,-12,-13,-15,-20,-23,-23,-21,-19,-17,-16,-15,-14,-14,-14,-15,-16,-16,-15,-7,-8,-20,-30,-30,-23,-14,-6,-3,-2,-2,-1,0,2,1,0,-4,-6,-8,-9,-16,-18,-18,-17,-16,-16,-17,-18
-26,-25,-21,-14,-8,-2,2,6,9,9,7,2,-3,-10,-15,-24,-35,-39,-37,-34,-32,-27,-23,-20,-17,-16,-17,-16,-17,-16,-17,-22,-25,-25,-25,-22,-19,-15,-12,-9,-7,-4,-2,-1,-1,-2,-3,-6,-11,-13,-16,-17,-15,-14,-13,-13,-13,-13,-14,-15,-16,-15,-14,-16,-21,-24,-26,-27,-28,-27,-24,-20,-16,-16,-18,-21,-20,-17,-14,-12,-13,-15,-16,-16,-15,-16,-17,-16,-15,-13,-12,-13,-12,-12,-13,-12,-11,-11,-10,-10
-28,-28,-24,-21,-19,-17,-16,-16,-17,-20,-24,-27,-26,-25,-23,-23,-22,-18,-12,-5,-1,0,0,0,0,0,0,-1,-3,-8,-15,-18,-17,-16,-17,-17,-16,-14,-15,-17,-16,-15,-12,-9,-6,-8,-8,-7,-6,-6,-6,-6,-5,-5,-6,-6,-7,-7,-7,-8,-9,-11,-12,-15,-17,-17,-16,-14,-13,-12,-11,-11,-10,-10,-10,-10,-11,-12,-11,-11,-11,-10,-10,-9,-8,-8,-7,-8,-8,-9,-10,-10,-10,-11,-12,-13,-13,-13,-13,-12
-40,-40,-41,-40,-38,-34,-30,-27,-22,-17,-14,-14,-17,-20,-23,-31,-42,-51,-54,-54,-51,-49,-47,-47,-47,-41,-34,-24,-17,-15,-16,-18,-19,-17,-18,-22,-23,-28,-31,-34,-36,-36,-33,-28,-24,-21,-18,-18,-20,-25,-30,-34,-38,-41,-45,-46,-44,-42,-42,-42,-44,-47,-49,-50,-47,-44,-42,-42,-43,-42,-40,-38,-35,-35,-35,-32,-29,-29,-31,-37,-40,-42,-44,-44,-42,-42,-42,-42,-41,-42,-43,-43,-43,-43,-42,-41,-41,-41,-41,-41
-16,-16,-14,-8,-2,0,-5,-8,-11,-15,-18,-22,-23,-20,-17,-14,-10,-8,-6,-5,-5,-6,-6,-10,-19,-28,-39,-44,-40,-37,-33,-32,-33,-35,-37,-34,-31,-30,-29,-25,-14,22,26,10,-2,-10,-13,-4,-1,-4,-9,-12,-15,-19,-23,-25,-25,-25,-25,-23,-20,-19,-18,-18,-17,-19,-24,-30,-35,-40,-41,-40,-34,-26,-18,-11,-8,-7,-7,-6,-4,-3,-3,-5,-7,-9,-10,-9,-9,-13,-19,-23,-25,-25,-28,-27,-25,-24,-22,-21
-61,-51,-45,-36,-25,-26,-23,-13,-11,-16,-21,-24,-27,-30,-31,-31,-29,-25,-20,-19,-19,-17,-16,-12,-6,-4,2,4,-5,-14,-13,-12,-23,-37,-42,-35,-25,-23,-23,-24,-26,-27,-31,-34,-35,-35,-36,-33,-32,-33,-32,-29,-28,-23,-26,-27,-24,-20,-17,-19,-19,-18,-21,-29,-32,-30,-29,-30,-28,-26,-25,-25,-25,-27,-28,-29,-28,-27,-26,-27,-30,-32,-31,-28,-27,-27,-27,-25,-22,-23,-23,-22,-18,-17,-18,-20,-22,-23,-24,-24
77,77,57,43,32,27,27,20,9,1,-5,-11,-18,-23,-25,-24,-22,-19,-16,-16,-19,-23,-28,-30,-28,-23,-19,-18,-20,-24,-29,-33,-37,-37,-32,-22,-14,-14,-13,8,12,6,9,15,16,12,4,1,0,-6,-16,-22,-28,-36,-43,-45,-44,-41,-52,-64,-54,-36,-11,-10,-5,-4,-10,-16,-21,-28,-31,-28,-23,-23,-28,-32,-32,-26,-11,-2,-6,-11,-14,-16,-19,-21,-22,-23,-22,-22,-21,-20,-17,-15,-14,-14,-16,-17,-19,-21
